,Date,Province/State,indicator,value,Days
0,2020-01-22,Australian Capital Territory,Total cases,0.0,0
1,2020-01-22,Australian Capital Territory,Total cases per million,0.0,0
2,2020-01-22,Australian Capital Territory,New cases,0.0,0
3,2020-01-22,Australian Capital Territory,css_per_prsn,0.0,0
4,2020-01-22,Australian Capital Territory,New cases per week,0.0,0
5,2020-01-22,Australian Capital Territory,log10(Total cases),0.0,0
6,2020-01-22,Australian Capital Territory,log10(New cases per week),0.0,0
7,2020-01-22,Australian Capital Territory,Slope of power-law,0.0,0
8,2020-01-22,Australian Capital Territory,Acceleration of power-law,0.0,0
9,2020-01-22,Australian Capital Territory,Growth Rate,0.0,0
10,2020-01-22,Australian Capital Territory,Days since first case,0.0,0
11,2020-01-22,Australian Capital Territory,Average Growth Rate,0.0,0
12,2020-01-22,Australian Capital Territory,Doubling time,0.0,0
13,2020-01-22,New South Wales,Total cases,0.0,0
14,2020-01-22,New South Wales,Total cases per million,0.0,0
15,2020-01-22,New South Wales,New cases,0.0,0
16,2020-01-22,New South Wales,css_per_prsn,0.0,0
17,2020-01-22,New South Wales,New cases per week,0.0,0
18,2020-01-22,New South Wales,log10(Total cases),0.0,0
19,2020-01-22,New South Wales,log10(New cases per week),0.0,0
20,2020-01-22,New South Wales,Slope of power-law,0.0,0
21,2020-01-22,New South Wales,Acceleration of power-law,0.0,0
22,2020-01-22,New South Wales,Growth Rate,0.0,0
23,2020-01-22,New South Wales,Days since first case,0.0,0
24,2020-01-22,New South Wales,Average Growth Rate,0.0,0
25,2020-01-22,New South Wales,Doubling time,0.0,0
26,2020-01-22,Northern Territory,Total cases,0.0,0
27,2020-01-22,Northern Territory,Total cases per million,0.0,0
28,2020-01-22,Northern Territory,New cases,0.0,0
29,2020-01-22,Northern Territory,css_per_prsn,0.0,0
30,2020-01-22,Northern Territory,New cases per week,0.0,0
31,2020-01-22,Northern Territory,log10(Total cases),0.0,0
32,2020-01-22,Northern Territory,log10(New cases per week),0.0,0
33,2020-01-22,Northern Territory,Slope of power-law,0.0,0
34,2020-01-22,Northern Territory,Acceleration of power-law,0.0,0
35,2020-01-22,Northern Territory,Growth Rate,0.0,0
36,2020-01-22,Northern Territory,Days since first case,0.0,0
37,2020-01-22,Northern Territory,Average Growth Rate,0.0,0
38,2020-01-22,Northern Territory,Doubling time,0.0,0
39,2020-01-22,Queensland,Total cases,0.0,0
40,2020-01-22,Queensland,Total cases per million,0.0,0
41,2020-01-22,Queensland,New cases,0.0,0
42,2020-01-22,Queensland,css_per_prsn,0.0,0
43,2020-01-22,Queensland,New cases per week,0.0,0
44,2020-01-22,Queensland,log10(Total cases),0.0,0
45,2020-01-22,Queensland,log10(New cases per week),0.0,0
46,2020-01-22,Queensland,Slope of power-law,0.0,0
47,2020-01-22,Queensland,Acceleration of power-law,0.0,0
48,2020-01-22,Queensland,Growth Rate,0.0,0
49,2020-01-22,Queensland,Days since first case,0.0,0
50,2020-01-22,Queensland,Average Growth Rate,0.0,0
51,2020-01-22,Queensland,Doubling time,0.0,0
52,2020-01-22,South Australia,Total cases,0.0,0
53,2020-01-22,South Australia,Total cases per million,0.0,0
54,2020-01-22,South Australia,New cases,0.0,0
55,2020-01-22,South Australia,css_per_prsn,0.0,0
56,2020-01-22,South Australia,New cases per week,0.0,0
57,2020-01-22,South Australia,log10(Total cases),0.0,0
58,2020-01-22,South Australia,log10(New cases per week),0.0,0
59,2020-01-22,South Australia,Slope of power-law,0.0,0
60,2020-01-22,South Australia,Acceleration of power-law,0.0,0
61,2020-01-22,South Australia,Growth Rate,0.0,0
62,2020-01-22,South Australia,Days since first case,0.0,0
63,2020-01-22,South Australia,Average Growth Rate,0.0,0
64,2020-01-22,South Australia,Doubling time,0.0,0
65,2020-01-22,Tasmania,Total cases,0.0,0
66,2020-01-22,Tasmania,Total cases per million,0.0,0
67,2020-01-22,Tasmania,New cases,0.0,0
68,2020-01-22,Tasmania,css_per_prsn,0.0,0
69,2020-01-22,Tasmania,New cases per week,0.0,0
70,2020-01-22,Tasmania,log10(Total cases),0.0,0
71,2020-01-22,Tasmania,log10(New cases per week),0.0,0
72,2020-01-22,Tasmania,Slope of power-law,0.0,0
73,2020-01-22,Tasmania,Acceleration of power-law,0.0,0
74,2020-01-22,Tasmania,Growth Rate,0.0,0
75,2020-01-22,Tasmania,Days since first case,0.0,0
76,2020-01-22,Tasmania,Average Growth Rate,0.0,0
77,2020-01-22,Tasmania,Doubling time,0.0,0
78,2020-01-22,Victoria,Total cases,0.0,0
79,2020-01-22,Victoria,Total cases per million,0.0,0
80,2020-01-22,Victoria,New cases,0.0,0
81,2020-01-22,Victoria,css_per_prsn,0.0,0
82,2020-01-22,Victoria,New cases per week,0.0,0
83,2020-01-22,Victoria,log10(Total cases),0.0,0
84,2020-01-22,Victoria,log10(New cases per week),0.0,0
85,2020-01-22,Victoria,Slope of power-law,0.0,0
86,2020-01-22,Victoria,Acceleration of power-law,0.0,0
87,2020-01-22,Victoria,Growth Rate,0.0,0
88,2020-01-22,Victoria,Days since first case,0.0,0
89,2020-01-22,Victoria,Average Growth Rate,0.0,0
90,2020-01-22,Victoria,Doubling time,0.0,0
91,2020-01-22,Western Australia,Total cases,0.0,0
92,2020-01-22,Western Australia,Total cases per million,0.0,0
93,2020-01-22,Western Australia,New cases,0.0,0
94,2020-01-22,Western Australia,css_per_prsn,0.0,0
95,2020-01-22,Western Australia,New cases per week,0.0,0
96,2020-01-22,Western Australia,log10(Total cases),0.0,0
97,2020-01-22,Western Australia,log10(New cases per week),0.0,0
98,2020-01-22,Western Australia,Slope of power-law,0.0,0
99,2020-01-22,Western Australia,Acceleration of power-law,0.0,0
100,2020-01-22,Western Australia,Growth Rate,0.0,0
101,2020-01-22,Western Australia,Days since first case,0.0,0
102,2020-01-22,Western Australia,Average Growth Rate,0.0,0
103,2020-01-22,Western Australia,Doubling time,0.0,0
104,2020-01-23,Australian Capital Territory,Total cases,0.0,1
105,2020-01-23,Australian Capital Territory,Total cases per million,0.0,1
106,2020-01-23,Australian Capital Territory,New cases,0.0,1
107,2020-01-23,Australian Capital Territory,css_per_prsn,0.0,1
108,2020-01-23,Australian Capital Territory,New cases per week,0.0,1
109,2020-01-23,Australian Capital Territory,log10(Total cases),0.0,1
110,2020-01-23,Australian Capital Territory,log10(New cases per week),0.0,1
111,2020-01-23,Australian Capital Territory,Slope of power-law,0.0,1
112,2020-01-23,Australian Capital Territory,Acceleration of power-law,0.0,1
113,2020-01-23,Australian Capital Territory,Growth Rate,0.0,1
114,2020-01-23,Australian Capital Territory,Days since first case,1.0,1
115,2020-01-23,Australian Capital Territory,Average Growth Rate,0.0,1
116,2020-01-23,Australian Capital Territory,Doubling time,0.0,1
117,2020-01-23,New South Wales,Total cases,0.0,1
118,2020-01-23,New South Wales,Total cases per million,0.0,1
119,2020-01-23,New South Wales,New cases,0.0,1
120,2020-01-23,New South Wales,css_per_prsn,0.0,1
121,2020-01-23,New South Wales,New cases per week,0.0,1
122,2020-01-23,New South Wales,log10(Total cases),0.0,1
123,2020-01-23,New South Wales,log10(New cases per week),0.0,1
124,2020-01-23,New South Wales,Slope of power-law,0.0,1
125,2020-01-23,New South Wales,Acceleration of power-law,0.0,1
126,2020-01-23,New South Wales,Growth Rate,0.0,1
127,2020-01-23,New South Wales,Days since first case,1.0,1
128,2020-01-23,New South Wales,Average Growth Rate,0.0,1
129,2020-01-23,New South Wales,Doubling time,0.0,1
130,2020-01-23,Northern Territory,Total cases,0.0,1
131,2020-01-23,Northern Territory,Total cases per million,0.0,1
132,2020-01-23,Northern Territory,New cases,0.0,1
133,2020-01-23,Northern Territory,css_per_prsn,0.0,1
134,2020-01-23,Northern Territory,New cases per week,0.0,1
135,2020-01-23,Northern Territory,log10(Total cases),0.0,1
136,2020-01-23,Northern Territory,log10(New cases per week),0.0,1
137,2020-01-23,Northern Territory,Slope of power-law,0.0,1
138,2020-01-23,Northern Territory,Acceleration of power-law,0.0,1
139,2020-01-23,Northern Territory,Growth Rate,0.0,1
140,2020-01-23,Northern Territory,Days since first case,1.0,1
141,2020-01-23,Northern Territory,Average Growth Rate,0.0,1
142,2020-01-23,Northern Territory,Doubling time,0.0,1
143,2020-01-23,Queensland,Total cases,0.0,1
144,2020-01-23,Queensland,Total cases per million,0.0,1
145,2020-01-23,Queensland,New cases,0.0,1
146,2020-01-23,Queensland,css_per_prsn,0.0,1
147,2020-01-23,Queensland,New cases per week,0.0,1
148,2020-01-23,Queensland,log10(Total cases),0.0,1
149,2020-01-23,Queensland,log10(New cases per week),0.0,1
150,2020-01-23,Queensland,Slope of power-law,0.0,1
151,2020-01-23,Queensland,Acceleration of power-law,0.0,1
152,2020-01-23,Queensland,Growth Rate,0.0,1
153,2020-01-23,Queensland,Days since first case,1.0,1
154,2020-01-23,Queensland,Average Growth Rate,0.0,1
155,2020-01-23,Queensland,Doubling time,0.0,1
156,2020-01-23,South Australia,Total cases,0.0,1
157,2020-01-23,South Australia,Total cases per million,0.0,1
158,2020-01-23,South Australia,New cases,0.0,1
159,2020-01-23,South Australia,css_per_prsn,0.0,1
160,2020-01-23,South Australia,New cases per week,0.0,1
161,2020-01-23,South Australia,log10(Total cases),0.0,1
162,2020-01-23,South Australia,log10(New cases per week),0.0,1
163,2020-01-23,South Australia,Slope of power-law,0.0,1
164,2020-01-23,South Australia,Acceleration of power-law,0.0,1
165,2020-01-23,South Australia,Growth Rate,0.0,1
166,2020-01-23,South Australia,Days since first case,1.0,1
167,2020-01-23,South Australia,Average Growth Rate,0.0,1
168,2020-01-23,South Australia,Doubling time,0.0,1
169,2020-01-23,Tasmania,Total cases,0.0,1
170,2020-01-23,Tasmania,Total cases per million,0.0,1
171,2020-01-23,Tasmania,New cases,0.0,1
172,2020-01-23,Tasmania,css_per_prsn,0.0,1
173,2020-01-23,Tasmania,New cases per week,0.0,1
174,2020-01-23,Tasmania,log10(Total cases),0.0,1
175,2020-01-23,Tasmania,log10(New cases per week),0.0,1
176,2020-01-23,Tasmania,Slope of power-law,0.0,1
177,2020-01-23,Tasmania,Acceleration of power-law,0.0,1
178,2020-01-23,Tasmania,Growth Rate,0.0,1
179,2020-01-23,Tasmania,Days since first case,1.0,1
180,2020-01-23,Tasmania,Average Growth Rate,0.0,1
181,2020-01-23,Tasmania,Doubling time,0.0,1
182,2020-01-23,Victoria,Total cases,0.0,1
183,2020-01-23,Victoria,Total cases per million,0.0,1
184,2020-01-23,Victoria,New cases,0.0,1
185,2020-01-23,Victoria,css_per_prsn,0.0,1
186,2020-01-23,Victoria,New cases per week,0.0,1
187,2020-01-23,Victoria,log10(Total cases),0.0,1
188,2020-01-23,Victoria,log10(New cases per week),0.0,1
189,2020-01-23,Victoria,Slope of power-law,0.0,1
190,2020-01-23,Victoria,Acceleration of power-law,0.0,1
191,2020-01-23,Victoria,Growth Rate,0.0,1
192,2020-01-23,Victoria,Days since first case,1.0,1
193,2020-01-23,Victoria,Average Growth Rate,0.0,1
194,2020-01-23,Victoria,Doubling time,0.0,1
195,2020-01-23,Western Australia,Total cases,0.0,1
196,2020-01-23,Western Australia,Total cases per million,0.0,1
197,2020-01-23,Western Australia,New cases,0.0,1
198,2020-01-23,Western Australia,css_per_prsn,0.0,1
199,2020-01-23,Western Australia,New cases per week,0.0,1
200,2020-01-23,Western Australia,log10(Total cases),0.0,1
201,2020-01-23,Western Australia,log10(New cases per week),0.0,1
202,2020-01-23,Western Australia,Slope of power-law,0.0,1
203,2020-01-23,Western Australia,Acceleration of power-law,0.0,1
204,2020-01-23,Western Australia,Growth Rate,0.0,1
205,2020-01-23,Western Australia,Days since first case,1.0,1
206,2020-01-23,Western Australia,Average Growth Rate,0.0,1
207,2020-01-23,Western Australia,Doubling time,0.0,1
208,2020-01-24,Australian Capital Territory,Total cases,0.0,2
209,2020-01-24,Australian Capital Territory,Total cases per million,0.0,2
210,2020-01-24,Australian Capital Territory,New cases,0.0,2
211,2020-01-24,Australian Capital Territory,css_per_prsn,0.0,2
212,2020-01-24,Australian Capital Territory,New cases per week,0.0,2
213,2020-01-24,Australian Capital Territory,log10(Total cases),0.0,2
214,2020-01-24,Australian Capital Territory,log10(New cases per week),0.0,2
215,2020-01-24,Australian Capital Territory,Slope of power-law,0.0,2
216,2020-01-24,Australian Capital Territory,Acceleration of power-law,0.0,2
217,2020-01-24,Australian Capital Territory,Growth Rate,0.0,2
218,2020-01-24,Australian Capital Territory,Days since first case,2.0,2
219,2020-01-24,Australian Capital Territory,Average Growth Rate,0.0,2
220,2020-01-24,Australian Capital Territory,Doubling time,0.0,2
221,2020-01-24,New South Wales,Total cases,0.0,2
222,2020-01-24,New South Wales,Total cases per million,0.0,2
223,2020-01-24,New South Wales,New cases,0.0,2
224,2020-01-24,New South Wales,css_per_prsn,0.0,2
225,2020-01-24,New South Wales,New cases per week,0.0,2
226,2020-01-24,New South Wales,log10(Total cases),0.0,2
227,2020-01-24,New South Wales,log10(New cases per week),0.0,2
228,2020-01-24,New South Wales,Slope of power-law,0.0,2
229,2020-01-24,New South Wales,Acceleration of power-law,0.0,2
230,2020-01-24,New South Wales,Growth Rate,0.0,2
231,2020-01-24,New South Wales,Days since first case,2.0,2
232,2020-01-24,New South Wales,Average Growth Rate,0.0,2
233,2020-01-24,New South Wales,Doubling time,0.0,2
234,2020-01-24,Northern Territory,Total cases,0.0,2
235,2020-01-24,Northern Territory,Total cases per million,0.0,2
236,2020-01-24,Northern Territory,New cases,0.0,2
237,2020-01-24,Northern Territory,css_per_prsn,0.0,2
238,2020-01-24,Northern Territory,New cases per week,0.0,2
239,2020-01-24,Northern Territory,log10(Total cases),0.0,2
240,2020-01-24,Northern Territory,log10(New cases per week),0.0,2
241,2020-01-24,Northern Territory,Slope of power-law,0.0,2
242,2020-01-24,Northern Territory,Acceleration of power-law,0.0,2
243,2020-01-24,Northern Territory,Growth Rate,0.0,2
244,2020-01-24,Northern Territory,Days since first case,2.0,2
245,2020-01-24,Northern Territory,Average Growth Rate,0.0,2
246,2020-01-24,Northern Territory,Doubling time,0.0,2
247,2020-01-24,Queensland,Total cases,0.0,2
248,2020-01-24,Queensland,Total cases per million,0.0,2
249,2020-01-24,Queensland,New cases,0.0,2
250,2020-01-24,Queensland,css_per_prsn,0.0,2
251,2020-01-24,Queensland,New cases per week,0.0,2
252,2020-01-24,Queensland,log10(Total cases),0.0,2
253,2020-01-24,Queensland,log10(New cases per week),0.0,2
254,2020-01-24,Queensland,Slope of power-law,0.0,2
255,2020-01-24,Queensland,Acceleration of power-law,0.0,2
256,2020-01-24,Queensland,Growth Rate,0.0,2
257,2020-01-24,Queensland,Days since first case,2.0,2
258,2020-01-24,Queensland,Average Growth Rate,0.0,2
259,2020-01-24,Queensland,Doubling time,0.0,2
260,2020-01-24,South Australia,Total cases,0.0,2
261,2020-01-24,South Australia,Total cases per million,0.0,2
262,2020-01-24,South Australia,New cases,0.0,2
263,2020-01-24,South Australia,css_per_prsn,0.0,2
264,2020-01-24,South Australia,New cases per week,0.0,2
265,2020-01-24,South Australia,log10(Total cases),0.0,2
266,2020-01-24,South Australia,log10(New cases per week),0.0,2
267,2020-01-24,South Australia,Slope of power-law,0.0,2
268,2020-01-24,South Australia,Acceleration of power-law,0.0,2
269,2020-01-24,South Australia,Growth Rate,0.0,2
270,2020-01-24,South Australia,Days since first case,2.0,2
271,2020-01-24,South Australia,Average Growth Rate,0.0,2
272,2020-01-24,South Australia,Doubling time,0.0,2
273,2020-01-24,Tasmania,Total cases,0.0,2
274,2020-01-24,Tasmania,Total cases per million,0.0,2
275,2020-01-24,Tasmania,New cases,0.0,2
276,2020-01-24,Tasmania,css_per_prsn,0.0,2
277,2020-01-24,Tasmania,New cases per week,0.0,2
278,2020-01-24,Tasmania,log10(Total cases),0.0,2
279,2020-01-24,Tasmania,log10(New cases per week),0.0,2
280,2020-01-24,Tasmania,Slope of power-law,0.0,2
281,2020-01-24,Tasmania,Acceleration of power-law,0.0,2
282,2020-01-24,Tasmania,Growth Rate,0.0,2
283,2020-01-24,Tasmania,Days since first case,2.0,2
284,2020-01-24,Tasmania,Average Growth Rate,0.0,2
285,2020-01-24,Tasmania,Doubling time,0.0,2
286,2020-01-24,Victoria,Total cases,0.0,2
287,2020-01-24,Victoria,Total cases per million,0.0,2
288,2020-01-24,Victoria,New cases,0.0,2
289,2020-01-24,Victoria,css_per_prsn,0.0,2
290,2020-01-24,Victoria,New cases per week,0.0,2
291,2020-01-24,Victoria,log10(Total cases),0.0,2
292,2020-01-24,Victoria,log10(New cases per week),0.0,2
293,2020-01-24,Victoria,Slope of power-law,0.0,2
294,2020-01-24,Victoria,Acceleration of power-law,0.0,2
295,2020-01-24,Victoria,Growth Rate,0.0,2
296,2020-01-24,Victoria,Days since first case,2.0,2
297,2020-01-24,Victoria,Average Growth Rate,0.0,2
298,2020-01-24,Victoria,Doubling time,0.0,2
299,2020-01-24,Western Australia,Total cases,0.0,2
300,2020-01-24,Western Australia,Total cases per million,0.0,2
301,2020-01-24,Western Australia,New cases,0.0,2
302,2020-01-24,Western Australia,css_per_prsn,0.0,2
303,2020-01-24,Western Australia,New cases per week,0.0,2
304,2020-01-24,Western Australia,log10(Total cases),0.0,2
305,2020-01-24,Western Australia,log10(New cases per week),0.0,2
306,2020-01-24,Western Australia,Slope of power-law,0.0,2
307,2020-01-24,Western Australia,Acceleration of power-law,0.0,2
308,2020-01-24,Western Australia,Growth Rate,0.0,2
309,2020-01-24,Western Australia,Days since first case,2.0,2
310,2020-01-24,Western Australia,Average Growth Rate,0.0,2
311,2020-01-24,Western Australia,Doubling time,0.0,2
312,2020-01-25,Australian Capital Territory,Total cases,0.0,3
313,2020-01-25,Australian Capital Territory,Total cases per million,0.0,3
314,2020-01-25,Australian Capital Territory,New cases,0.0,3
315,2020-01-25,Australian Capital Territory,css_per_prsn,0.0,3
316,2020-01-25,Australian Capital Territory,New cases per week,0.0,3
317,2020-01-25,Australian Capital Territory,log10(Total cases),0.0,3
318,2020-01-25,Australian Capital Territory,log10(New cases per week),0.0,3
319,2020-01-25,Australian Capital Territory,Slope of power-law,0.0,3
320,2020-01-25,Australian Capital Territory,Acceleration of power-law,0.0,3
321,2020-01-25,Australian Capital Territory,Growth Rate,0.0,3
322,2020-01-25,Australian Capital Territory,Days since first case,3.0,3
323,2020-01-25,Australian Capital Territory,Average Growth Rate,0.0,3
324,2020-01-25,Australian Capital Territory,Doubling time,0.0,3
325,2020-01-25,New South Wales,Total cases,0.0,3
326,2020-01-25,New South Wales,Total cases per million,0.0,3
327,2020-01-25,New South Wales,New cases,0.0,3
328,2020-01-25,New South Wales,css_per_prsn,0.0,3
329,2020-01-25,New South Wales,New cases per week,0.0,3
330,2020-01-25,New South Wales,log10(Total cases),0.0,3
331,2020-01-25,New South Wales,log10(New cases per week),0.0,3
332,2020-01-25,New South Wales,Slope of power-law,0.0,3
333,2020-01-25,New South Wales,Acceleration of power-law,0.0,3
334,2020-01-25,New South Wales,Growth Rate,0.0,3
335,2020-01-25,New South Wales,Days since first case,3.0,3
336,2020-01-25,New South Wales,Average Growth Rate,0.0,3
337,2020-01-25,New South Wales,Doubling time,0.0,3
338,2020-01-25,Northern Territory,Total cases,0.0,3
339,2020-01-25,Northern Territory,Total cases per million,0.0,3
340,2020-01-25,Northern Territory,New cases,0.0,3
341,2020-01-25,Northern Territory,css_per_prsn,0.0,3
342,2020-01-25,Northern Territory,New cases per week,0.0,3
343,2020-01-25,Northern Territory,log10(Total cases),0.0,3
344,2020-01-25,Northern Territory,log10(New cases per week),0.0,3
345,2020-01-25,Northern Territory,Slope of power-law,0.0,3
346,2020-01-25,Northern Territory,Acceleration of power-law,0.0,3
347,2020-01-25,Northern Territory,Growth Rate,0.0,3
348,2020-01-25,Northern Territory,Days since first case,3.0,3
349,2020-01-25,Northern Territory,Average Growth Rate,0.0,3
350,2020-01-25,Northern Territory,Doubling time,0.0,3
351,2020-01-25,Queensland,Total cases,0.0,3
352,2020-01-25,Queensland,Total cases per million,0.0,3
353,2020-01-25,Queensland,New cases,0.0,3
354,2020-01-25,Queensland,css_per_prsn,0.0,3
355,2020-01-25,Queensland,New cases per week,0.0,3
356,2020-01-25,Queensland,log10(Total cases),0.0,3
357,2020-01-25,Queensland,log10(New cases per week),0.0,3
358,2020-01-25,Queensland,Slope of power-law,0.0,3
359,2020-01-25,Queensland,Acceleration of power-law,0.0,3
360,2020-01-25,Queensland,Growth Rate,0.0,3
361,2020-01-25,Queensland,Days since first case,3.0,3
362,2020-01-25,Queensland,Average Growth Rate,0.0,3
363,2020-01-25,Queensland,Doubling time,0.0,3
364,2020-01-25,South Australia,Total cases,0.0,3
365,2020-01-25,South Australia,Total cases per million,0.0,3
366,2020-01-25,South Australia,New cases,0.0,3
367,2020-01-25,South Australia,css_per_prsn,0.0,3
368,2020-01-25,South Australia,New cases per week,0.0,3
369,2020-01-25,South Australia,log10(Total cases),0.0,3
370,2020-01-25,South Australia,log10(New cases per week),0.0,3
371,2020-01-25,South Australia,Slope of power-law,0.0,3
372,2020-01-25,South Australia,Acceleration of power-law,0.0,3
373,2020-01-25,South Australia,Growth Rate,0.0,3
374,2020-01-25,South Australia,Days since first case,3.0,3
375,2020-01-25,South Australia,Average Growth Rate,0.0,3
376,2020-01-25,South Australia,Doubling time,0.0,3
377,2020-01-25,Tasmania,Total cases,0.0,3
378,2020-01-25,Tasmania,Total cases per million,0.0,3
379,2020-01-25,Tasmania,New cases,0.0,3
380,2020-01-25,Tasmania,css_per_prsn,0.0,3
381,2020-01-25,Tasmania,New cases per week,0.0,3
382,2020-01-25,Tasmania,log10(Total cases),0.0,3
383,2020-01-25,Tasmania,log10(New cases per week),0.0,3
384,2020-01-25,Tasmania,Slope of power-law,0.0,3
385,2020-01-25,Tasmania,Acceleration of power-law,0.0,3
386,2020-01-25,Tasmania,Growth Rate,0.0,3
387,2020-01-25,Tasmania,Days since first case,3.0,3
388,2020-01-25,Tasmania,Average Growth Rate,0.0,3
389,2020-01-25,Tasmania,Doubling time,0.0,3
390,2020-01-25,Victoria,Total cases,0.0,3
391,2020-01-25,Victoria,Total cases per million,0.0,3
392,2020-01-25,Victoria,New cases,0.0,3
393,2020-01-25,Victoria,css_per_prsn,0.0,3
394,2020-01-25,Victoria,New cases per week,0.0,3
395,2020-01-25,Victoria,log10(Total cases),0.0,3
396,2020-01-25,Victoria,log10(New cases per week),0.0,3
397,2020-01-25,Victoria,Slope of power-law,0.0,3
398,2020-01-25,Victoria,Acceleration of power-law,0.0,3
399,2020-01-25,Victoria,Growth Rate,0.0,3
400,2020-01-25,Victoria,Days since first case,3.0,3
401,2020-01-25,Victoria,Average Growth Rate,0.0,3
402,2020-01-25,Victoria,Doubling time,0.0,3
403,2020-01-25,Western Australia,Total cases,0.0,3
404,2020-01-25,Western Australia,Total cases per million,0.0,3
405,2020-01-25,Western Australia,New cases,0.0,3
406,2020-01-25,Western Australia,css_per_prsn,0.0,3
407,2020-01-25,Western Australia,New cases per week,0.0,3
408,2020-01-25,Western Australia,log10(Total cases),0.0,3
409,2020-01-25,Western Australia,log10(New cases per week),0.0,3
410,2020-01-25,Western Australia,Slope of power-law,0.0,3
411,2020-01-25,Western Australia,Acceleration of power-law,0.0,3
412,2020-01-25,Western Australia,Growth Rate,0.0,3
413,2020-01-25,Western Australia,Days since first case,3.0,3
414,2020-01-25,Western Australia,Average Growth Rate,0.0,3
415,2020-01-25,Western Australia,Doubling time,0.0,3
416,2020-01-26,Australian Capital Territory,Total cases,0.0,4
417,2020-01-26,Australian Capital Territory,Total cases per million,0.0,4
418,2020-01-26,Australian Capital Territory,New cases,0.0,4
419,2020-01-26,Australian Capital Territory,css_per_prsn,0.0,4
420,2020-01-26,Australian Capital Territory,New cases per week,0.0,4
421,2020-01-26,Australian Capital Territory,log10(Total cases),0.0,4
422,2020-01-26,Australian Capital Territory,log10(New cases per week),0.0,4
423,2020-01-26,Australian Capital Territory,Slope of power-law,0.0,4
424,2020-01-26,Australian Capital Territory,Acceleration of power-law,0.0,4
425,2020-01-26,Australian Capital Territory,Growth Rate,0.0,4
426,2020-01-26,Australian Capital Territory,Days since first case,4.0,4
427,2020-01-26,Australian Capital Territory,Average Growth Rate,0.0,4
428,2020-01-26,Australian Capital Territory,Doubling time,0.0,4
429,2020-01-26,New South Wales,Total cases,3.0,4
430,2020-01-26,New South Wales,Total cases per million,0.3976670201484624,4
431,2020-01-26,New South Wales,New cases,3.0,4
432,2020-01-26,New South Wales,css_per_prsn,0.3976670201484624,4
433,2020-01-26,New South Wales,New cases per week,0.0,4
434,2020-01-26,New South Wales,log10(Total cases),0.47712125471966244,4
435,2020-01-26,New South Wales,log10(New cases per week),0.0,4
436,2020-01-26,New South Wales,Slope of power-law,0.0,4
437,2020-01-26,New South Wales,Acceleration of power-law,0.0,4
438,2020-01-26,New South Wales,Growth Rate,100.0,4
439,2020-01-26,New South Wales,Days since first case,4.0,4
440,2020-01-26,New South Wales,Average Growth Rate,0.0,4
441,2020-01-26,New South Wales,Doubling time,0.0,4
442,2020-01-26,Northern Territory,Total cases,0.0,4
443,2020-01-26,Northern Territory,Total cases per million,0.0,4
444,2020-01-26,Northern Territory,New cases,0.0,4
445,2020-01-26,Northern Territory,css_per_prsn,0.0,4
446,2020-01-26,Northern Territory,New cases per week,0.0,4
447,2020-01-26,Northern Territory,log10(Total cases),0.0,4
448,2020-01-26,Northern Territory,log10(New cases per week),0.0,4
449,2020-01-26,Northern Territory,Slope of power-law,0.0,4
450,2020-01-26,Northern Territory,Acceleration of power-law,0.0,4
451,2020-01-26,Northern Territory,Growth Rate,0.0,4
452,2020-01-26,Northern Territory,Days since first case,4.0,4
453,2020-01-26,Northern Territory,Average Growth Rate,0.0,4
454,2020-01-26,Northern Territory,Doubling time,0.0,4
455,2020-01-26,Queensland,Total cases,0.0,4
456,2020-01-26,Queensland,Total cases per million,0.0,4
457,2020-01-26,Queensland,New cases,0.0,4
458,2020-01-26,Queensland,css_per_prsn,0.0,4
459,2020-01-26,Queensland,New cases per week,0.0,4
460,2020-01-26,Queensland,log10(Total cases),0.0,4
461,2020-01-26,Queensland,log10(New cases per week),0.0,4
462,2020-01-26,Queensland,Slope of power-law,0.0,4
463,2020-01-26,Queensland,Acceleration of power-law,0.0,4
464,2020-01-26,Queensland,Growth Rate,0.0,4
465,2020-01-26,Queensland,Days since first case,4.0,4
466,2020-01-26,Queensland,Average Growth Rate,0.0,4
467,2020-01-26,Queensland,Doubling time,0.0,4
468,2020-01-26,South Australia,Total cases,0.0,4
469,2020-01-26,South Australia,Total cases per million,0.0,4
470,2020-01-26,South Australia,New cases,0.0,4
471,2020-01-26,South Australia,css_per_prsn,0.0,4
472,2020-01-26,South Australia,New cases per week,0.0,4
473,2020-01-26,South Australia,log10(Total cases),0.0,4
474,2020-01-26,South Australia,log10(New cases per week),0.0,4
475,2020-01-26,South Australia,Slope of power-law,0.0,4
476,2020-01-26,South Australia,Acceleration of power-law,0.0,4
477,2020-01-26,South Australia,Growth Rate,0.0,4
478,2020-01-26,South Australia,Days since first case,4.0,4
479,2020-01-26,South Australia,Average Growth Rate,0.0,4
480,2020-01-26,South Australia,Doubling time,0.0,4
481,2020-01-26,Tasmania,Total cases,0.0,4
482,2020-01-26,Tasmania,Total cases per million,0.0,4
483,2020-01-26,Tasmania,New cases,0.0,4
484,2020-01-26,Tasmania,css_per_prsn,0.0,4
485,2020-01-26,Tasmania,New cases per week,0.0,4
486,2020-01-26,Tasmania,log10(Total cases),0.0,4
487,2020-01-26,Tasmania,log10(New cases per week),0.0,4
488,2020-01-26,Tasmania,Slope of power-law,0.0,4
489,2020-01-26,Tasmania,Acceleration of power-law,0.0,4
490,2020-01-26,Tasmania,Growth Rate,0.0,4
491,2020-01-26,Tasmania,Days since first case,4.0,4
492,2020-01-26,Tasmania,Average Growth Rate,0.0,4
493,2020-01-26,Tasmania,Doubling time,0.0,4
494,2020-01-26,Victoria,Total cases,1.0,4
495,2020-01-26,Victoria,Total cases per million,0.15725743041358703,4
496,2020-01-26,Victoria,New cases,1.0,4
497,2020-01-26,Victoria,css_per_prsn,0.15725743041358703,4
498,2020-01-26,Victoria,New cases per week,0.0,4
499,2020-01-26,Victoria,log10(Total cases),0.0,4
500,2020-01-26,Victoria,log10(New cases per week),0.0,4
501,2020-01-26,Victoria,Slope of power-law,0.0,4
502,2020-01-26,Victoria,Acceleration of power-law,0.0,4
503,2020-01-26,Victoria,Growth Rate,100.0,4
504,2020-01-26,Victoria,Days since first case,4.0,4
505,2020-01-26,Victoria,Average Growth Rate,0.0,4
506,2020-01-26,Victoria,Doubling time,0.0,4
507,2020-01-26,Western Australia,Total cases,0.0,4
508,2020-01-26,Western Australia,Total cases per million,0.0,4
509,2020-01-26,Western Australia,New cases,0.0,4
510,2020-01-26,Western Australia,css_per_prsn,0.0,4
511,2020-01-26,Western Australia,New cases per week,0.0,4
512,2020-01-26,Western Australia,log10(Total cases),0.0,4
513,2020-01-26,Western Australia,log10(New cases per week),0.0,4
514,2020-01-26,Western Australia,Slope of power-law,0.0,4
515,2020-01-26,Western Australia,Acceleration of power-law,0.0,4
516,2020-01-26,Western Australia,Growth Rate,0.0,4
517,2020-01-26,Western Australia,Days since first case,4.0,4
518,2020-01-26,Western Australia,Average Growth Rate,0.0,4
519,2020-01-26,Western Australia,Doubling time,0.0,4
520,2020-01-27,Australian Capital Territory,Total cases,0.0,5
521,2020-01-27,Australian Capital Territory,Total cases per million,0.0,5
522,2020-01-27,Australian Capital Territory,New cases,0.0,5
523,2020-01-27,Australian Capital Territory,css_per_prsn,0.0,5
524,2020-01-27,Australian Capital Territory,New cases per week,0.0,5
525,2020-01-27,Australian Capital Territory,log10(Total cases),0.0,5
526,2020-01-27,Australian Capital Territory,log10(New cases per week),0.0,5
527,2020-01-27,Australian Capital Territory,Slope of power-law,0.0,5
528,2020-01-27,Australian Capital Territory,Acceleration of power-law,0.0,5
529,2020-01-27,Australian Capital Territory,Growth Rate,0.0,5
530,2020-01-27,Australian Capital Territory,Days since first case,5.0,5
531,2020-01-27,Australian Capital Territory,Average Growth Rate,0.0,5
532,2020-01-27,Australian Capital Territory,Doubling time,0.0,5
533,2020-01-27,New South Wales,Total cases,4.0,5
534,2020-01-27,New South Wales,Total cases per million,0.5302226935312832,5
535,2020-01-27,New South Wales,New cases,1.0,5
536,2020-01-27,New South Wales,css_per_prsn,0.1325556733828208,5
537,2020-01-27,New South Wales,New cases per week,0.0,5
538,2020-01-27,New South Wales,log10(Total cases),0.6020599913279624,5
539,2020-01-27,New South Wales,log10(New cases per week),0.0,5
540,2020-01-27,New South Wales,Slope of power-law,0.0,5
541,2020-01-27,New South Wales,Acceleration of power-law,0.0,5
542,2020-01-27,New South Wales,Growth Rate,57.14285714285715,5
543,2020-01-27,New South Wales,Days since first case,5.0,5
544,2020-01-27,New South Wales,Average Growth Rate,0.0,5
545,2020-01-27,New South Wales,Doubling time,0.0,5
546,2020-01-27,Northern Territory,Total cases,0.0,5
547,2020-01-27,Northern Territory,Total cases per million,0.0,5
548,2020-01-27,Northern Territory,New cases,0.0,5
549,2020-01-27,Northern Territory,css_per_prsn,0.0,5
550,2020-01-27,Northern Territory,New cases per week,0.0,5
551,2020-01-27,Northern Territory,log10(Total cases),0.0,5
552,2020-01-27,Northern Territory,log10(New cases per week),0.0,5
553,2020-01-27,Northern Territory,Slope of power-law,0.0,5
554,2020-01-27,Northern Territory,Acceleration of power-law,0.0,5
555,2020-01-27,Northern Territory,Growth Rate,0.0,5
556,2020-01-27,Northern Territory,Days since first case,5.0,5
557,2020-01-27,Northern Territory,Average Growth Rate,0.0,5
558,2020-01-27,Northern Territory,Doubling time,0.0,5
559,2020-01-27,Queensland,Total cases,0.0,5
560,2020-01-27,Queensland,Total cases per million,0.0,5
561,2020-01-27,Queensland,New cases,0.0,5
562,2020-01-27,Queensland,css_per_prsn,0.0,5
563,2020-01-27,Queensland,New cases per week,0.0,5
564,2020-01-27,Queensland,log10(Total cases),0.0,5
565,2020-01-27,Queensland,log10(New cases per week),0.0,5
566,2020-01-27,Queensland,Slope of power-law,0.0,5
567,2020-01-27,Queensland,Acceleration of power-law,0.0,5
568,2020-01-27,Queensland,Growth Rate,0.0,5
569,2020-01-27,Queensland,Days since first case,5.0,5
570,2020-01-27,Queensland,Average Growth Rate,0.0,5
571,2020-01-27,Queensland,Doubling time,0.0,5
572,2020-01-27,South Australia,Total cases,0.0,5
573,2020-01-27,South Australia,Total cases per million,0.0,5
574,2020-01-27,South Australia,New cases,0.0,5
575,2020-01-27,South Australia,css_per_prsn,0.0,5
576,2020-01-27,South Australia,New cases per week,0.0,5
577,2020-01-27,South Australia,log10(Total cases),0.0,5
578,2020-01-27,South Australia,log10(New cases per week),0.0,5
579,2020-01-27,South Australia,Slope of power-law,0.0,5
580,2020-01-27,South Australia,Acceleration of power-law,0.0,5
581,2020-01-27,South Australia,Growth Rate,0.0,5
582,2020-01-27,South Australia,Days since first case,5.0,5
583,2020-01-27,South Australia,Average Growth Rate,0.0,5
584,2020-01-27,South Australia,Doubling time,0.0,5
585,2020-01-27,Tasmania,Total cases,0.0,5
586,2020-01-27,Tasmania,Total cases per million,0.0,5
587,2020-01-27,Tasmania,New cases,0.0,5
588,2020-01-27,Tasmania,css_per_prsn,0.0,5
589,2020-01-27,Tasmania,New cases per week,0.0,5
590,2020-01-27,Tasmania,log10(Total cases),0.0,5
591,2020-01-27,Tasmania,log10(New cases per week),0.0,5
592,2020-01-27,Tasmania,Slope of power-law,0.0,5
593,2020-01-27,Tasmania,Acceleration of power-law,0.0,5
594,2020-01-27,Tasmania,Growth Rate,0.0,5
595,2020-01-27,Tasmania,Days since first case,5.0,5
596,2020-01-27,Tasmania,Average Growth Rate,0.0,5
597,2020-01-27,Tasmania,Doubling time,0.0,5
598,2020-01-27,Victoria,Total cases,1.0,5
599,2020-01-27,Victoria,Total cases per million,0.15725743041358703,5
600,2020-01-27,Victoria,New cases,0.0,5
601,2020-01-27,Victoria,css_per_prsn,0.0,5
602,2020-01-27,Victoria,New cases per week,0.0,5
603,2020-01-27,Victoria,log10(Total cases),0.0,5
604,2020-01-27,Victoria,log10(New cases per week),0.0,5
605,2020-01-27,Victoria,Slope of power-law,0.0,5
606,2020-01-27,Victoria,Acceleration of power-law,0.0,5
607,2020-01-27,Victoria,Growth Rate,50.0,5
608,2020-01-27,Victoria,Days since first case,5.0,5
609,2020-01-27,Victoria,Average Growth Rate,0.0,5
610,2020-01-27,Victoria,Doubling time,0.0,5
611,2020-01-27,Western Australia,Total cases,0.0,5
612,2020-01-27,Western Australia,Total cases per million,0.0,5
613,2020-01-27,Western Australia,New cases,0.0,5
614,2020-01-27,Western Australia,css_per_prsn,0.0,5
615,2020-01-27,Western Australia,New cases per week,0.0,5
616,2020-01-27,Western Australia,log10(Total cases),0.0,5
617,2020-01-27,Western Australia,log10(New cases per week),0.0,5
618,2020-01-27,Western Australia,Slope of power-law,0.0,5
619,2020-01-27,Western Australia,Acceleration of power-law,0.0,5
620,2020-01-27,Western Australia,Growth Rate,0.0,5
621,2020-01-27,Western Australia,Days since first case,5.0,5
622,2020-01-27,Western Australia,Average Growth Rate,0.0,5
623,2020-01-27,Western Australia,Doubling time,0.0,5
624,2020-01-28,Australian Capital Territory,Total cases,0.0,6
625,2020-01-28,Australian Capital Territory,Total cases per million,0.0,6
626,2020-01-28,Australian Capital Territory,New cases,0.0,6
627,2020-01-28,Australian Capital Territory,css_per_prsn,0.0,6
628,2020-01-28,Australian Capital Territory,New cases per week,0.0,6
629,2020-01-28,Australian Capital Territory,log10(Total cases),0.0,6
630,2020-01-28,Australian Capital Territory,log10(New cases per week),0.0,6
631,2020-01-28,Australian Capital Territory,Slope of power-law,0.0,6
632,2020-01-28,Australian Capital Territory,Acceleration of power-law,0.0,6
633,2020-01-28,Australian Capital Territory,Growth Rate,0.0,6
634,2020-01-28,Australian Capital Territory,Days since first case,6.0,6
635,2020-01-28,Australian Capital Territory,Average Growth Rate,0.0,6
636,2020-01-28,Australian Capital Territory,Doubling time,0.0,6
637,2020-01-28,New South Wales,Total cases,4.0,6
638,2020-01-28,New South Wales,Total cases per million,0.5302226935312832,6
639,2020-01-28,New South Wales,New cases,0.0,6
640,2020-01-28,New South Wales,css_per_prsn,0.0,6
641,2020-01-28,New South Wales,New cases per week,4.0,6
642,2020-01-28,New South Wales,log10(Total cases),0.6020599913279624,6
643,2020-01-28,New South Wales,log10(New cases per week),0.6020599913279624,6
644,2020-01-28,New South Wales,Slope of power-law,0.0,6
645,2020-01-28,New South Wales,Acceleration of power-law,0.0,6
646,2020-01-28,New South Wales,Growth Rate,36.36363636363637,6
647,2020-01-28,New South Wales,Days since first case,6.0,6
648,2020-01-28,New South Wales,Average Growth Rate,0.0,6
649,2020-01-28,New South Wales,Doubling time,0.0,6
650,2020-01-28,Northern Territory,Total cases,0.0,6
651,2020-01-28,Northern Territory,Total cases per million,0.0,6
652,2020-01-28,Northern Territory,New cases,0.0,6
653,2020-01-28,Northern Territory,css_per_prsn,0.0,6
654,2020-01-28,Northern Territory,New cases per week,0.0,6
655,2020-01-28,Northern Territory,log10(Total cases),0.0,6
656,2020-01-28,Northern Territory,log10(New cases per week),0.0,6
657,2020-01-28,Northern Territory,Slope of power-law,0.0,6
658,2020-01-28,Northern Territory,Acceleration of power-law,0.0,6
659,2020-01-28,Northern Territory,Growth Rate,0.0,6
660,2020-01-28,Northern Territory,Days since first case,6.0,6
661,2020-01-28,Northern Territory,Average Growth Rate,0.0,6
662,2020-01-28,Northern Territory,Doubling time,0.0,6
663,2020-01-28,Queensland,Total cases,0.0,6
664,2020-01-28,Queensland,Total cases per million,0.0,6
665,2020-01-28,Queensland,New cases,0.0,6
666,2020-01-28,Queensland,css_per_prsn,0.0,6
667,2020-01-28,Queensland,New cases per week,0.0,6
668,2020-01-28,Queensland,log10(Total cases),0.0,6
669,2020-01-28,Queensland,log10(New cases per week),0.0,6
670,2020-01-28,Queensland,Slope of power-law,0.0,6
671,2020-01-28,Queensland,Acceleration of power-law,0.0,6
672,2020-01-28,Queensland,Growth Rate,0.0,6
673,2020-01-28,Queensland,Days since first case,6.0,6
674,2020-01-28,Queensland,Average Growth Rate,0.0,6
675,2020-01-28,Queensland,Doubling time,0.0,6
676,2020-01-28,South Australia,Total cases,0.0,6
677,2020-01-28,South Australia,Total cases per million,0.0,6
678,2020-01-28,South Australia,New cases,0.0,6
679,2020-01-28,South Australia,css_per_prsn,0.0,6
680,2020-01-28,South Australia,New cases per week,0.0,6
681,2020-01-28,South Australia,log10(Total cases),0.0,6
682,2020-01-28,South Australia,log10(New cases per week),0.0,6
683,2020-01-28,South Australia,Slope of power-law,0.0,6
684,2020-01-28,South Australia,Acceleration of power-law,0.0,6
685,2020-01-28,South Australia,Growth Rate,0.0,6
686,2020-01-28,South Australia,Days since first case,6.0,6
687,2020-01-28,South Australia,Average Growth Rate,0.0,6
688,2020-01-28,South Australia,Doubling time,0.0,6
689,2020-01-28,Tasmania,Total cases,0.0,6
690,2020-01-28,Tasmania,Total cases per million,0.0,6
691,2020-01-28,Tasmania,New cases,0.0,6
692,2020-01-28,Tasmania,css_per_prsn,0.0,6
693,2020-01-28,Tasmania,New cases per week,0.0,6
694,2020-01-28,Tasmania,log10(Total cases),0.0,6
695,2020-01-28,Tasmania,log10(New cases per week),0.0,6
696,2020-01-28,Tasmania,Slope of power-law,0.0,6
697,2020-01-28,Tasmania,Acceleration of power-law,0.0,6
698,2020-01-28,Tasmania,Growth Rate,0.0,6
699,2020-01-28,Tasmania,Days since first case,6.0,6
700,2020-01-28,Tasmania,Average Growth Rate,0.0,6
701,2020-01-28,Tasmania,Doubling time,0.0,6
702,2020-01-28,Victoria,Total cases,1.0,6
703,2020-01-28,Victoria,Total cases per million,0.15725743041358703,6
704,2020-01-28,Victoria,New cases,0.0,6
705,2020-01-28,Victoria,css_per_prsn,0.0,6
706,2020-01-28,Victoria,New cases per week,1.0,6
707,2020-01-28,Victoria,log10(Total cases),0.0,6
708,2020-01-28,Victoria,log10(New cases per week),0.0,6
709,2020-01-28,Victoria,Slope of power-law,0.0,6
710,2020-01-28,Victoria,Acceleration of power-law,0.0,6
711,2020-01-28,Victoria,Growth Rate,33.333333333333336,6
712,2020-01-28,Victoria,Days since first case,6.0,6
713,2020-01-28,Victoria,Average Growth Rate,0.0,6
714,2020-01-28,Victoria,Doubling time,0.0,6
715,2020-01-28,Western Australia,Total cases,0.0,6
716,2020-01-28,Western Australia,Total cases per million,0.0,6
717,2020-01-28,Western Australia,New cases,0.0,6
718,2020-01-28,Western Australia,css_per_prsn,0.0,6
719,2020-01-28,Western Australia,New cases per week,0.0,6
720,2020-01-28,Western Australia,log10(Total cases),0.0,6
721,2020-01-28,Western Australia,log10(New cases per week),0.0,6
722,2020-01-28,Western Australia,Slope of power-law,0.0,6
723,2020-01-28,Western Australia,Acceleration of power-law,0.0,6
724,2020-01-28,Western Australia,Growth Rate,0.0,6
725,2020-01-28,Western Australia,Days since first case,6.0,6
726,2020-01-28,Western Australia,Average Growth Rate,0.0,6
727,2020-01-28,Western Australia,Doubling time,0.0,6
728,2020-01-29,Australian Capital Territory,Total cases,0.0,7
729,2020-01-29,Australian Capital Territory,Total cases per million,0.0,7
730,2020-01-29,Australian Capital Territory,New cases,0.0,7
731,2020-01-29,Australian Capital Territory,css_per_prsn,0.0,7
732,2020-01-29,Australian Capital Territory,New cases per week,0.0,7
733,2020-01-29,Australian Capital Territory,log10(Total cases),0.0,7
734,2020-01-29,Australian Capital Territory,log10(New cases per week),0.0,7
735,2020-01-29,Australian Capital Territory,Slope of power-law,0.0,7
736,2020-01-29,Australian Capital Territory,Acceleration of power-law,0.0,7
737,2020-01-29,Australian Capital Territory,Growth Rate,0.0,7
738,2020-01-29,Australian Capital Territory,Days since first case,7.0,7
739,2020-01-29,Australian Capital Territory,Average Growth Rate,0.0,7
740,2020-01-29,Australian Capital Territory,Doubling time,0.0,7
741,2020-01-29,New South Wales,Total cases,4.0,7
742,2020-01-29,New South Wales,Total cases per million,0.5302226935312832,7
743,2020-01-29,New South Wales,New cases,0.0,7
744,2020-01-29,New South Wales,css_per_prsn,0.0,7
745,2020-01-29,New South Wales,New cases per week,4.0,7
746,2020-01-29,New South Wales,log10(Total cases),0.6020599913279624,7
747,2020-01-29,New South Wales,log10(New cases per week),0.6020599913279624,7
748,2020-01-29,New South Wales,Slope of power-law,0.0,7
749,2020-01-29,New South Wales,Acceleration of power-law,0.0,7
750,2020-01-29,New South Wales,Growth Rate,26.666666666666668,7
751,2020-01-29,New South Wales,Days since first case,7.0,7
752,2020-01-29,New South Wales,Average Growth Rate,0.0,7
753,2020-01-29,New South Wales,Doubling time,0.0,7
754,2020-01-29,Northern Territory,Total cases,0.0,7
755,2020-01-29,Northern Territory,Total cases per million,0.0,7
756,2020-01-29,Northern Territory,New cases,0.0,7
757,2020-01-29,Northern Territory,css_per_prsn,0.0,7
758,2020-01-29,Northern Territory,New cases per week,0.0,7
759,2020-01-29,Northern Territory,log10(Total cases),0.0,7
760,2020-01-29,Northern Territory,log10(New cases per week),0.0,7
761,2020-01-29,Northern Territory,Slope of power-law,0.0,7
762,2020-01-29,Northern Territory,Acceleration of power-law,0.0,7
763,2020-01-29,Northern Territory,Growth Rate,0.0,7
764,2020-01-29,Northern Territory,Days since first case,7.0,7
765,2020-01-29,Northern Territory,Average Growth Rate,0.0,7
766,2020-01-29,Northern Territory,Doubling time,0.0,7
767,2020-01-29,Queensland,Total cases,1.0,7
768,2020-01-29,Queensland,Total cases per million,0.19719976336028397,7
769,2020-01-29,Queensland,New cases,1.0,7
770,2020-01-29,Queensland,css_per_prsn,0.19719976336028397,7
771,2020-01-29,Queensland,New cases per week,1.0,7
772,2020-01-29,Queensland,log10(Total cases),0.0,7
773,2020-01-29,Queensland,log10(New cases per week),0.0,7
774,2020-01-29,Queensland,Slope of power-law,0.0,7
775,2020-01-29,Queensland,Acceleration of power-law,0.0,7
776,2020-01-29,Queensland,Growth Rate,100.0,7
777,2020-01-29,Queensland,Days since first case,7.0,7
778,2020-01-29,Queensland,Average Growth Rate,0.0,7
779,2020-01-29,Queensland,Doubling time,0.0,7
780,2020-01-29,South Australia,Total cases,0.0,7
781,2020-01-29,South Australia,Total cases per million,0.0,7
782,2020-01-29,South Australia,New cases,0.0,7
783,2020-01-29,South Australia,css_per_prsn,0.0,7
784,2020-01-29,South Australia,New cases per week,0.0,7
785,2020-01-29,South Australia,log10(Total cases),0.0,7
786,2020-01-29,South Australia,log10(New cases per week),0.0,7
787,2020-01-29,South Australia,Slope of power-law,0.0,7
788,2020-01-29,South Australia,Acceleration of power-law,0.0,7
789,2020-01-29,South Australia,Growth Rate,0.0,7
790,2020-01-29,South Australia,Days since first case,7.0,7
791,2020-01-29,South Australia,Average Growth Rate,0.0,7
792,2020-01-29,South Australia,Doubling time,0.0,7
793,2020-01-29,Tasmania,Total cases,0.0,7
794,2020-01-29,Tasmania,Total cases per million,0.0,7
795,2020-01-29,Tasmania,New cases,0.0,7
796,2020-01-29,Tasmania,css_per_prsn,0.0,7
797,2020-01-29,Tasmania,New cases per week,0.0,7
798,2020-01-29,Tasmania,log10(Total cases),0.0,7
799,2020-01-29,Tasmania,log10(New cases per week),0.0,7
800,2020-01-29,Tasmania,Slope of power-law,0.0,7
801,2020-01-29,Tasmania,Acceleration of power-law,0.0,7
802,2020-01-29,Tasmania,Growth Rate,0.0,7
803,2020-01-29,Tasmania,Days since first case,7.0,7
804,2020-01-29,Tasmania,Average Growth Rate,0.0,7
805,2020-01-29,Tasmania,Doubling time,0.0,7
806,2020-01-29,Victoria,Total cases,1.0,7
807,2020-01-29,Victoria,Total cases per million,0.15725743041358703,7
808,2020-01-29,Victoria,New cases,0.0,7
809,2020-01-29,Victoria,css_per_prsn,0.0,7
810,2020-01-29,Victoria,New cases per week,1.0,7
811,2020-01-29,Victoria,log10(Total cases),0.0,7
812,2020-01-29,Victoria,log10(New cases per week),0.0,7
813,2020-01-29,Victoria,Slope of power-law,0.0,7
814,2020-01-29,Victoria,Acceleration of power-law,0.0,7
815,2020-01-29,Victoria,Growth Rate,25.0,7
816,2020-01-29,Victoria,Days since first case,7.0,7
817,2020-01-29,Victoria,Average Growth Rate,0.0,7
818,2020-01-29,Victoria,Doubling time,0.0,7
819,2020-01-29,Western Australia,Total cases,0.0,7
820,2020-01-29,Western Australia,Total cases per million,0.0,7
821,2020-01-29,Western Australia,New cases,0.0,7
822,2020-01-29,Western Australia,css_per_prsn,0.0,7
823,2020-01-29,Western Australia,New cases per week,0.0,7
824,2020-01-29,Western Australia,log10(Total cases),0.0,7
825,2020-01-29,Western Australia,log10(New cases per week),0.0,7
826,2020-01-29,Western Australia,Slope of power-law,0.0,7
827,2020-01-29,Western Australia,Acceleration of power-law,0.0,7
828,2020-01-29,Western Australia,Growth Rate,0.0,7
829,2020-01-29,Western Australia,Days since first case,7.0,7
830,2020-01-29,Western Australia,Average Growth Rate,0.0,7
831,2020-01-29,Western Australia,Doubling time,0.0,7
832,2020-01-30,Australian Capital Territory,Total cases,0.0,8
833,2020-01-30,Australian Capital Territory,Total cases per million,0.0,8
834,2020-01-30,Australian Capital Territory,New cases,0.0,8
835,2020-01-30,Australian Capital Territory,css_per_prsn,0.0,8
836,2020-01-30,Australian Capital Territory,New cases per week,0.0,8
837,2020-01-30,Australian Capital Territory,log10(Total cases),0.0,8
838,2020-01-30,Australian Capital Territory,log10(New cases per week),0.0,8
839,2020-01-30,Australian Capital Territory,Slope of power-law,0.0,8
840,2020-01-30,Australian Capital Territory,Acceleration of power-law,0.0,8
841,2020-01-30,Australian Capital Territory,Growth Rate,0.0,8
842,2020-01-30,Australian Capital Territory,Days since first case,8.0,8
843,2020-01-30,Australian Capital Territory,Average Growth Rate,0.0,8
844,2020-01-30,Australian Capital Territory,Doubling time,0.0,8
845,2020-01-30,New South Wales,Total cases,4.0,8
846,2020-01-30,New South Wales,Total cases per million,0.5302226935312832,8
847,2020-01-30,New South Wales,New cases,0.0,8
848,2020-01-30,New South Wales,css_per_prsn,0.0,8
849,2020-01-30,New South Wales,New cases per week,4.0,8
850,2020-01-30,New South Wales,log10(Total cases),0.6020599913279624,8
851,2020-01-30,New South Wales,log10(New cases per week),0.6020599913279624,8
852,2020-01-30,New South Wales,Slope of power-law,0.0,8
853,2020-01-30,New South Wales,Acceleration of power-law,0.0,8
854,2020-01-30,New South Wales,Growth Rate,21.05263157894737,8
855,2020-01-30,New South Wales,Days since first case,8.0,8
856,2020-01-30,New South Wales,Average Growth Rate,0.01436718635112303,8
857,2020-01-30,New South Wales,Doubling time,0.11493749080898424,8
858,2020-01-30,Northern Territory,Total cases,0.0,8
859,2020-01-30,Northern Territory,Total cases per million,0.0,8
860,2020-01-30,Northern Territory,New cases,0.0,8
861,2020-01-30,Northern Territory,css_per_prsn,0.0,8
862,2020-01-30,Northern Territory,New cases per week,0.0,8
863,2020-01-30,Northern Territory,log10(Total cases),0.0,8
864,2020-01-30,Northern Territory,log10(New cases per week),0.0,8
865,2020-01-30,Northern Territory,Slope of power-law,0.0,8
866,2020-01-30,Northern Territory,Acceleration of power-law,0.0,8
867,2020-01-30,Northern Territory,Growth Rate,0.0,8
868,2020-01-30,Northern Territory,Days since first case,8.0,8
869,2020-01-30,Northern Territory,Average Growth Rate,0.0,8
870,2020-01-30,Northern Territory,Doubling time,0.0,8
871,2020-01-30,Queensland,Total cases,3.0,8
872,2020-01-30,Queensland,Total cases per million,0.5915992900808519,8
873,2020-01-30,Queensland,New cases,2.0,8
874,2020-01-30,Queensland,css_per_prsn,0.39439952672056794,8
875,2020-01-30,Queensland,New cases per week,3.0,8
876,2020-01-30,Queensland,log10(Total cases),0.47712125471966244,8
877,2020-01-30,Queensland,log10(New cases per week),0.47712125471966244,8
878,2020-01-30,Queensland,Slope of power-law,0.0,8
879,2020-01-30,Queensland,Acceleration of power-law,0.0,8
880,2020-01-30,Queensland,Growth Rate,74.99999999999999,8
881,2020-01-30,Queensland,Days since first case,8.0,8
882,2020-01-30,Queensland,Average Growth Rate,0.0,8
883,2020-01-30,Queensland,Doubling time,0.0,8
884,2020-01-30,South Australia,Total cases,0.0,8
885,2020-01-30,South Australia,Total cases per million,0.0,8
886,2020-01-30,South Australia,New cases,0.0,8
887,2020-01-30,South Australia,css_per_prsn,0.0,8
888,2020-01-30,South Australia,New cases per week,0.0,8
889,2020-01-30,South Australia,log10(Total cases),0.0,8
890,2020-01-30,South Australia,log10(New cases per week),0.0,8
891,2020-01-30,South Australia,Slope of power-law,0.0,8
892,2020-01-30,South Australia,Acceleration of power-law,0.0,8
893,2020-01-30,South Australia,Growth Rate,0.0,8
894,2020-01-30,South Australia,Days since first case,8.0,8
895,2020-01-30,South Australia,Average Growth Rate,0.0,8
896,2020-01-30,South Australia,Doubling time,0.0,8
897,2020-01-30,Tasmania,Total cases,0.0,8
898,2020-01-30,Tasmania,Total cases per million,0.0,8
899,2020-01-30,Tasmania,New cases,0.0,8
900,2020-01-30,Tasmania,css_per_prsn,0.0,8
901,2020-01-30,Tasmania,New cases per week,0.0,8
902,2020-01-30,Tasmania,log10(Total cases),0.0,8
903,2020-01-30,Tasmania,log10(New cases per week),0.0,8
904,2020-01-30,Tasmania,Slope of power-law,0.0,8
905,2020-01-30,Tasmania,Acceleration of power-law,0.0,8
906,2020-01-30,Tasmania,Growth Rate,0.0,8
907,2020-01-30,Tasmania,Days since first case,8.0,8
908,2020-01-30,Tasmania,Average Growth Rate,0.0,8
909,2020-01-30,Tasmania,Doubling time,0.0,8
910,2020-01-30,Victoria,Total cases,2.0,8
911,2020-01-30,Victoria,Total cases per million,0.31451486082717406,8
912,2020-01-30,Victoria,New cases,1.0,8
913,2020-01-30,Victoria,css_per_prsn,0.15725743041358703,8
914,2020-01-30,Victoria,New cases per week,2.0,8
915,2020-01-30,Victoria,log10(Total cases),0.3010299956639812,8
916,2020-01-30,Victoria,log10(New cases per week),0.3010299956639812,8
917,2020-01-30,Victoria,Slope of power-law,0.0,8
918,2020-01-30,Victoria,Acceleration of power-law,0.0,8
919,2020-01-30,Victoria,Growth Rate,33.333333333333336,8
920,2020-01-30,Victoria,Days since first case,8.0,8
921,2020-01-30,Victoria,Average Growth Rate,0.014340976149516108,8
922,2020-01-30,Victoria,Doubling time,0.11472780919612886,8
923,2020-01-30,Western Australia,Total cases,0.0,8
924,2020-01-30,Western Australia,Total cases per million,0.0,8
925,2020-01-30,Western Australia,New cases,0.0,8
926,2020-01-30,Western Australia,css_per_prsn,0.0,8
927,2020-01-30,Western Australia,New cases per week,0.0,8
928,2020-01-30,Western Australia,log10(Total cases),0.0,8
929,2020-01-30,Western Australia,log10(New cases per week),0.0,8
930,2020-01-30,Western Australia,Slope of power-law,0.0,8
931,2020-01-30,Western Australia,Acceleration of power-law,0.0,8
932,2020-01-30,Western Australia,Growth Rate,0.0,8
933,2020-01-30,Western Australia,Days since first case,8.0,8
934,2020-01-30,Western Australia,Average Growth Rate,0.0,8
935,2020-01-30,Western Australia,Doubling time,0.0,8
936,2020-01-31,Australian Capital Territory,Total cases,0.0,9
937,2020-01-31,Australian Capital Territory,Total cases per million,0.0,9
938,2020-01-31,Australian Capital Territory,New cases,0.0,9
939,2020-01-31,Australian Capital Territory,css_per_prsn,0.0,9
940,2020-01-31,Australian Capital Territory,New cases per week,0.0,9
941,2020-01-31,Australian Capital Territory,log10(Total cases),0.0,9
942,2020-01-31,Australian Capital Territory,log10(New cases per week),0.0,9
943,2020-01-31,Australian Capital Territory,Slope of power-law,0.0,9
944,2020-01-31,Australian Capital Territory,Acceleration of power-law,0.0,9
945,2020-01-31,Australian Capital Territory,Growth Rate,0.0,9
946,2020-01-31,Australian Capital Territory,Days since first case,9.0,9
947,2020-01-31,Australian Capital Territory,Average Growth Rate,0.0,9
948,2020-01-31,Australian Capital Territory,Doubling time,0.0,9
949,2020-01-31,New South Wales,Total cases,4.0,9
950,2020-01-31,New South Wales,Total cases per million,0.5302226935312832,9
951,2020-01-31,New South Wales,New cases,0.0,9
952,2020-01-31,New South Wales,css_per_prsn,0.0,9
953,2020-01-31,New South Wales,New cases per week,4.0,9
954,2020-01-31,New South Wales,log10(Total cases),0.6020599913279624,9
955,2020-01-31,New South Wales,log10(New cases per week),0.6020599913279624,9
956,2020-01-31,New South Wales,Slope of power-law,0.0,9
957,2020-01-31,New South Wales,Acceleration of power-law,0.0,9
958,2020-01-31,New South Wales,Growth Rate,5.0,9
959,2020-01-31,New South Wales,Days since first case,9.0,9
960,2020-01-31,New South Wales,Average Growth Rate,0.02370126269293922,9
961,2020-01-31,New South Wales,Doubling time,0.21331136423645297,9
962,2020-01-31,Northern Territory,Total cases,0.0,9
963,2020-01-31,Northern Territory,Total cases per million,0.0,9
964,2020-01-31,Northern Territory,New cases,0.0,9
965,2020-01-31,Northern Territory,css_per_prsn,0.0,9
966,2020-01-31,Northern Territory,New cases per week,0.0,9
967,2020-01-31,Northern Territory,log10(Total cases),0.0,9
968,2020-01-31,Northern Territory,log10(New cases per week),0.0,9
969,2020-01-31,Northern Territory,Slope of power-law,0.0,9
970,2020-01-31,Northern Territory,Acceleration of power-law,0.0,9
971,2020-01-31,Northern Territory,Growth Rate,0.0,9
972,2020-01-31,Northern Territory,Days since first case,9.0,9
973,2020-01-31,Northern Territory,Average Growth Rate,0.0,9
974,2020-01-31,Northern Territory,Doubling time,0.0,9
975,2020-01-31,Queensland,Total cases,2.0,9
976,2020-01-31,Queensland,Total cases per million,0.39439952672056794,9
977,2020-01-31,Queensland,New cases,-1.0,9
978,2020-01-31,Queensland,css_per_prsn,-0.19719976336028397,9
979,2020-01-31,Queensland,New cases per week,2.0,9
980,2020-01-31,Queensland,log10(Total cases),0.3010299956639812,9
981,2020-01-31,Queensland,log10(New cases per week),0.3010299956639812,9
982,2020-01-31,Queensland,Slope of power-law,0.0,9
983,2020-01-31,Queensland,Acceleration of power-law,0.0,9
984,2020-01-31,Queensland,Growth Rate,33.333333333333336,9
985,2020-01-31,Queensland,Days since first case,9.0,9
986,2020-01-31,Queensland,Average Growth Rate,0.0,9
987,2020-01-31,Queensland,Doubling time,0.0,9
988,2020-01-31,South Australia,Total cases,0.0,9
989,2020-01-31,South Australia,Total cases per million,0.0,9
990,2020-01-31,South Australia,New cases,0.0,9
991,2020-01-31,South Australia,css_per_prsn,0.0,9
992,2020-01-31,South Australia,New cases per week,0.0,9
993,2020-01-31,South Australia,log10(Total cases),0.0,9
994,2020-01-31,South Australia,log10(New cases per week),0.0,9
995,2020-01-31,South Australia,Slope of power-law,0.0,9
996,2020-01-31,South Australia,Acceleration of power-law,0.0,9
997,2020-01-31,South Australia,Growth Rate,0.0,9
998,2020-01-31,South Australia,Days since first case,9.0,9
999,2020-01-31,South Australia,Average Growth Rate,0.0,9
1000,2020-01-31,South Australia,Doubling time,0.0,9
1001,2020-01-31,Tasmania,Total cases,0.0,9
1002,2020-01-31,Tasmania,Total cases per million,0.0,9
1003,2020-01-31,Tasmania,New cases,0.0,9
1004,2020-01-31,Tasmania,css_per_prsn,0.0,9
1005,2020-01-31,Tasmania,New cases per week,0.0,9
1006,2020-01-31,Tasmania,log10(Total cases),0.0,9
1007,2020-01-31,Tasmania,log10(New cases per week),0.0,9
1008,2020-01-31,Tasmania,Slope of power-law,0.0,9
1009,2020-01-31,Tasmania,Acceleration of power-law,0.0,9
1010,2020-01-31,Tasmania,Growth Rate,0.0,9
1011,2020-01-31,Tasmania,Days since first case,9.0,9
1012,2020-01-31,Tasmania,Average Growth Rate,0.0,9
1013,2020-01-31,Tasmania,Doubling time,0.0,9
1014,2020-01-31,Victoria,Total cases,3.0,9
1015,2020-01-31,Victoria,Total cases per million,0.47177229124076114,9
1016,2020-01-31,Victoria,New cases,1.0,9
1017,2020-01-31,Victoria,css_per_prsn,0.15725743041358703,9
1018,2020-01-31,Victoria,New cases per week,3.0,9
1019,2020-01-31,Victoria,log10(Total cases),0.47712125471966244,9
1020,2020-01-31,Victoria,log10(New cases per week),0.47712125471966244,9
1021,2020-01-31,Victoria,Slope of power-law,0.0,9
1022,2020-01-31,Victoria,Acceleration of power-law,0.0,9
1023,2020-01-31,Victoria,Growth Rate,25.0,9
1024,2020-01-31,Victoria,Days since first case,9.0,9
1025,2020-01-31,Victoria,Average Growth Rate,0.020794415416798356,9
1026,2020-01-31,Victoria,Doubling time,0.1871497387511852,9
1027,2020-01-31,Western Australia,Total cases,0.0,9
1028,2020-01-31,Western Australia,Total cases per million,0.0,9
1029,2020-01-31,Western Australia,New cases,0.0,9
1030,2020-01-31,Western Australia,css_per_prsn,0.0,9
1031,2020-01-31,Western Australia,New cases per week,0.0,9
1032,2020-01-31,Western Australia,log10(Total cases),0.0,9
1033,2020-01-31,Western Australia,log10(New cases per week),0.0,9
1034,2020-01-31,Western Australia,Slope of power-law,0.0,9
1035,2020-01-31,Western Australia,Acceleration of power-law,0.0,9
1036,2020-01-31,Western Australia,Growth Rate,0.0,9
1037,2020-01-31,Western Australia,Days since first case,9.0,9
1038,2020-01-31,Western Australia,Average Growth Rate,0.0,9
1039,2020-01-31,Western Australia,Doubling time,0.0,9
1040,2020-02-01,Australian Capital Territory,Total cases,0.0,10
1041,2020-02-01,Australian Capital Territory,Total cases per million,0.0,10
1042,2020-02-01,Australian Capital Territory,New cases,0.0,10
1043,2020-02-01,Australian Capital Territory,css_per_prsn,0.0,10
1044,2020-02-01,Australian Capital Territory,New cases per week,0.0,10
1045,2020-02-01,Australian Capital Territory,log10(Total cases),0.0,10
1046,2020-02-01,Australian Capital Territory,log10(New cases per week),0.0,10
1047,2020-02-01,Australian Capital Territory,Slope of power-law,0.0,10
1048,2020-02-01,Australian Capital Territory,Acceleration of power-law,0.0,10
1049,2020-02-01,Australian Capital Territory,Growth Rate,0.0,10
1050,2020-02-01,Australian Capital Territory,Days since first case,10.0,10
1051,2020-02-01,Australian Capital Territory,Average Growth Rate,0.0,10
1052,2020-02-01,Australian Capital Territory,Doubling time,0.0,10
1053,2020-02-01,New South Wales,Total cases,4.0,10
1054,2020-02-01,New South Wales,Total cases per million,0.5302226935312832,10
1055,2020-02-01,New South Wales,New cases,0.0,10
1056,2020-02-01,New South Wales,css_per_prsn,0.0,10
1057,2020-02-01,New South Wales,New cases per week,4.0,10
1058,2020-02-01,New South Wales,log10(Total cases),0.6020599913279624,10
1059,2020-02-01,New South Wales,log10(New cases per week),0.6020599913279624,10
1060,2020-02-01,New South Wales,Slope of power-law,1.0,10
1061,2020-02-01,New South Wales,Acceleration of power-law,0.0,10
1062,2020-02-01,New South Wales,Growth Rate,0.0,10
1063,2020-02-01,New South Wales,Days since first case,10.0,10
1064,2020-02-01,New South Wales,Average Growth Rate,0.038904599607115356,10
1065,2020-02-01,New South Wales,Doubling time,0.38904599607115353,10
1066,2020-02-01,Northern Territory,Total cases,0.0,10
1067,2020-02-01,Northern Territory,Total cases per million,0.0,10
1068,2020-02-01,Northern Territory,New cases,0.0,10
1069,2020-02-01,Northern Territory,css_per_prsn,0.0,10
1070,2020-02-01,Northern Territory,New cases per week,0.0,10
1071,2020-02-01,Northern Territory,log10(Total cases),0.0,10
1072,2020-02-01,Northern Territory,log10(New cases per week),0.0,10
1073,2020-02-01,Northern Territory,Slope of power-law,0.0,10
1074,2020-02-01,Northern Territory,Acceleration of power-law,0.0,10
1075,2020-02-01,Northern Territory,Growth Rate,0.0,10
1076,2020-02-01,Northern Territory,Days since first case,10.0,10
1077,2020-02-01,Northern Territory,Average Growth Rate,0.0,10
1078,2020-02-01,Northern Territory,Doubling time,0.0,10
1079,2020-02-01,Queensland,Total cases,3.0,10
1080,2020-02-01,Queensland,Total cases per million,0.5915992900808519,10
1081,2020-02-01,Queensland,New cases,1.0,10
1082,2020-02-01,Queensland,css_per_prsn,0.19719976336028397,10
1083,2020-02-01,Queensland,New cases per week,3.0,10
1084,2020-02-01,Queensland,log10(Total cases),0.47712125471966244,10
1085,2020-02-01,Queensland,log10(New cases per week),0.47712125471966244,10
1086,2020-02-01,Queensland,Slope of power-law,1.0,10
1087,2020-02-01,Queensland,Acceleration of power-law,0.0,10
1088,2020-02-01,Queensland,Growth Rate,33.33333333333333,10
1089,2020-02-01,Queensland,Days since first case,10.0,10
1090,2020-02-01,Queensland,Average Growth Rate,0.0,10
1091,2020-02-01,Queensland,Doubling time,0.0,10
1092,2020-02-01,South Australia,Total cases,1.0,10
1093,2020-02-01,South Australia,Total cases per million,0.5963029218843172,10
1094,2020-02-01,South Australia,New cases,1.0,10
1095,2020-02-01,South Australia,css_per_prsn,0.5963029218843172,10
1096,2020-02-01,South Australia,New cases per week,1.0,10
1097,2020-02-01,South Australia,log10(Total cases),0.0,10
1098,2020-02-01,South Australia,log10(New cases per week),0.0,10
1099,2020-02-01,South Australia,Slope of power-law,0.0,10
1100,2020-02-01,South Australia,Acceleration of power-law,0.0,10
1101,2020-02-01,South Australia,Growth Rate,100.0,10
1102,2020-02-01,South Australia,Days since first case,10.0,10
1103,2020-02-01,South Australia,Average Growth Rate,0.0,10
1104,2020-02-01,South Australia,Doubling time,0.0,10
1105,2020-02-01,Tasmania,Total cases,0.0,10
1106,2020-02-01,Tasmania,Total cases per million,0.0,10
1107,2020-02-01,Tasmania,New cases,0.0,10
1108,2020-02-01,Tasmania,css_per_prsn,0.0,10
1109,2020-02-01,Tasmania,New cases per week,0.0,10
1110,2020-02-01,Tasmania,log10(Total cases),0.0,10
1111,2020-02-01,Tasmania,log10(New cases per week),0.0,10
1112,2020-02-01,Tasmania,Slope of power-law,0.0,10
1113,2020-02-01,Tasmania,Acceleration of power-law,0.0,10
1114,2020-02-01,Tasmania,Growth Rate,0.0,10
1115,2020-02-01,Tasmania,Days since first case,10.0,10
1116,2020-02-01,Tasmania,Average Growth Rate,0.0,10
1117,2020-02-01,Tasmania,Doubling time,0.0,10
1118,2020-02-01,Victoria,Total cases,4.0,10
1119,2020-02-01,Victoria,Total cases per million,0.6290297216543481,10
1120,2020-02-01,Victoria,New cases,1.0,10
1121,2020-02-01,Victoria,css_per_prsn,0.15725743041358703,10
1122,2020-02-01,Victoria,New cases per week,4.0,10
1123,2020-02-01,Victoria,log10(Total cases),0.6020599913279624,10
1124,2020-02-01,Victoria,log10(New cases per week),0.6020599913279624,10
1125,2020-02-01,Victoria,Slope of power-law,1.0,10
1126,2020-02-01,Victoria,Acceleration of power-law,0.0,10
1127,2020-02-01,Victoria,Growth Rate,27.27272727272727,10
1128,2020-02-01,Victoria,Days since first case,10.0,10
1129,2020-02-01,Victoria,Average Growth Rate,0.024077744166819147,10
1130,2020-02-01,Victoria,Doubling time,0.24077744166819148,10
1131,2020-02-01,Western Australia,Total cases,0.0,10
1132,2020-02-01,Western Australia,Total cases per million,0.0,10
1133,2020-02-01,Western Australia,New cases,0.0,10
1134,2020-02-01,Western Australia,css_per_prsn,0.0,10
1135,2020-02-01,Western Australia,New cases per week,0.0,10
1136,2020-02-01,Western Australia,log10(Total cases),0.0,10
1137,2020-02-01,Western Australia,log10(New cases per week),0.0,10
1138,2020-02-01,Western Australia,Slope of power-law,0.0,10
1139,2020-02-01,Western Australia,Acceleration of power-law,0.0,10
1140,2020-02-01,Western Australia,Growth Rate,0.0,10
1141,2020-02-01,Western Australia,Days since first case,10.0,10
1142,2020-02-01,Western Australia,Average Growth Rate,0.0,10
1143,2020-02-01,Western Australia,Doubling time,0.0,10
1144,2020-02-02,Australian Capital Territory,Total cases,0.0,11
1145,2020-02-02,Australian Capital Territory,Total cases per million,0.0,11
1146,2020-02-02,Australian Capital Territory,New cases,0.0,11
1147,2020-02-02,Australian Capital Territory,css_per_prsn,0.0,11
1148,2020-02-02,Australian Capital Territory,New cases per week,0.0,11
1149,2020-02-02,Australian Capital Territory,log10(Total cases),0.0,11
1150,2020-02-02,Australian Capital Territory,log10(New cases per week),0.0,11
1151,2020-02-02,Australian Capital Territory,Slope of power-law,0.0,11
1152,2020-02-02,Australian Capital Territory,Acceleration of power-law,0.0,11
1153,2020-02-02,Australian Capital Territory,Growth Rate,0.0,11
1154,2020-02-02,Australian Capital Territory,Days since first case,11.0,11
1155,2020-02-02,Australian Capital Territory,Average Growth Rate,0.0,11
1156,2020-02-02,Australian Capital Territory,Doubling time,0.0,11
1157,2020-02-02,New South Wales,Total cases,4.0,11
1158,2020-02-02,New South Wales,Total cases per million,0.5302226935312832,11
1159,2020-02-02,New South Wales,New cases,0.0,11
1160,2020-02-02,New South Wales,css_per_prsn,0.0,11
1161,2020-02-02,New South Wales,New cases per week,1.0,11
1162,2020-02-02,New South Wales,log10(Total cases),0.6020599913279624,11
1163,2020-02-02,New South Wales,log10(New cases per week),0.0,11
1164,2020-02-02,New South Wales,Slope of power-law,0.0,11
1165,2020-02-02,New South Wales,Acceleration of power-law,-inf,11
1166,2020-02-02,New South Wales,Growth Rate,0.0,11
1167,2020-02-02,New South Wales,Days since first case,11.0,11
1168,2020-02-02,New South Wales,Average Growth Rate,0.06573941645909628,11
1169,2020-02-02,New South Wales,Doubling time,0.7231335810500591,11
1170,2020-02-02,Northern Territory,Total cases,0.0,11
1171,2020-02-02,Northern Territory,Total cases per million,0.0,11
1172,2020-02-02,Northern Territory,New cases,0.0,11
1173,2020-02-02,Northern Territory,css_per_prsn,0.0,11
1174,2020-02-02,Northern Territory,New cases per week,0.0,11
1175,2020-02-02,Northern Territory,log10(Total cases),0.0,11
1176,2020-02-02,Northern Territory,log10(New cases per week),0.0,11
1177,2020-02-02,Northern Territory,Slope of power-law,0.0,11
1178,2020-02-02,Northern Territory,Acceleration of power-law,0.0,11
1179,2020-02-02,Northern Territory,Growth Rate,0.0,11
1180,2020-02-02,Northern Territory,Days since first case,11.0,11
1181,2020-02-02,Northern Territory,Average Growth Rate,0.0,11
1182,2020-02-02,Northern Territory,Doubling time,0.0,11
1183,2020-02-02,Queensland,Total cases,2.0,11
1184,2020-02-02,Queensland,Total cases per million,0.39439952672056794,11
1185,2020-02-02,Queensland,New cases,-1.0,11
1186,2020-02-02,Queensland,css_per_prsn,-0.19719976336028397,11
1187,2020-02-02,Queensland,New cases per week,2.0,11
1188,2020-02-02,Queensland,log10(Total cases),0.3010299956639812,11
1189,2020-02-02,Queensland,log10(New cases per week),0.3010299956639812,11
1190,2020-02-02,Queensland,Slope of power-law,1.0,11
1191,2020-02-02,Queensland,Acceleration of power-law,-0.0,11
1192,2020-02-02,Queensland,Growth Rate,18.181818181818183,11
1193,2020-02-02,Queensland,Days since first case,11.0,11
1194,2020-02-02,Queensland,Average Growth Rate,0.0133375259233109,11
1195,2020-02-02,Queensland,Doubling time,0.1467127851564199,11
1196,2020-02-02,South Australia,Total cases,2.0,11
1197,2020-02-02,South Australia,Total cases per million,1.1926058437686344,11
1198,2020-02-02,South Australia,New cases,1.0,11
1199,2020-02-02,South Australia,css_per_prsn,0.5963029218843172,11
1200,2020-02-02,South Australia,New cases per week,2.0,11
1201,2020-02-02,South Australia,log10(Total cases),0.3010299956639812,11
1202,2020-02-02,South Australia,log10(New cases per week),0.3010299956639812,11
1203,2020-02-02,South Australia,Slope of power-law,1.0,11
1204,2020-02-02,South Australia,Acceleration of power-law,0.0,11
1205,2020-02-02,South Australia,Growth Rate,66.66666666666667,11
1206,2020-02-02,South Australia,Days since first case,11.0,11
1207,2020-02-02,South Australia,Average Growth Rate,0.0,11
1208,2020-02-02,South Australia,Doubling time,0.0,11
1209,2020-02-02,Tasmania,Total cases,0.0,11
1210,2020-02-02,Tasmania,Total cases per million,0.0,11
1211,2020-02-02,Tasmania,New cases,0.0,11
1212,2020-02-02,Tasmania,css_per_prsn,0.0,11
1213,2020-02-02,Tasmania,New cases per week,0.0,11
1214,2020-02-02,Tasmania,log10(Total cases),0.0,11
1215,2020-02-02,Tasmania,log10(New cases per week),0.0,11
1216,2020-02-02,Tasmania,Slope of power-law,0.0,11
1217,2020-02-02,Tasmania,Acceleration of power-law,0.0,11
1218,2020-02-02,Tasmania,Growth Rate,0.0,11
1219,2020-02-02,Tasmania,Days since first case,11.0,11
1220,2020-02-02,Tasmania,Average Growth Rate,0.0,11
1221,2020-02-02,Tasmania,Doubling time,0.0,11
1222,2020-02-02,Victoria,Total cases,4.0,11
1223,2020-02-02,Victoria,Total cases per million,0.6290297216543481,11
1224,2020-02-02,Victoria,New cases,0.0,11
1225,2020-02-02,Victoria,css_per_prsn,0.0,11
1226,2020-02-02,Victoria,New cases per week,3.0,11
1227,2020-02-02,Victoria,log10(Total cases),0.6020599913279624,11
1228,2020-02-02,Victoria,log10(New cases per week),0.47712125471966244,11
1229,2020-02-02,Victoria,Slope of power-law,0.792481250360578,11
1230,2020-02-02,Victoria,Acceleration of power-law,-inf,11
1231,2020-02-02,Victoria,Growth Rate,21.42857142857143,11
1232,2020-02-02,Victoria,Days since first case,11.0,11
1233,2020-02-02,Victoria,Average Growth Rate,0.02624868831300776,11
1234,2020-02-02,Victoria,Doubling time,0.28873557144308537,11
1235,2020-02-02,Western Australia,Total cases,0.0,11
1236,2020-02-02,Western Australia,Total cases per million,0.0,11
1237,2020-02-02,Western Australia,New cases,0.0,11
1238,2020-02-02,Western Australia,css_per_prsn,0.0,11
1239,2020-02-02,Western Australia,New cases per week,0.0,11
1240,2020-02-02,Western Australia,log10(Total cases),0.0,11
1241,2020-02-02,Western Australia,log10(New cases per week),0.0,11
1242,2020-02-02,Western Australia,Slope of power-law,0.0,11
1243,2020-02-02,Western Australia,Acceleration of power-law,0.0,11
1244,2020-02-02,Western Australia,Growth Rate,0.0,11
1245,2020-02-02,Western Australia,Days since first case,11.0,11
1246,2020-02-02,Western Australia,Average Growth Rate,0.0,11
1247,2020-02-02,Western Australia,Doubling time,0.0,11
1248,2020-02-03,Australian Capital Territory,Total cases,0.0,12
1249,2020-02-03,Australian Capital Territory,Total cases per million,0.0,12
1250,2020-02-03,Australian Capital Territory,New cases,0.0,12
1251,2020-02-03,Australian Capital Territory,css_per_prsn,0.0,12
1252,2020-02-03,Australian Capital Territory,New cases per week,0.0,12
1253,2020-02-03,Australian Capital Territory,log10(Total cases),0.0,12
1254,2020-02-03,Australian Capital Territory,log10(New cases per week),0.0,12
1255,2020-02-03,Australian Capital Territory,Slope of power-law,0.0,12
1256,2020-02-03,Australian Capital Territory,Acceleration of power-law,0.0,12
1257,2020-02-03,Australian Capital Territory,Growth Rate,0.0,12
1258,2020-02-03,Australian Capital Territory,Days since first case,12.0,12
1259,2020-02-03,Australian Capital Territory,Average Growth Rate,0.0,12
1260,2020-02-03,Australian Capital Territory,Doubling time,0.0,12
1261,2020-02-03,New South Wales,Total cases,4.0,12
1262,2020-02-03,New South Wales,Total cases per million,0.5302226935312832,12
1263,2020-02-03,New South Wales,New cases,0.0,12
1264,2020-02-03,New South Wales,css_per_prsn,0.0,12
1265,2020-02-03,New South Wales,New cases per week,0.0,12
1266,2020-02-03,New South Wales,log10(Total cases),0.6020599913279624,12
1267,2020-02-03,New South Wales,log10(New cases per week),0.0,12
1268,2020-02-03,New South Wales,Slope of power-law,0.0,12
1269,2020-02-03,New South Wales,Acceleration of power-law,0.0,12
1270,2020-02-03,New South Wales,Growth Rate,0.0,12
1271,2020-02-03,New South Wales,Days since first case,12.0,12
1272,2020-02-03,New South Wales,Average Growth Rate,0.13302824677413086,12
1273,2020-02-03,New South Wales,Doubling time,1.5963389612895704,12
1274,2020-02-03,Northern Territory,Total cases,0.0,12
1275,2020-02-03,Northern Territory,Total cases per million,0.0,12
1276,2020-02-03,Northern Territory,New cases,0.0,12
1277,2020-02-03,Northern Territory,css_per_prsn,0.0,12
1278,2020-02-03,Northern Territory,New cases per week,0.0,12
1279,2020-02-03,Northern Territory,log10(Total cases),0.0,12
1280,2020-02-03,Northern Territory,log10(New cases per week),0.0,12
1281,2020-02-03,Northern Territory,Slope of power-law,0.0,12
1282,2020-02-03,Northern Territory,Acceleration of power-law,0.0,12
1283,2020-02-03,Northern Territory,Growth Rate,0.0,12
1284,2020-02-03,Northern Territory,Days since first case,12.0,12
1285,2020-02-03,Northern Territory,Average Growth Rate,0.0,12
1286,2020-02-03,Northern Territory,Doubling time,0.0,12
1287,2020-02-03,Queensland,Total cases,2.0,12
1288,2020-02-03,Queensland,Total cases per million,0.39439952672056794,12
1289,2020-02-03,Queensland,New cases,0.0,12
1290,2020-02-03,Queensland,css_per_prsn,0.0,12
1291,2020-02-03,Queensland,New cases per week,2.0,12
1292,2020-02-03,Queensland,log10(Total cases),0.3010299956639812,12
1293,2020-02-03,Queensland,log10(New cases per week),0.3010299956639812,12
1294,2020-02-03,Queensland,Slope of power-law,1.0,12
1295,2020-02-03,Queensland,Acceleration of power-law,0.0,12
1296,2020-02-03,Queensland,Growth Rate,8.333333333333334,12
1297,2020-02-03,Queensland,Days since first case,12.0,12
1298,2020-02-03,Queensland,Average Growth Rate,0.020607078340971342,12
1299,2020-02-03,Queensland,Doubling time,0.2472849400916561,12
1300,2020-02-03,South Australia,Total cases,2.0,12
1301,2020-02-03,South Australia,Total cases per million,1.1926058437686344,12
1302,2020-02-03,South Australia,New cases,0.0,12
1303,2020-02-03,South Australia,css_per_prsn,0.0,12
1304,2020-02-03,South Australia,New cases per week,2.0,12
1305,2020-02-03,South Australia,log10(Total cases),0.3010299956639812,12
1306,2020-02-03,South Australia,log10(New cases per week),0.3010299956639812,12
1307,2020-02-03,South Australia,Slope of power-law,1.0,12
1308,2020-02-03,South Australia,Acceleration of power-law,0.0,12
1309,2020-02-03,South Australia,Growth Rate,40.0,12
1310,2020-02-03,South Australia,Days since first case,12.0,12
1311,2020-02-03,South Australia,Average Growth Rate,0.0,12
1312,2020-02-03,South Australia,Doubling time,0.0,12
1313,2020-02-03,Tasmania,Total cases,0.0,12
1314,2020-02-03,Tasmania,Total cases per million,0.0,12
1315,2020-02-03,Tasmania,New cases,0.0,12
1316,2020-02-03,Tasmania,css_per_prsn,0.0,12
1317,2020-02-03,Tasmania,New cases per week,0.0,12
1318,2020-02-03,Tasmania,log10(Total cases),0.0,12
1319,2020-02-03,Tasmania,log10(New cases per week),0.0,12
1320,2020-02-03,Tasmania,Slope of power-law,0.0,12
1321,2020-02-03,Tasmania,Acceleration of power-law,0.0,12
1322,2020-02-03,Tasmania,Growth Rate,0.0,12
1323,2020-02-03,Tasmania,Days since first case,12.0,12
1324,2020-02-03,Tasmania,Average Growth Rate,0.0,12
1325,2020-02-03,Tasmania,Doubling time,0.0,12
1326,2020-02-03,Victoria,Total cases,4.0,12
1327,2020-02-03,Victoria,Total cases per million,0.6290297216543481,12
1328,2020-02-03,Victoria,New cases,0.0,12
1329,2020-02-03,Victoria,css_per_prsn,0.0,12
1330,2020-02-03,Victoria,New cases per week,3.0,12
1331,2020-02-03,Victoria,log10(Total cases),0.6020599913279624,12
1332,2020-02-03,Victoria,log10(New cases per week),0.47712125471966244,12
1333,2020-02-03,Victoria,Slope of power-law,0.792481250360578,12
1334,2020-02-03,Victoria,Acceleration of power-law,0.0,12
1335,2020-02-03,Victoria,Growth Rate,17.647058823529413,12
1336,2020-02-03,Victoria,Days since first case,12.0,12
1337,2020-02-03,Victoria,Average Growth Rate,0.02779667069756349,12
1338,2020-02-03,Victoria,Doubling time,0.33356004837076186,12
1339,2020-02-03,Western Australia,Total cases,0.0,12
1340,2020-02-03,Western Australia,Total cases per million,0.0,12
1341,2020-02-03,Western Australia,New cases,0.0,12
1342,2020-02-03,Western Australia,css_per_prsn,0.0,12
1343,2020-02-03,Western Australia,New cases per week,0.0,12
1344,2020-02-03,Western Australia,log10(Total cases),0.0,12
1345,2020-02-03,Western Australia,log10(New cases per week),0.0,12
1346,2020-02-03,Western Australia,Slope of power-law,0.0,12
1347,2020-02-03,Western Australia,Acceleration of power-law,0.0,12
1348,2020-02-03,Western Australia,Growth Rate,0.0,12
1349,2020-02-03,Western Australia,Days since first case,12.0,12
1350,2020-02-03,Western Australia,Average Growth Rate,0.0,12
1351,2020-02-03,Western Australia,Doubling time,0.0,12
1352,2020-02-04,Australian Capital Territory,Total cases,0.0,13
1353,2020-02-04,Australian Capital Territory,Total cases per million,0.0,13
1354,2020-02-04,Australian Capital Territory,New cases,0.0,13
1355,2020-02-04,Australian Capital Territory,css_per_prsn,0.0,13
1356,2020-02-04,Australian Capital Territory,New cases per week,0.0,13
1357,2020-02-04,Australian Capital Territory,log10(Total cases),0.0,13
1358,2020-02-04,Australian Capital Territory,log10(New cases per week),0.0,13
1359,2020-02-04,Australian Capital Territory,Slope of power-law,0.0,13
1360,2020-02-04,Australian Capital Territory,Acceleration of power-law,0.0,13
1361,2020-02-04,Australian Capital Territory,Growth Rate,0.0,13
1362,2020-02-04,Australian Capital Territory,Days since first case,13.0,13
1363,2020-02-04,Australian Capital Territory,Average Growth Rate,0.0,13
1364,2020-02-04,Australian Capital Territory,Doubling time,0.0,13
1365,2020-02-04,New South Wales,Total cases,4.0,13
1366,2020-02-04,New South Wales,Total cases per million,0.5302226935312832,13
1367,2020-02-04,New South Wales,New cases,0.0,13
1368,2020-02-04,New South Wales,css_per_prsn,0.0,13
1369,2020-02-04,New South Wales,New cases per week,0.0,13
1370,2020-02-04,New South Wales,log10(Total cases),0.6020599913279624,13
1371,2020-02-04,New South Wales,log10(New cases per week),0.0,13
1372,2020-02-04,New South Wales,Slope of power-law,0.0,13
1373,2020-02-04,New South Wales,Acceleration of power-law,0.0,13
1374,2020-02-04,New South Wales,Growth Rate,0.0,13
1375,2020-02-04,New South Wales,Days since first case,13.0,13
1376,2020-02-04,New South Wales,Average Growth Rate,0.6931471805599437,13
1377,2020-02-04,New South Wales,Doubling time,9.010913347279269,13
1378,2020-02-04,Northern Territory,Total cases,0.0,13
1379,2020-02-04,Northern Territory,Total cases per million,0.0,13
1380,2020-02-04,Northern Territory,New cases,0.0,13
1381,2020-02-04,Northern Territory,css_per_prsn,0.0,13
1382,2020-02-04,Northern Territory,New cases per week,0.0,13
1383,2020-02-04,Northern Territory,log10(Total cases),0.0,13
1384,2020-02-04,Northern Territory,log10(New cases per week),0.0,13
1385,2020-02-04,Northern Territory,Slope of power-law,0.0,13
1386,2020-02-04,Northern Territory,Acceleration of power-law,0.0,13
1387,2020-02-04,Northern Territory,Growth Rate,0.0,13
1388,2020-02-04,Northern Territory,Days since first case,13.0,13
1389,2020-02-04,Northern Territory,Average Growth Rate,0.0,13
1390,2020-02-04,Northern Territory,Doubling time,0.0,13
1391,2020-02-04,Queensland,Total cases,3.0,13
1392,2020-02-04,Queensland,Total cases per million,0.5915992900808519,13
1393,2020-02-04,Queensland,New cases,1.0,13
1394,2020-02-04,Queensland,css_per_prsn,0.19719976336028397,13
1395,2020-02-04,Queensland,New cases per week,3.0,13
1396,2020-02-04,Queensland,log10(Total cases),0.47712125471966244,13
1397,2020-02-04,Queensland,log10(New cases per week),0.47712125471966244,13
1398,2020-02-04,Queensland,Slope of power-law,1.0,13
1399,2020-02-04,Queensland,Acceleration of power-law,0.0,13
1400,2020-02-04,Queensland,Growth Rate,0.0,13
1401,2020-02-04,Queensland,Days since first case,13.0,13
1402,2020-02-04,Queensland,Average Growth Rate,0.037193263347119004,13
1403,2020-02-04,Queensland,Doubling time,0.4835124235125471,13
1404,2020-02-04,South Australia,Total cases,2.0,13
1405,2020-02-04,South Australia,Total cases per million,1.1926058437686344,13
1406,2020-02-04,South Australia,New cases,0.0,13
1407,2020-02-04,South Australia,css_per_prsn,0.0,13
1408,2020-02-04,South Australia,New cases per week,2.0,13
1409,2020-02-04,South Australia,log10(Total cases),0.3010299956639812,13
1410,2020-02-04,South Australia,log10(New cases per week),0.3010299956639812,13
1411,2020-02-04,South Australia,Slope of power-law,1.0,13
1412,2020-02-04,South Australia,Acceleration of power-law,0.0,13
1413,2020-02-04,South Australia,Growth Rate,28.571428571428577,13
1414,2020-02-04,South Australia,Days since first case,13.0,13
1415,2020-02-04,South Australia,Average Growth Rate,0.0,13
1416,2020-02-04,South Australia,Doubling time,0.0,13
1417,2020-02-04,Tasmania,Total cases,0.0,13
1418,2020-02-04,Tasmania,Total cases per million,0.0,13
1419,2020-02-04,Tasmania,New cases,0.0,13
1420,2020-02-04,Tasmania,css_per_prsn,0.0,13
1421,2020-02-04,Tasmania,New cases per week,0.0,13
1422,2020-02-04,Tasmania,log10(Total cases),0.0,13
1423,2020-02-04,Tasmania,log10(New cases per week),0.0,13
1424,2020-02-04,Tasmania,Slope of power-law,0.0,13
1425,2020-02-04,Tasmania,Acceleration of power-law,0.0,13
1426,2020-02-04,Tasmania,Growth Rate,0.0,13
1427,2020-02-04,Tasmania,Days since first case,13.0,13
1428,2020-02-04,Tasmania,Average Growth Rate,0.0,13
1429,2020-02-04,Tasmania,Doubling time,0.0,13
1430,2020-02-04,Victoria,Total cases,4.0,13
1431,2020-02-04,Victoria,Total cases per million,0.6290297216543481,13
1432,2020-02-04,Victoria,New cases,0.0,13
1433,2020-02-04,Victoria,css_per_prsn,0.0,13
1434,2020-02-04,Victoria,New cases per week,3.0,13
1435,2020-02-04,Victoria,log10(Total cases),0.6020599913279624,13
1436,2020-02-04,Victoria,log10(New cases per week),0.47712125471966244,13
1437,2020-02-04,Victoria,Slope of power-law,0.792481250360578,13
1438,2020-02-04,Victoria,Acceleration of power-law,0.0,13
1439,2020-02-04,Victoria,Growth Rate,10.526315789473685,13
1440,2020-02-04,Victoria,Days since first case,13.0,13
1441,2020-02-04,Victoria,Average Growth Rate,0.03401960261612132,13
1442,2020-02-04,Victoria,Doubling time,0.4422548340095771,13
1443,2020-02-04,Western Australia,Total cases,0.0,13
1444,2020-02-04,Western Australia,Total cases per million,0.0,13
1445,2020-02-04,Western Australia,New cases,0.0,13
1446,2020-02-04,Western Australia,css_per_prsn,0.0,13
1447,2020-02-04,Western Australia,New cases per week,0.0,13
1448,2020-02-04,Western Australia,log10(Total cases),0.0,13
1449,2020-02-04,Western Australia,log10(New cases per week),0.0,13
1450,2020-02-04,Western Australia,Slope of power-law,0.0,13
1451,2020-02-04,Western Australia,Acceleration of power-law,0.0,13
1452,2020-02-04,Western Australia,Growth Rate,0.0,13
1453,2020-02-04,Western Australia,Days since first case,13.0,13
1454,2020-02-04,Western Australia,Average Growth Rate,0.0,13
1455,2020-02-04,Western Australia,Doubling time,0.0,13
1456,2020-02-05,Australian Capital Territory,Total cases,0.0,14
1457,2020-02-05,Australian Capital Territory,Total cases per million,0.0,14
1458,2020-02-05,Australian Capital Territory,New cases,0.0,14
1459,2020-02-05,Australian Capital Territory,css_per_prsn,0.0,14
1460,2020-02-05,Australian Capital Territory,New cases per week,0.0,14
1461,2020-02-05,Australian Capital Territory,log10(Total cases),0.0,14
1462,2020-02-05,Australian Capital Territory,log10(New cases per week),0.0,14
1463,2020-02-05,Australian Capital Territory,Slope of power-law,0.0,14
1464,2020-02-05,Australian Capital Territory,Acceleration of power-law,0.0,14
1465,2020-02-05,Australian Capital Territory,Growth Rate,0.0,14
1466,2020-02-05,Australian Capital Territory,Days since first case,14.0,14
1467,2020-02-05,Australian Capital Territory,Average Growth Rate,0.0,14
1468,2020-02-05,Australian Capital Territory,Doubling time,0.0,14
1469,2020-02-05,New South Wales,Total cases,4.0,14
1470,2020-02-05,New South Wales,Total cases per million,0.5302226935312832,14
1471,2020-02-05,New South Wales,New cases,0.0,14
1472,2020-02-05,New South Wales,css_per_prsn,0.0,14
1473,2020-02-05,New South Wales,New cases per week,0.0,14
1474,2020-02-05,New South Wales,log10(Total cases),0.6020599913279624,14
1475,2020-02-05,New South Wales,log10(New cases per week),0.0,14
1476,2020-02-05,New South Wales,Slope of power-law,0.0,14
1477,2020-02-05,New South Wales,Acceleration of power-law,0.0,14
1478,2020-02-05,New South Wales,Growth Rate,0.0,14
1479,2020-02-05,New South Wales,Days since first case,14.0,14
1480,2020-02-05,New South Wales,Average Growth Rate,325172644175279.1,14
1481,2020-02-05,New South Wales,Doubling time,4552417018453908.0,14
1482,2020-02-05,Northern Territory,Total cases,0.0,14
1483,2020-02-05,Northern Territory,Total cases per million,0.0,14
1484,2020-02-05,Northern Territory,New cases,0.0,14
1485,2020-02-05,Northern Territory,css_per_prsn,0.0,14
1486,2020-02-05,Northern Territory,New cases per week,0.0,14
1487,2020-02-05,Northern Territory,log10(Total cases),0.0,14
1488,2020-02-05,Northern Territory,log10(New cases per week),0.0,14
1489,2020-02-05,Northern Territory,Slope of power-law,0.0,14
1490,2020-02-05,Northern Territory,Acceleration of power-law,0.0,14
1491,2020-02-05,Northern Territory,Growth Rate,0.0,14
1492,2020-02-05,Northern Territory,Days since first case,14.0,14
1493,2020-02-05,Northern Territory,Average Growth Rate,0.0,14
1494,2020-02-05,Northern Territory,Doubling time,0.0,14
1495,2020-02-05,Queensland,Total cases,3.0,14
1496,2020-02-05,Queensland,Total cases per million,0.5915992900808519,14
1497,2020-02-05,Queensland,New cases,0.0,14
1498,2020-02-05,Queensland,css_per_prsn,0.0,14
1499,2020-02-05,Queensland,New cases per week,2.0,14
1500,2020-02-05,Queensland,log10(Total cases),0.47712125471966244,14
1501,2020-02-05,Queensland,log10(New cases per week),0.3010299956639812,14
1502,2020-02-05,Queensland,Slope of power-law,0.6309297535714574,14
1503,2020-02-05,Queensland,Acceleration of power-law,-inf,14
1504,2020-02-05,Queensland,Growth Rate,7.6923076923076925,14
1505,2020-02-05,Queensland,Days since first case,14.0,14
1506,2020-02-05,Queensland,Average Growth Rate,0.051313225273549,14
1507,2020-02-05,Queensland,Doubling time,0.718385153829686,14
1508,2020-02-05,South Australia,Total cases,2.0,14
1509,2020-02-05,South Australia,Total cases per million,1.1926058437686344,14
1510,2020-02-05,South Australia,New cases,0.0,14
1511,2020-02-05,South Australia,css_per_prsn,0.0,14
1512,2020-02-05,South Australia,New cases per week,2.0,14
1513,2020-02-05,South Australia,log10(Total cases),0.3010299956639812,14
1514,2020-02-05,South Australia,log10(New cases per week),0.3010299956639812,14
1515,2020-02-05,South Australia,Slope of power-law,1.0,14
1516,2020-02-05,South Australia,Acceleration of power-law,0.0,14
1517,2020-02-05,South Australia,Growth Rate,22.222222222222225,14
1518,2020-02-05,South Australia,Days since first case,14.0,14
1519,2020-02-05,South Australia,Average Growth Rate,0.013461243025670947,14
1520,2020-02-05,South Australia,Doubling time,0.18845740235939326,14
1521,2020-02-05,Tasmania,Total cases,0.0,14
1522,2020-02-05,Tasmania,Total cases per million,0.0,14
1523,2020-02-05,Tasmania,New cases,0.0,14
1524,2020-02-05,Tasmania,css_per_prsn,0.0,14
1525,2020-02-05,Tasmania,New cases per week,0.0,14
1526,2020-02-05,Tasmania,log10(Total cases),0.0,14
1527,2020-02-05,Tasmania,log10(New cases per week),0.0,14
1528,2020-02-05,Tasmania,Slope of power-law,0.0,14
1529,2020-02-05,Tasmania,Acceleration of power-law,0.0,14
1530,2020-02-05,Tasmania,Growth Rate,0.0,14
1531,2020-02-05,Tasmania,Days since first case,14.0,14
1532,2020-02-05,Tasmania,Average Growth Rate,0.0,14
1533,2020-02-05,Tasmania,Doubling time,0.0,14
1534,2020-02-05,Victoria,Total cases,4.0,14
1535,2020-02-05,Victoria,Total cases per million,0.6290297216543481,14
1536,2020-02-05,Victoria,New cases,0.0,14
1537,2020-02-05,Victoria,css_per_prsn,0.0,14
1538,2020-02-05,Victoria,New cases per week,3.0,14
1539,2020-02-05,Victoria,log10(Total cases),0.6020599913279624,14
1540,2020-02-05,Victoria,log10(New cases per week),0.47712125471966244,14
1541,2020-02-05,Victoria,Slope of power-law,0.792481250360578,14
1542,2020-02-05,Victoria,Acceleration of power-law,0.0,14
1543,2020-02-05,Victoria,Growth Rate,5.0,14
1544,2020-02-05,Victoria,Days since first case,14.0,14
1545,2020-02-05,Victoria,Average Growth Rate,0.04232976771089399,14
1546,2020-02-05,Victoria,Doubling time,0.5926167479525158,14
1547,2020-02-05,Western Australia,Total cases,0.0,14
1548,2020-02-05,Western Australia,Total cases per million,0.0,14
1549,2020-02-05,Western Australia,New cases,0.0,14
1550,2020-02-05,Western Australia,css_per_prsn,0.0,14
1551,2020-02-05,Western Australia,New cases per week,0.0,14
1552,2020-02-05,Western Australia,log10(Total cases),0.0,14
1553,2020-02-05,Western Australia,log10(New cases per week),0.0,14
1554,2020-02-05,Western Australia,Slope of power-law,0.0,14
1555,2020-02-05,Western Australia,Acceleration of power-law,0.0,14
1556,2020-02-05,Western Australia,Growth Rate,0.0,14
1557,2020-02-05,Western Australia,Days since first case,14.0,14
1558,2020-02-05,Western Australia,Average Growth Rate,0.0,14
1559,2020-02-05,Western Australia,Doubling time,0.0,14
1560,2020-02-06,Australian Capital Territory,Total cases,0.0,15
1561,2020-02-06,Australian Capital Territory,Total cases per million,0.0,15
1562,2020-02-06,Australian Capital Territory,New cases,0.0,15
1563,2020-02-06,Australian Capital Territory,css_per_prsn,0.0,15
1564,2020-02-06,Australian Capital Territory,New cases per week,0.0,15
1565,2020-02-06,Australian Capital Territory,log10(Total cases),0.0,15
1566,2020-02-06,Australian Capital Territory,log10(New cases per week),0.0,15
1567,2020-02-06,Australian Capital Territory,Slope of power-law,0.0,15
1568,2020-02-06,Australian Capital Territory,Acceleration of power-law,0.0,15
1569,2020-02-06,Australian Capital Territory,Growth Rate,0.0,15
1570,2020-02-06,Australian Capital Territory,Days since first case,15.0,15
1571,2020-02-06,Australian Capital Territory,Average Growth Rate,0.0,15
1572,2020-02-06,Australian Capital Territory,Doubling time,0.0,15
1573,2020-02-06,New South Wales,Total cases,4.0,15
1574,2020-02-06,New South Wales,Total cases per million,0.5302226935312832,15
1575,2020-02-06,New South Wales,New cases,0.0,15
1576,2020-02-06,New South Wales,css_per_prsn,0.0,15
1577,2020-02-06,New South Wales,New cases per week,0.0,15
1578,2020-02-06,New South Wales,log10(Total cases),0.6020599913279624,15
1579,2020-02-06,New South Wales,log10(New cases per week),0.0,15
1580,2020-02-06,New South Wales,Slope of power-law,0.0,15
1581,2020-02-06,New South Wales,Acceleration of power-law,0.0,15
1582,2020-02-06,New South Wales,Growth Rate,0.0,15
1583,2020-02-06,New South Wales,Days since first case,15.0,15
1584,2020-02-06,New South Wales,Average Growth Rate,325172644175279.1,15
1585,2020-02-06,New South Wales,Doubling time,4877589662629187.0,15
1586,2020-02-06,Northern Territory,Total cases,0.0,15
1587,2020-02-06,Northern Territory,Total cases per million,0.0,15
1588,2020-02-06,Northern Territory,New cases,0.0,15
1589,2020-02-06,Northern Territory,css_per_prsn,0.0,15
1590,2020-02-06,Northern Territory,New cases per week,0.0,15
1591,2020-02-06,Northern Territory,log10(Total cases),0.0,15
1592,2020-02-06,Northern Territory,log10(New cases per week),0.0,15
1593,2020-02-06,Northern Territory,Slope of power-law,0.0,15
1594,2020-02-06,Northern Territory,Acceleration of power-law,0.0,15
1595,2020-02-06,Northern Territory,Growth Rate,0.0,15
1596,2020-02-06,Northern Territory,Days since first case,15.0,15
1597,2020-02-06,Northern Territory,Average Growth Rate,0.0,15
1598,2020-02-06,Northern Territory,Doubling time,0.0,15
1599,2020-02-06,Queensland,Total cases,4.0,15
1600,2020-02-06,Queensland,Total cases per million,0.7887990534411359,15
1601,2020-02-06,Queensland,New cases,1.0,15
1602,2020-02-06,Queensland,css_per_prsn,0.19719976336028397,15
1603,2020-02-06,Queensland,New cases per week,1.0,15
1604,2020-02-06,Queensland,log10(Total cases),0.6020599913279624,15
1605,2020-02-06,Queensland,log10(New cases per week),0.0,15
1606,2020-02-06,Queensland,Slope of power-law,0.0,15
1607,2020-02-06,Queensland,Acceleration of power-law,-5.049913026970239,15
1608,2020-02-06,Queensland,Growth Rate,7.142857142857144,15
1609,2020-02-06,Queensland,Days since first case,15.0,15
1610,2020-02-06,Queensland,Average Growth Rate,0.0838140118067854,15
1611,2020-02-06,Queensland,Doubling time,1.257210177101781,15
1612,2020-02-06,South Australia,Total cases,2.0,15
1613,2020-02-06,South Australia,Total cases per million,1.1926058437686344,15
1614,2020-02-06,South Australia,New cases,0.0,15
1615,2020-02-06,South Australia,css_per_prsn,0.0,15
1616,2020-02-06,South Australia,New cases per week,2.0,15
1617,2020-02-06,South Australia,log10(Total cases),0.3010299956639812,15
1618,2020-02-06,South Australia,log10(New cases per week),0.3010299956639812,15
1619,2020-02-06,South Australia,Slope of power-law,1.0,15
1620,2020-02-06,South Australia,Acceleration of power-law,0.0,15
1621,2020-02-06,South Australia,Growth Rate,10.0,15
1622,2020-02-06,South Australia,Days since first case,15.0,15
1623,2020-02-06,South Australia,Average Growth Rate,0.02069586368496519,15
1624,2020-02-06,South Australia,Doubling time,0.3104379552744779,15
1625,2020-02-06,Tasmania,Total cases,0.0,15
1626,2020-02-06,Tasmania,Total cases per million,0.0,15
1627,2020-02-06,Tasmania,New cases,0.0,15
1628,2020-02-06,Tasmania,css_per_prsn,0.0,15
1629,2020-02-06,Tasmania,New cases per week,0.0,15
1630,2020-02-06,Tasmania,log10(Total cases),0.0,15
1631,2020-02-06,Tasmania,log10(New cases per week),0.0,15
1632,2020-02-06,Tasmania,Slope of power-law,0.0,15
1633,2020-02-06,Tasmania,Acceleration of power-law,0.0,15
1634,2020-02-06,Tasmania,Growth Rate,0.0,15
1635,2020-02-06,Tasmania,Days since first case,15.0,15
1636,2020-02-06,Tasmania,Average Growth Rate,0.0,15
1637,2020-02-06,Tasmania,Doubling time,0.0,15
1638,2020-02-06,Victoria,Total cases,4.0,15
1639,2020-02-06,Victoria,Total cases per million,0.6290297216543481,15
1640,2020-02-06,Victoria,New cases,0.0,15
1641,2020-02-06,Victoria,css_per_prsn,0.0,15
1642,2020-02-06,Victoria,New cases per week,2.0,15
1643,2020-02-06,Victoria,log10(Total cases),0.6020599913279624,15
1644,2020-02-06,Victoria,log10(New cases per week),0.3010299956639812,15
1645,2020-02-06,Victoria,Slope of power-law,0.5,15
1646,2020-02-06,Victoria,Acceleration of power-law,-inf,15
1647,2020-02-06,Victoria,Growth Rate,0.0,15
1648,2020-02-06,Victoria,Days since first case,15.0,15
1649,2020-02-06,Victoria,Average Growth Rate,0.06347275425240109,15
1650,2020-02-06,Victoria,Doubling time,0.9520913137860164,15
1651,2020-02-06,Western Australia,Total cases,0.0,15
1652,2020-02-06,Western Australia,Total cases per million,0.0,15
1653,2020-02-06,Western Australia,New cases,0.0,15
1654,2020-02-06,Western Australia,css_per_prsn,0.0,15
1655,2020-02-06,Western Australia,New cases per week,0.0,15
1656,2020-02-06,Western Australia,log10(Total cases),0.0,15
1657,2020-02-06,Western Australia,log10(New cases per week),0.0,15
1658,2020-02-06,Western Australia,Slope of power-law,0.0,15
1659,2020-02-06,Western Australia,Acceleration of power-law,0.0,15
1660,2020-02-06,Western Australia,Growth Rate,0.0,15
1661,2020-02-06,Western Australia,Days since first case,15.0,15
1662,2020-02-06,Western Australia,Average Growth Rate,0.0,15
1663,2020-02-06,Western Australia,Doubling time,0.0,15
1664,2020-02-07,Australian Capital Territory,Total cases,0.0,16
1665,2020-02-07,Australian Capital Territory,Total cases per million,0.0,16
1666,2020-02-07,Australian Capital Territory,New cases,0.0,16
1667,2020-02-07,Australian Capital Territory,css_per_prsn,0.0,16
1668,2020-02-07,Australian Capital Territory,New cases per week,0.0,16
1669,2020-02-07,Australian Capital Territory,log10(Total cases),0.0,16
1670,2020-02-07,Australian Capital Territory,log10(New cases per week),0.0,16
1671,2020-02-07,Australian Capital Territory,Slope of power-law,0.0,16
1672,2020-02-07,Australian Capital Territory,Acceleration of power-law,0.0,16
1673,2020-02-07,Australian Capital Territory,Growth Rate,0.0,16
1674,2020-02-07,Australian Capital Territory,Days since first case,16.0,16
1675,2020-02-07,Australian Capital Territory,Average Growth Rate,0.0,16
1676,2020-02-07,Australian Capital Territory,Doubling time,0.0,16
1677,2020-02-07,New South Wales,Total cases,4.0,16
1678,2020-02-07,New South Wales,Total cases per million,0.5302226935312832,16
1679,2020-02-07,New South Wales,New cases,0.0,16
1680,2020-02-07,New South Wales,css_per_prsn,0.0,16
1681,2020-02-07,New South Wales,New cases per week,0.0,16
1682,2020-02-07,New South Wales,log10(Total cases),0.6020599913279624,16
1683,2020-02-07,New South Wales,log10(New cases per week),0.0,16
1684,2020-02-07,New South Wales,Slope of power-law,-inf,16
1685,2020-02-07,New South Wales,Acceleration of power-law,0.0,16
1686,2020-02-07,New South Wales,Growth Rate,0.0,16
1687,2020-02-07,New South Wales,Days since first case,16.0,16
1688,2020-02-07,New South Wales,Average Growth Rate,325172644175279.1,16
1689,2020-02-07,New South Wales,Doubling time,5202762306804466.0,16
1690,2020-02-07,Northern Territory,Total cases,0.0,16
1691,2020-02-07,Northern Territory,Total cases per million,0.0,16
1692,2020-02-07,Northern Territory,New cases,0.0,16
1693,2020-02-07,Northern Territory,css_per_prsn,0.0,16
1694,2020-02-07,Northern Territory,New cases per week,0.0,16
1695,2020-02-07,Northern Territory,log10(Total cases),0.0,16
1696,2020-02-07,Northern Territory,log10(New cases per week),0.0,16
1697,2020-02-07,Northern Territory,Slope of power-law,0.0,16
1698,2020-02-07,Northern Territory,Acceleration of power-law,0.0,16
1699,2020-02-07,Northern Territory,Growth Rate,0.0,16
1700,2020-02-07,Northern Territory,Days since first case,16.0,16
1701,2020-02-07,Northern Territory,Average Growth Rate,0.0,16
1702,2020-02-07,Northern Territory,Doubling time,0.0,16
1703,2020-02-07,Queensland,Total cases,5.0,16
1704,2020-02-07,Queensland,Total cases per million,0.9859988168014199,16
1705,2020-02-07,Queensland,New cases,1.0,16
1706,2020-02-07,Queensland,css_per_prsn,0.19719976336028397,16
1707,2020-02-07,Queensland,New cases per week,3.0,16
1708,2020-02-07,Queensland,log10(Total cases),0.6989700043360189,16
1709,2020-02-07,Queensland,log10(New cases per week),0.47712125471966244,16
1710,2020-02-07,Queensland,Slope of power-law,0.6826061944859853,16
1711,2020-02-07,Queensland,Acceleration of power-law,7.043711720782019,16
1712,2020-02-07,Queensland,Growth Rate,17.647058823529413,16
1713,2020-02-07,Queensland,Days since first case,16.0,16
1714,2020-02-07,Queensland,Average Growth Rate,0.08491213052603154,16
1715,2020-02-07,Queensland,Doubling time,1.3585940884165046,16
1716,2020-02-07,South Australia,Total cases,2.0,16
1717,2020-02-07,South Australia,Total cases per million,1.1926058437686344,16
1718,2020-02-07,South Australia,New cases,0.0,16
1719,2020-02-07,South Australia,css_per_prsn,0.0,16
1720,2020-02-07,South Australia,New cases per week,2.0,16
1721,2020-02-07,South Australia,log10(Total cases),0.3010299956639812,16
1722,2020-02-07,South Australia,log10(New cases per week),0.3010299956639812,16
1723,2020-02-07,South Australia,Slope of power-law,1.0,16
1724,2020-02-07,South Australia,Acceleration of power-law,0.0,16
1725,2020-02-07,South Australia,Growth Rate,0.0,16
1726,2020-02-07,South Australia,Days since first case,16.0,16
1727,2020-02-07,South Australia,Average Growth Rate,0.03438446643722563,16
1728,2020-02-07,South Australia,Doubling time,0.5501514629956101,16
1729,2020-02-07,Tasmania,Total cases,0.0,16
1730,2020-02-07,Tasmania,Total cases per million,0.0,16
1731,2020-02-07,Tasmania,New cases,0.0,16
1732,2020-02-07,Tasmania,css_per_prsn,0.0,16
1733,2020-02-07,Tasmania,New cases per week,0.0,16
1734,2020-02-07,Tasmania,log10(Total cases),0.0,16
1735,2020-02-07,Tasmania,log10(New cases per week),0.0,16
1736,2020-02-07,Tasmania,Slope of power-law,0.0,16
1737,2020-02-07,Tasmania,Acceleration of power-law,0.0,16
1738,2020-02-07,Tasmania,Growth Rate,0.0,16
1739,2020-02-07,Tasmania,Days since first case,16.0,16
1740,2020-02-07,Tasmania,Average Growth Rate,0.0,16
1741,2020-02-07,Tasmania,Doubling time,0.0,16
1742,2020-02-07,Victoria,Total cases,4.0,16
1743,2020-02-07,Victoria,Total cases per million,0.6290297216543481,16
1744,2020-02-07,Victoria,New cases,0.0,16
1745,2020-02-07,Victoria,css_per_prsn,0.0,16
1746,2020-02-07,Victoria,New cases per week,1.0,16
1747,2020-02-07,Victoria,log10(Total cases),0.6020599913279624,16
1748,2020-02-07,Victoria,log10(New cases per week),0.0,16
1749,2020-02-07,Victoria,Slope of power-law,0.0,16
1750,2020-02-07,Victoria,Acceleration of power-law,-inf,16
1751,2020-02-07,Victoria,Growth Rate,0.0,16
1752,2020-02-07,Victoria,Days since first case,16.0,16
1753,2020-02-07,Victoria,Average Growth Rate,0.10447342012172757,16
1754,2020-02-07,Victoria,Doubling time,1.6715747219476411,16
1755,2020-02-07,Western Australia,Total cases,0.0,16
1756,2020-02-07,Western Australia,Total cases per million,0.0,16
1757,2020-02-07,Western Australia,New cases,0.0,16
1758,2020-02-07,Western Australia,css_per_prsn,0.0,16
1759,2020-02-07,Western Australia,New cases per week,0.0,16
1760,2020-02-07,Western Australia,log10(Total cases),0.0,16
1761,2020-02-07,Western Australia,log10(New cases per week),0.0,16
1762,2020-02-07,Western Australia,Slope of power-law,0.0,16
1763,2020-02-07,Western Australia,Acceleration of power-law,0.0,16
1764,2020-02-07,Western Australia,Growth Rate,0.0,16
1765,2020-02-07,Western Australia,Days since first case,16.0,16
1766,2020-02-07,Western Australia,Average Growth Rate,0.0,16
1767,2020-02-07,Western Australia,Doubling time,0.0,16
1768,2020-02-08,Australian Capital Territory,Total cases,0.0,17
1769,2020-02-08,Australian Capital Territory,Total cases per million,0.0,17
1770,2020-02-08,Australian Capital Territory,New cases,0.0,17
1771,2020-02-08,Australian Capital Territory,css_per_prsn,0.0,17
1772,2020-02-08,Australian Capital Territory,New cases per week,0.0,17
1773,2020-02-08,Australian Capital Territory,log10(Total cases),0.0,17
1774,2020-02-08,Australian Capital Territory,log10(New cases per week),0.0,17
1775,2020-02-08,Australian Capital Territory,Slope of power-law,0.0,17
1776,2020-02-08,Australian Capital Territory,Acceleration of power-law,0.0,17
1777,2020-02-08,Australian Capital Territory,Growth Rate,0.0,17
1778,2020-02-08,Australian Capital Territory,Days since first case,17.0,17
1779,2020-02-08,Australian Capital Territory,Average Growth Rate,0.0,17
1780,2020-02-08,Australian Capital Territory,Doubling time,0.0,17
1781,2020-02-08,New South Wales,Total cases,4.0,17
1782,2020-02-08,New South Wales,Total cases per million,0.5302226935312832,17
1783,2020-02-08,New South Wales,New cases,0.0,17
1784,2020-02-08,New South Wales,css_per_prsn,0.0,17
1785,2020-02-08,New South Wales,New cases per week,0.0,17
1786,2020-02-08,New South Wales,log10(Total cases),0.6020599913279624,17
1787,2020-02-08,New South Wales,log10(New cases per week),0.0,17
1788,2020-02-08,New South Wales,Slope of power-law,-inf,17
1789,2020-02-08,New South Wales,Acceleration of power-law,0.0,17
1790,2020-02-08,New South Wales,Growth Rate,0.0,17
1791,2020-02-08,New South Wales,Days since first case,17.0,17
1792,2020-02-08,New South Wales,Average Growth Rate,325172644175279.1,17
1793,2020-02-08,New South Wales,Doubling time,5527934950979745.0,17
1794,2020-02-08,Northern Territory,Total cases,0.0,17
1795,2020-02-08,Northern Territory,Total cases per million,0.0,17
1796,2020-02-08,Northern Territory,New cases,0.0,17
1797,2020-02-08,Northern Territory,css_per_prsn,0.0,17
1798,2020-02-08,Northern Territory,New cases per week,0.0,17
1799,2020-02-08,Northern Territory,log10(Total cases),0.0,17
1800,2020-02-08,Northern Territory,log10(New cases per week),0.0,17
1801,2020-02-08,Northern Territory,Slope of power-law,0.0,17
1802,2020-02-08,Northern Territory,Acceleration of power-law,0.0,17
1803,2020-02-08,Northern Territory,Growth Rate,0.0,17
1804,2020-02-08,Northern Territory,Days since first case,17.0,17
1805,2020-02-08,Northern Territory,Average Growth Rate,0.0,17
1806,2020-02-08,Northern Territory,Doubling time,0.0,17
1807,2020-02-08,Queensland,Total cases,5.0,17
1808,2020-02-08,Queensland,Total cases per million,0.9859988168014199,17
1809,2020-02-08,Queensland,New cases,0.0,17
1810,2020-02-08,Queensland,css_per_prsn,0.0,17
1811,2020-02-08,Queensland,New cases per week,2.0,17
1812,2020-02-08,Queensland,log10(Total cases),0.6989700043360189,17
1813,2020-02-08,Queensland,log10(New cases per week),0.3010299956639812,17
1814,2020-02-08,Queensland,Slope of power-law,0.430676558073393,17
1815,2020-02-08,Queensland,Acceleration of power-law,-inf,17
1816,2020-02-08,Queensland,Growth Rate,15.0,17
1817,2020-02-08,Queensland,Days since first case,17.0,17
1818,2020-02-08,Queensland,Average Growth Rate,0.07299017686517155,17
1819,2020-02-08,Queensland,Doubling time,1.2408330067079163,17
1820,2020-02-08,South Australia,Total cases,2.0,17
1821,2020-02-08,South Australia,Total cases per million,1.1926058437686344,17
1822,2020-02-08,South Australia,New cases,0.0,17
1823,2020-02-08,South Australia,css_per_prsn,0.0,17
1824,2020-02-08,South Australia,New cases per week,1.0,17
1825,2020-02-08,South Australia,log10(Total cases),0.3010299956639812,17
1826,2020-02-08,South Australia,log10(New cases per week),0.0,17
1827,2020-02-08,South Australia,Slope of power-law,0.0,17
1828,2020-02-08,South Australia,Acceleration of power-law,-inf,17
1829,2020-02-08,South Australia,Growth Rate,0.0,17
1830,2020-02-08,South Australia,Days since first case,17.0,17
1831,2020-02-08,South Australia,Average Growth Rate,0.0570081884794733,17
1832,2020-02-08,South Australia,Doubling time,0.9691392041510462,17
1833,2020-02-08,Tasmania,Total cases,0.0,17
1834,2020-02-08,Tasmania,Total cases per million,0.0,17
1835,2020-02-08,Tasmania,New cases,0.0,17
1836,2020-02-08,Tasmania,css_per_prsn,0.0,17
1837,2020-02-08,Tasmania,New cases per week,0.0,17
1838,2020-02-08,Tasmania,log10(Total cases),0.0,17
1839,2020-02-08,Tasmania,log10(New cases per week),0.0,17
1840,2020-02-08,Tasmania,Slope of power-law,0.0,17
1841,2020-02-08,Tasmania,Acceleration of power-law,0.0,17
1842,2020-02-08,Tasmania,Growth Rate,0.0,17
1843,2020-02-08,Tasmania,Days since first case,17.0,17
1844,2020-02-08,Tasmania,Average Growth Rate,0.0,17
1845,2020-02-08,Tasmania,Doubling time,0.0,17
1846,2020-02-08,Victoria,Total cases,4.0,17
1847,2020-02-08,Victoria,Total cases per million,0.6290297216543481,17
1848,2020-02-08,Victoria,New cases,0.0,17
1849,2020-02-08,Victoria,css_per_prsn,0.0,17
1850,2020-02-08,Victoria,New cases per week,0.0,17
1851,2020-02-08,Victoria,log10(Total cases),0.6020599913279624,17
1852,2020-02-08,Victoria,log10(New cases per week),0.0,17
1853,2020-02-08,Victoria,Slope of power-law,0.0,17
1854,2020-02-08,Victoria,Acceleration of power-law,0.0,17
1855,2020-02-08,Victoria,Growth Rate,0.0,17
1856,2020-02-08,Victoria,Days since first case,17.0,17
1857,2020-02-08,Victoria,Average Growth Rate,0.22321688865489733,17
1858,2020-02-08,Victoria,Doubling time,3.794687107133255,17
1859,2020-02-08,Western Australia,Total cases,0.0,17
1860,2020-02-08,Western Australia,Total cases per million,0.0,17
1861,2020-02-08,Western Australia,New cases,0.0,17
1862,2020-02-08,Western Australia,css_per_prsn,0.0,17
1863,2020-02-08,Western Australia,New cases per week,0.0,17
1864,2020-02-08,Western Australia,log10(Total cases),0.0,17
1865,2020-02-08,Western Australia,log10(New cases per week),0.0,17
1866,2020-02-08,Western Australia,Slope of power-law,0.0,17
1867,2020-02-08,Western Australia,Acceleration of power-law,0.0,17
1868,2020-02-08,Western Australia,Growth Rate,0.0,17
1869,2020-02-08,Western Australia,Days since first case,17.0,17
1870,2020-02-08,Western Australia,Average Growth Rate,0.0,17
1871,2020-02-08,Western Australia,Doubling time,0.0,17
1872,2020-02-09,Australian Capital Territory,Total cases,0.0,18
1873,2020-02-09,Australian Capital Territory,Total cases per million,0.0,18
1874,2020-02-09,Australian Capital Territory,New cases,0.0,18
1875,2020-02-09,Australian Capital Territory,css_per_prsn,0.0,18
1876,2020-02-09,Australian Capital Territory,New cases per week,0.0,18
1877,2020-02-09,Australian Capital Territory,log10(Total cases),0.0,18
1878,2020-02-09,Australian Capital Territory,log10(New cases per week),0.0,18
1879,2020-02-09,Australian Capital Territory,Slope of power-law,0.0,18
1880,2020-02-09,Australian Capital Territory,Acceleration of power-law,0.0,18
1881,2020-02-09,Australian Capital Territory,Growth Rate,0.0,18
1882,2020-02-09,Australian Capital Territory,Days since first case,18.0,18
1883,2020-02-09,Australian Capital Territory,Average Growth Rate,0.0,18
1884,2020-02-09,Australian Capital Territory,Doubling time,0.0,18
1885,2020-02-09,New South Wales,Total cases,4.0,18
1886,2020-02-09,New South Wales,Total cases per million,0.5302226935312832,18
1887,2020-02-09,New South Wales,New cases,0.0,18
1888,2020-02-09,New South Wales,css_per_prsn,0.0,18
1889,2020-02-09,New South Wales,New cases per week,0.0,18
1890,2020-02-09,New South Wales,log10(Total cases),0.6020599913279624,18
1891,2020-02-09,New South Wales,log10(New cases per week),0.0,18
1892,2020-02-09,New South Wales,Slope of power-law,-inf,18
1893,2020-02-09,New South Wales,Acceleration of power-law,0.0,18
1894,2020-02-09,New South Wales,Growth Rate,0.0,18
1895,2020-02-09,New South Wales,Days since first case,18.0,18
1896,2020-02-09,New South Wales,Average Growth Rate,325172644175279.1,18
1897,2020-02-09,New South Wales,Doubling time,5853107595155024.0,18
1898,2020-02-09,Northern Territory,Total cases,0.0,18
1899,2020-02-09,Northern Territory,Total cases per million,0.0,18
1900,2020-02-09,Northern Territory,New cases,0.0,18
1901,2020-02-09,Northern Territory,css_per_prsn,0.0,18
1902,2020-02-09,Northern Territory,New cases per week,0.0,18
1903,2020-02-09,Northern Territory,log10(Total cases),0.0,18
1904,2020-02-09,Northern Territory,log10(New cases per week),0.0,18
1905,2020-02-09,Northern Territory,Slope of power-law,0.0,18
1906,2020-02-09,Northern Territory,Acceleration of power-law,0.0,18
1907,2020-02-09,Northern Territory,Growth Rate,0.0,18
1908,2020-02-09,Northern Territory,Days since first case,18.0,18
1909,2020-02-09,Northern Territory,Average Growth Rate,0.0,18
1910,2020-02-09,Northern Territory,Doubling time,0.0,18
1911,2020-02-09,Queensland,Total cases,5.0,18
1912,2020-02-09,Queensland,Total cases per million,0.9859988168014199,18
1913,2020-02-09,Queensland,New cases,0.0,18
1914,2020-02-09,Queensland,css_per_prsn,0.0,18
1915,2020-02-09,Queensland,New cases per week,3.0,18
1916,2020-02-09,Queensland,log10(Total cases),0.6989700043360189,18
1917,2020-02-09,Queensland,log10(New cases per week),0.47712125471966244,18
1918,2020-02-09,Queensland,Slope of power-law,0.0,18
1919,2020-02-09,Queensland,Acceleration of power-law,-inf,18
1920,2020-02-09,Queensland,Growth Rate,9.090909090909092,18
1921,2020-02-09,Queensland,Days since first case,18.0,18
1922,2020-02-09,Queensland,Average Growth Rate,0.0612611629293947,18
1923,2020-02-09,Queensland,Doubling time,1.1027009327291046,18
1924,2020-02-09,South Australia,Total cases,2.0,18
1925,2020-02-09,South Australia,Total cases per million,1.1926058437686344,18
1926,2020-02-09,South Australia,New cases,0.0,18
1927,2020-02-09,South Australia,css_per_prsn,0.0,18
1928,2020-02-09,South Australia,New cases per week,0.0,18
1929,2020-02-09,South Australia,log10(Total cases),0.3010299956639812,18
1930,2020-02-09,South Australia,log10(New cases per week),0.0,18
1931,2020-02-09,South Australia,Slope of power-law,0.0,18
1932,2020-02-09,South Australia,Acceleration of power-law,0.0,18
1933,2020-02-09,South Australia,Growth Rate,0.0,18
1934,2020-02-09,South Australia,Days since first case,18.0,18
1935,2020-02-09,South Australia,Average Growth Rate,0.10755732112137081,18
1936,2020-02-09,South Australia,Doubling time,1.9360317801846747,18
1937,2020-02-09,Tasmania,Total cases,0.0,18
1938,2020-02-09,Tasmania,Total cases per million,0.0,18
1939,2020-02-09,Tasmania,New cases,0.0,18
1940,2020-02-09,Tasmania,css_per_prsn,0.0,18
1941,2020-02-09,Tasmania,New cases per week,0.0,18
1942,2020-02-09,Tasmania,log10(Total cases),0.0,18
1943,2020-02-09,Tasmania,log10(New cases per week),0.0,18
1944,2020-02-09,Tasmania,Slope of power-law,0.0,18
1945,2020-02-09,Tasmania,Acceleration of power-law,0.0,18
1946,2020-02-09,Tasmania,Growth Rate,0.0,18
1947,2020-02-09,Tasmania,Days since first case,18.0,18
1948,2020-02-09,Tasmania,Average Growth Rate,0.0,18
1949,2020-02-09,Tasmania,Doubling time,0.0,18
1950,2020-02-09,Victoria,Total cases,4.0,18
1951,2020-02-09,Victoria,Total cases per million,0.6290297216543481,18
1952,2020-02-09,Victoria,New cases,0.0,18
1953,2020-02-09,Victoria,css_per_prsn,0.0,18
1954,2020-02-09,Victoria,New cases per week,0.0,18
1955,2020-02-09,Victoria,log10(Total cases),0.6020599913279624,18
1956,2020-02-09,Victoria,log10(New cases per week),0.0,18
1957,2020-02-09,Victoria,Slope of power-law,-1.0,18
1958,2020-02-09,Victoria,Acceleration of power-law,-inf,18
1959,2020-02-09,Victoria,Growth Rate,0.0,18
1960,2020-02-09,Victoria,Days since first case,18.0,18
1961,2020-02-09,Victoria,Average Growth Rate,0.6931471805599424,18
1962,2020-02-09,Victoria,Doubling time,12.476649250078964,18
1963,2020-02-09,Western Australia,Total cases,0.0,18
1964,2020-02-09,Western Australia,Total cases per million,0.0,18
1965,2020-02-09,Western Australia,New cases,0.0,18
1966,2020-02-09,Western Australia,css_per_prsn,0.0,18
1967,2020-02-09,Western Australia,New cases per week,0.0,18
1968,2020-02-09,Western Australia,log10(Total cases),0.0,18
1969,2020-02-09,Western Australia,log10(New cases per week),0.0,18
1970,2020-02-09,Western Australia,Slope of power-law,0.0,18
1971,2020-02-09,Western Australia,Acceleration of power-law,0.0,18
1972,2020-02-09,Western Australia,Growth Rate,0.0,18
1973,2020-02-09,Western Australia,Days since first case,18.0,18
1974,2020-02-09,Western Australia,Average Growth Rate,0.0,18
1975,2020-02-09,Western Australia,Doubling time,0.0,18
1976,2020-02-10,Australian Capital Territory,Total cases,0.0,19
1977,2020-02-10,Australian Capital Territory,Total cases per million,0.0,19
1978,2020-02-10,Australian Capital Territory,New cases,0.0,19
1979,2020-02-10,Australian Capital Territory,css_per_prsn,0.0,19
1980,2020-02-10,Australian Capital Territory,New cases per week,0.0,19
1981,2020-02-10,Australian Capital Territory,log10(Total cases),0.0,19
1982,2020-02-10,Australian Capital Territory,log10(New cases per week),0.0,19
1983,2020-02-10,Australian Capital Territory,Slope of power-law,0.0,19
1984,2020-02-10,Australian Capital Territory,Acceleration of power-law,0.0,19
1985,2020-02-10,Australian Capital Territory,Growth Rate,0.0,19
1986,2020-02-10,Australian Capital Territory,Days since first case,19.0,19
1987,2020-02-10,Australian Capital Territory,Average Growth Rate,0.0,19
1988,2020-02-10,Australian Capital Territory,Doubling time,0.0,19
1989,2020-02-10,New South Wales,Total cases,4.0,19
1990,2020-02-10,New South Wales,Total cases per million,0.5302226935312832,19
1991,2020-02-10,New South Wales,New cases,0.0,19
1992,2020-02-10,New South Wales,css_per_prsn,0.0,19
1993,2020-02-10,New South Wales,New cases per week,0.0,19
1994,2020-02-10,New South Wales,log10(Total cases),0.6020599913279624,19
1995,2020-02-10,New South Wales,log10(New cases per week),0.0,19
1996,2020-02-10,New South Wales,Slope of power-law,-inf,19
1997,2020-02-10,New South Wales,Acceleration of power-law,0.0,19
1998,2020-02-10,New South Wales,Growth Rate,0.0,19
1999,2020-02-10,New South Wales,Days since first case,19.0,19
2000,2020-02-10,New South Wales,Average Growth Rate,325172644175279.1,19
2001,2020-02-10,New South Wales,Doubling time,6178280239330303.0,19
2002,2020-02-10,Northern Territory,Total cases,0.0,19
2003,2020-02-10,Northern Territory,Total cases per million,0.0,19
2004,2020-02-10,Northern Territory,New cases,0.0,19
2005,2020-02-10,Northern Territory,css_per_prsn,0.0,19
2006,2020-02-10,Northern Territory,New cases per week,0.0,19
2007,2020-02-10,Northern Territory,log10(Total cases),0.0,19
2008,2020-02-10,Northern Territory,log10(New cases per week),0.0,19
2009,2020-02-10,Northern Territory,Slope of power-law,0.0,19
2010,2020-02-10,Northern Territory,Acceleration of power-law,0.0,19
2011,2020-02-10,Northern Territory,Growth Rate,0.0,19
2012,2020-02-10,Northern Territory,Days since first case,19.0,19
2013,2020-02-10,Northern Territory,Average Growth Rate,0.0,19
2014,2020-02-10,Northern Territory,Doubling time,0.0,19
2015,2020-02-10,Queensland,Total cases,5.0,19
2016,2020-02-10,Queensland,Total cases per million,0.9859988168014199,19
2017,2020-02-10,Queensland,New cases,0.0,19
2018,2020-02-10,Queensland,css_per_prsn,0.0,19
2019,2020-02-10,Queensland,New cases per week,3.0,19
2020,2020-02-10,Queensland,log10(Total cases),0.6989700043360189,19
2021,2020-02-10,Queensland,log10(New cases per week),0.47712125471966244,19
2022,2020-02-10,Queensland,Slope of power-law,0.4425070493497599,19
2023,2020-02-10,Queensland,Acceleration of power-law,inf,19
2024,2020-02-10,Queensland,Growth Rate,8.333333333333334,19
2025,2020-02-10,Queensland,Days since first case,19.0,19
2026,2020-02-10,Queensland,Average Growth Rate,0.06057479477610166,19
2027,2020-02-10,Queensland,Doubling time,1.1509211007459317,19
2028,2020-02-10,South Australia,Total cases,2.0,19
2029,2020-02-10,South Australia,Total cases per million,1.1926058437686344,19
2030,2020-02-10,South Australia,New cases,0.0,19
2031,2020-02-10,South Australia,css_per_prsn,0.0,19
2032,2020-02-10,South Australia,New cases per week,0.0,19
2033,2020-02-10,South Australia,log10(Total cases),0.3010299956639812,19
2034,2020-02-10,South Australia,log10(New cases per week),0.0,19
2035,2020-02-10,South Australia,Slope of power-law,0.0,19
2036,2020-02-10,South Australia,Acceleration of power-law,0.0,19
2037,2020-02-10,South Australia,Growth Rate,0.0,19
2038,2020-02-10,South Australia,Days since first case,19.0,19
2039,2020-02-10,South Australia,Average Growth Rate,0.34657359027997275,19
2040,2020-02-10,South Australia,Doubling time,6.584898215319482,19
2041,2020-02-10,Tasmania,Total cases,0.0,19
2042,2020-02-10,Tasmania,Total cases per million,0.0,19
2043,2020-02-10,Tasmania,New cases,0.0,19
2044,2020-02-10,Tasmania,css_per_prsn,0.0,19
2045,2020-02-10,Tasmania,New cases per week,0.0,19
2046,2020-02-10,Tasmania,log10(Total cases),0.0,19
2047,2020-02-10,Tasmania,log10(New cases per week),0.0,19
2048,2020-02-10,Tasmania,Slope of power-law,0.0,19
2049,2020-02-10,Tasmania,Acceleration of power-law,0.0,19
2050,2020-02-10,Tasmania,Growth Rate,0.0,19
2051,2020-02-10,Tasmania,Days since first case,19.0,19
2052,2020-02-10,Tasmania,Average Growth Rate,0.0,19
2053,2020-02-10,Tasmania,Doubling time,0.0,19
2054,2020-02-10,Victoria,Total cases,4.0,19
2055,2020-02-10,Victoria,Total cases per million,0.6290297216543481,19
2056,2020-02-10,Victoria,New cases,0.0,19
2057,2020-02-10,Victoria,css_per_prsn,0.0,19
2058,2020-02-10,Victoria,New cases per week,0.0,19
2059,2020-02-10,Victoria,log10(Total cases),0.6020599913279624,19
2060,2020-02-10,Victoria,log10(New cases per week),0.0,19
2061,2020-02-10,Victoria,Slope of power-law,-3.8188416793064177,19
2062,2020-02-10,Victoria,Acceleration of power-law,-inf,19
2063,2020-02-10,Victoria,Growth Rate,0.0,19
2064,2020-02-10,Victoria,Days since first case,19.0,19
2065,2020-02-10,Victoria,Average Growth Rate,162586322087639.56,19
2066,2020-02-10,Victoria,Doubling time,3089140119665151.5,19
2067,2020-02-10,Western Australia,Total cases,0.0,19
2068,2020-02-10,Western Australia,Total cases per million,0.0,19
2069,2020-02-10,Western Australia,New cases,0.0,19
2070,2020-02-10,Western Australia,css_per_prsn,0.0,19
2071,2020-02-10,Western Australia,New cases per week,0.0,19
2072,2020-02-10,Western Australia,log10(Total cases),0.0,19
2073,2020-02-10,Western Australia,log10(New cases per week),0.0,19
2074,2020-02-10,Western Australia,Slope of power-law,0.0,19
2075,2020-02-10,Western Australia,Acceleration of power-law,0.0,19
2076,2020-02-10,Western Australia,Growth Rate,0.0,19
2077,2020-02-10,Western Australia,Days since first case,19.0,19
2078,2020-02-10,Western Australia,Average Growth Rate,0.0,19
2079,2020-02-10,Western Australia,Doubling time,0.0,19
2080,2020-02-11,Australian Capital Territory,Total cases,0.0,20
2081,2020-02-11,Australian Capital Territory,Total cases per million,0.0,20
2082,2020-02-11,Australian Capital Territory,New cases,0.0,20
2083,2020-02-11,Australian Capital Territory,css_per_prsn,0.0,20
2084,2020-02-11,Australian Capital Territory,New cases per week,0.0,20
2085,2020-02-11,Australian Capital Territory,log10(Total cases),0.0,20
2086,2020-02-11,Australian Capital Territory,log10(New cases per week),0.0,20
2087,2020-02-11,Australian Capital Territory,Slope of power-law,0.0,20
2088,2020-02-11,Australian Capital Territory,Acceleration of power-law,0.0,20
2089,2020-02-11,Australian Capital Territory,Growth Rate,0.0,20
2090,2020-02-11,Australian Capital Territory,Days since first case,20.0,20
2091,2020-02-11,Australian Capital Territory,Average Growth Rate,0.0,20
2092,2020-02-11,Australian Capital Territory,Doubling time,0.0,20
2093,2020-02-11,New South Wales,Total cases,4.0,20
2094,2020-02-11,New South Wales,Total cases per million,0.5302226935312832,20
2095,2020-02-11,New South Wales,New cases,0.0,20
2096,2020-02-11,New South Wales,css_per_prsn,0.0,20
2097,2020-02-11,New South Wales,New cases per week,0.0,20
2098,2020-02-11,New South Wales,log10(Total cases),0.6020599913279624,20
2099,2020-02-11,New South Wales,log10(New cases per week),0.0,20
2100,2020-02-11,New South Wales,Slope of power-law,-inf,20
2101,2020-02-11,New South Wales,Acceleration of power-law,0.0,20
2102,2020-02-11,New South Wales,Growth Rate,0.0,20
2103,2020-02-11,New South Wales,Days since first case,20.0,20
2104,2020-02-11,New South Wales,Average Growth Rate,325172644175279.1,20
2105,2020-02-11,New South Wales,Doubling time,6503452883505582.0,20
2106,2020-02-11,Northern Territory,Total cases,0.0,20
2107,2020-02-11,Northern Territory,Total cases per million,0.0,20
2108,2020-02-11,Northern Territory,New cases,0.0,20
2109,2020-02-11,Northern Territory,css_per_prsn,0.0,20
2110,2020-02-11,Northern Territory,New cases per week,0.0,20
2111,2020-02-11,Northern Territory,log10(Total cases),0.0,20
2112,2020-02-11,Northern Territory,log10(New cases per week),0.0,20
2113,2020-02-11,Northern Territory,Slope of power-law,0.0,20
2114,2020-02-11,Northern Territory,Acceleration of power-law,0.0,20
2115,2020-02-11,Northern Territory,Growth Rate,0.0,20
2116,2020-02-11,Northern Territory,Days since first case,20.0,20
2117,2020-02-11,Northern Territory,Average Growth Rate,0.0,20
2118,2020-02-11,Northern Territory,Doubling time,0.0,20
2119,2020-02-11,Queensland,Total cases,5.0,20
2120,2020-02-11,Queensland,Total cases per million,0.9859988168014199,20
2121,2020-02-11,Queensland,New cases,0.0,20
2122,2020-02-11,Queensland,css_per_prsn,0.0,20
2123,2020-02-11,Queensland,New cases per week,2.0,20
2124,2020-02-11,Queensland,log10(Total cases),0.6989700043360189,20
2125,2020-02-11,Queensland,log10(New cases per week),0.3010299956639812,20
2126,2020-02-11,Queensland,Slope of power-law,-0.7937446542303992,20
2127,2020-02-11,Queensland,Acceleration of power-law,-inf,20
2128,2020-02-11,Queensland,Growth Rate,4.0,20
2129,2020-02-11,Queensland,Days since first case,20.0,20
2130,2020-02-11,Queensland,Average Growth Rate,0.06409566300094435,20
2131,2020-02-11,Queensland,Doubling time,1.2819132600188872,20
2132,2020-02-11,South Australia,Total cases,2.0,20
2133,2020-02-11,South Australia,Total cases per million,1.1926058437686344,20
2134,2020-02-11,South Australia,New cases,0.0,20
2135,2020-02-11,South Australia,css_per_prsn,0.0,20
2136,2020-02-11,South Australia,New cases per week,0.0,20
2137,2020-02-11,South Australia,log10(Total cases),0.3010299956639812,20
2138,2020-02-11,South Australia,log10(New cases per week),0.0,20
2139,2020-02-11,South Australia,Slope of power-law,0.0,20
2140,2020-02-11,South Australia,Acceleration of power-law,0.0,20
2141,2020-02-11,South Australia,Growth Rate,0.0,20
2142,2020-02-11,South Australia,Days since first case,20.0,20
2143,2020-02-11,South Australia,Average Growth Rate,inf,20
2144,2020-02-11,South Australia,Doubling time,inf,20
2145,2020-02-11,Tasmania,Total cases,0.0,20
2146,2020-02-11,Tasmania,Total cases per million,0.0,20
2147,2020-02-11,Tasmania,New cases,0.0,20
2148,2020-02-11,Tasmania,css_per_prsn,0.0,20
2149,2020-02-11,Tasmania,New cases per week,0.0,20
2150,2020-02-11,Tasmania,log10(Total cases),0.0,20
2151,2020-02-11,Tasmania,log10(New cases per week),0.0,20
2152,2020-02-11,Tasmania,Slope of power-law,0.0,20
2153,2020-02-11,Tasmania,Acceleration of power-law,0.0,20
2154,2020-02-11,Tasmania,Growth Rate,0.0,20
2155,2020-02-11,Tasmania,Days since first case,20.0,20
2156,2020-02-11,Tasmania,Average Growth Rate,0.0,20
2157,2020-02-11,Tasmania,Doubling time,0.0,20
2158,2020-02-11,Victoria,Total cases,4.0,20
2159,2020-02-11,Victoria,Total cases per million,0.6290297216543481,20
2160,2020-02-11,Victoria,New cases,0.0,20
2161,2020-02-11,Victoria,css_per_prsn,0.0,20
2162,2020-02-11,Victoria,New cases per week,0.0,20
2163,2020-02-11,Victoria,log10(Total cases),0.6020599913279624,20
2164,2020-02-11,Victoria,log10(New cases per week),0.0,20
2165,2020-02-11,Victoria,Slope of power-law,-inf,20
2166,2020-02-11,Victoria,Acceleration of power-law,-inf,20
2167,2020-02-11,Victoria,Growth Rate,0.0,20
2168,2020-02-11,Victoria,Days since first case,20.0,20
2169,2020-02-11,Victoria,Average Growth Rate,162586322087639.56,20
2170,2020-02-11,Victoria,Doubling time,3251726441752791.0,20
2171,2020-02-11,Western Australia,Total cases,0.0,20
2172,2020-02-11,Western Australia,Total cases per million,0.0,20
2173,2020-02-11,Western Australia,New cases,0.0,20
2174,2020-02-11,Western Australia,css_per_prsn,0.0,20
2175,2020-02-11,Western Australia,New cases per week,0.0,20
2176,2020-02-11,Western Australia,log10(Total cases),0.0,20
2177,2020-02-11,Western Australia,log10(New cases per week),0.0,20
2178,2020-02-11,Western Australia,Slope of power-law,0.0,20
2179,2020-02-11,Western Australia,Acceleration of power-law,0.0,20
2180,2020-02-11,Western Australia,Growth Rate,0.0,20
2181,2020-02-11,Western Australia,Days since first case,20.0,20
2182,2020-02-11,Western Australia,Average Growth Rate,0.0,20
2183,2020-02-11,Western Australia,Doubling time,0.0,20
2184,2020-02-12,Australian Capital Territory,Total cases,0.0,21
2185,2020-02-12,Australian Capital Territory,Total cases per million,0.0,21
2186,2020-02-12,Australian Capital Territory,New cases,0.0,21
2187,2020-02-12,Australian Capital Territory,css_per_prsn,0.0,21
2188,2020-02-12,Australian Capital Territory,New cases per week,0.0,21
2189,2020-02-12,Australian Capital Territory,log10(Total cases),0.0,21
2190,2020-02-12,Australian Capital Territory,log10(New cases per week),0.0,21
2191,2020-02-12,Australian Capital Territory,Slope of power-law,0.0,21
2192,2020-02-12,Australian Capital Territory,Acceleration of power-law,0.0,21
2193,2020-02-12,Australian Capital Territory,Growth Rate,0.0,21
2194,2020-02-12,Australian Capital Territory,Days since first case,21.0,21
2195,2020-02-12,Australian Capital Territory,Average Growth Rate,0.0,21
2196,2020-02-12,Australian Capital Territory,Doubling time,0.0,21
2197,2020-02-12,New South Wales,Total cases,4.0,21
2198,2020-02-12,New South Wales,Total cases per million,0.5302226935312832,21
2199,2020-02-12,New South Wales,New cases,0.0,21
2200,2020-02-12,New South Wales,css_per_prsn,0.0,21
2201,2020-02-12,New South Wales,New cases per week,0.0,21
2202,2020-02-12,New South Wales,log10(Total cases),0.6020599913279624,21
2203,2020-02-12,New South Wales,log10(New cases per week),0.0,21
2204,2020-02-12,New South Wales,Slope of power-law,0.0,21
2205,2020-02-12,New South Wales,Acceleration of power-law,0.0,21
2206,2020-02-12,New South Wales,Growth Rate,0.0,21
2207,2020-02-12,New South Wales,Days since first case,21.0,21
2208,2020-02-12,New South Wales,Average Growth Rate,325172644175279.1,21
2209,2020-02-12,New South Wales,Doubling time,6828625527680862.0,21
2210,2020-02-12,Northern Territory,Total cases,0.0,21
2211,2020-02-12,Northern Territory,Total cases per million,0.0,21
2212,2020-02-12,Northern Territory,New cases,0.0,21
2213,2020-02-12,Northern Territory,css_per_prsn,0.0,21
2214,2020-02-12,Northern Territory,New cases per week,0.0,21
2215,2020-02-12,Northern Territory,log10(Total cases),0.0,21
2216,2020-02-12,Northern Territory,log10(New cases per week),0.0,21
2217,2020-02-12,Northern Territory,Slope of power-law,0.0,21
2218,2020-02-12,Northern Territory,Acceleration of power-law,0.0,21
2219,2020-02-12,Northern Territory,Growth Rate,0.0,21
2220,2020-02-12,Northern Territory,Days since first case,21.0,21
2221,2020-02-12,Northern Territory,Average Growth Rate,0.0,21
2222,2020-02-12,Northern Territory,Doubling time,0.0,21
2223,2020-02-12,Queensland,Total cases,5.0,21
2224,2020-02-12,Queensland,Total cases per million,0.9859988168014199,21
2225,2020-02-12,Queensland,New cases,0.0,21
2226,2020-02-12,Queensland,css_per_prsn,0.0,21
2227,2020-02-12,Queensland,New cases per week,2.0,21
2228,2020-02-12,Queensland,log10(Total cases),0.6989700043360189,21
2229,2020-02-12,Queensland,log10(New cases per week),0.3010299956639812,21
2230,2020-02-12,Queensland,Slope of power-law,0.0,21
2231,2020-02-12,Queensland,Acceleration of power-law,inf,21
2232,2020-02-12,Queensland,Growth Rate,0.0,21
2233,2020-02-12,Queensland,Days since first case,21.0,21
2234,2020-02-12,Queensland,Average Growth Rate,0.09514915540132357,21
2235,2020-02-12,Queensland,Doubling time,1.998132263427795,21
2236,2020-02-12,South Australia,Total cases,2.0,21
2237,2020-02-12,South Australia,Total cases per million,1.1926058437686344,21
2238,2020-02-12,South Australia,New cases,0.0,21
2239,2020-02-12,South Australia,css_per_prsn,0.0,21
2240,2020-02-12,South Australia,New cases per week,0.0,21
2241,2020-02-12,South Australia,log10(Total cases),0.3010299956639812,21
2242,2020-02-12,South Australia,log10(New cases per week),0.0,21
2243,2020-02-12,South Australia,Slope of power-law,-inf,21
2244,2020-02-12,South Australia,Acceleration of power-law,-inf,21
2245,2020-02-12,South Australia,Growth Rate,0.0,21
2246,2020-02-12,South Australia,Days since first case,21.0,21
2247,2020-02-12,South Australia,Average Growth Rate,inf,21
2248,2020-02-12,South Australia,Doubling time,inf,21
2249,2020-02-12,Tasmania,Total cases,0.0,21
2250,2020-02-12,Tasmania,Total cases per million,0.0,21
2251,2020-02-12,Tasmania,New cases,0.0,21
2252,2020-02-12,Tasmania,css_per_prsn,0.0,21
2253,2020-02-12,Tasmania,New cases per week,0.0,21
2254,2020-02-12,Tasmania,log10(Total cases),0.0,21
2255,2020-02-12,Tasmania,log10(New cases per week),0.0,21
2256,2020-02-12,Tasmania,Slope of power-law,0.0,21
2257,2020-02-12,Tasmania,Acceleration of power-law,0.0,21
2258,2020-02-12,Tasmania,Growth Rate,0.0,21
2259,2020-02-12,Tasmania,Days since first case,21.0,21
2260,2020-02-12,Tasmania,Average Growth Rate,0.0,21
2261,2020-02-12,Tasmania,Doubling time,0.0,21
2262,2020-02-12,Victoria,Total cases,4.0,21
2263,2020-02-12,Victoria,Total cases per million,0.6290297216543481,21
2264,2020-02-12,Victoria,New cases,0.0,21
2265,2020-02-12,Victoria,css_per_prsn,0.0,21
2266,2020-02-12,Victoria,New cases per week,0.0,21
2267,2020-02-12,Victoria,log10(Total cases),0.6020599913279624,21
2268,2020-02-12,Victoria,log10(New cases per week),0.0,21
2269,2020-02-12,Victoria,Slope of power-law,-inf,21
2270,2020-02-12,Victoria,Acceleration of power-law,0.0,21
2271,2020-02-12,Victoria,Growth Rate,0.0,21
2272,2020-02-12,Victoria,Days since first case,21.0,21
2273,2020-02-12,Victoria,Average Growth Rate,162586322087639.56,21
2274,2020-02-12,Victoria,Doubling time,3414312763840431.0,21
2275,2020-02-12,Western Australia,Total cases,0.0,21
2276,2020-02-12,Western Australia,Total cases per million,0.0,21
2277,2020-02-12,Western Australia,New cases,0.0,21
2278,2020-02-12,Western Australia,css_per_prsn,0.0,21
2279,2020-02-12,Western Australia,New cases per week,0.0,21
2280,2020-02-12,Western Australia,log10(Total cases),0.0,21
2281,2020-02-12,Western Australia,log10(New cases per week),0.0,21
2282,2020-02-12,Western Australia,Slope of power-law,0.0,21
2283,2020-02-12,Western Australia,Acceleration of power-law,0.0,21
2284,2020-02-12,Western Australia,Growth Rate,0.0,21
2285,2020-02-12,Western Australia,Days since first case,21.0,21
2286,2020-02-12,Western Australia,Average Growth Rate,0.0,21
2287,2020-02-12,Western Australia,Doubling time,0.0,21
2288,2020-02-13,Australian Capital Territory,Total cases,0.0,22
2289,2020-02-13,Australian Capital Territory,Total cases per million,0.0,22
2290,2020-02-13,Australian Capital Territory,New cases,0.0,22
2291,2020-02-13,Australian Capital Territory,css_per_prsn,0.0,22
2292,2020-02-13,Australian Capital Territory,New cases per week,0.0,22
2293,2020-02-13,Australian Capital Territory,log10(Total cases),0.0,22
2294,2020-02-13,Australian Capital Territory,log10(New cases per week),0.0,22
2295,2020-02-13,Australian Capital Territory,Slope of power-law,0.0,22
2296,2020-02-13,Australian Capital Territory,Acceleration of power-law,0.0,22
2297,2020-02-13,Australian Capital Territory,Growth Rate,0.0,22
2298,2020-02-13,Australian Capital Territory,Days since first case,22.0,22
2299,2020-02-13,Australian Capital Territory,Average Growth Rate,0.0,22
2300,2020-02-13,Australian Capital Territory,Doubling time,0.0,22
2301,2020-02-13,New South Wales,Total cases,4.0,22
2302,2020-02-13,New South Wales,Total cases per million,0.5302226935312832,22
2303,2020-02-13,New South Wales,New cases,0.0,22
2304,2020-02-13,New South Wales,css_per_prsn,0.0,22
2305,2020-02-13,New South Wales,New cases per week,0.0,22
2306,2020-02-13,New South Wales,log10(Total cases),0.6020599913279624,22
2307,2020-02-13,New South Wales,log10(New cases per week),0.0,22
2308,2020-02-13,New South Wales,Slope of power-law,0.0,22
2309,2020-02-13,New South Wales,Acceleration of power-law,0.0,22
2310,2020-02-13,New South Wales,Growth Rate,0.0,22
2311,2020-02-13,New South Wales,Days since first case,22.0,22
2312,2020-02-13,New South Wales,Average Growth Rate,325172644175279.1,22
2313,2020-02-13,New South Wales,Doubling time,7153798171856141.0,22
2314,2020-02-13,Northern Territory,Total cases,0.0,22
2315,2020-02-13,Northern Territory,Total cases per million,0.0,22
2316,2020-02-13,Northern Territory,New cases,0.0,22
2317,2020-02-13,Northern Territory,css_per_prsn,0.0,22
2318,2020-02-13,Northern Territory,New cases per week,0.0,22
2319,2020-02-13,Northern Territory,log10(Total cases),0.0,22
2320,2020-02-13,Northern Territory,log10(New cases per week),0.0,22
2321,2020-02-13,Northern Territory,Slope of power-law,0.0,22
2322,2020-02-13,Northern Territory,Acceleration of power-law,0.0,22
2323,2020-02-13,Northern Territory,Growth Rate,0.0,22
2324,2020-02-13,Northern Territory,Days since first case,22.0,22
2325,2020-02-13,Northern Territory,Average Growth Rate,0.0,22
2326,2020-02-13,Northern Territory,Doubling time,0.0,22
2327,2020-02-13,Queensland,Total cases,5.0,22
2328,2020-02-13,Queensland,Total cases per million,0.9859988168014199,22
2329,2020-02-13,Queensland,New cases,0.0,22
2330,2020-02-13,Queensland,css_per_prsn,0.0,22
2331,2020-02-13,Queensland,New cases per week,1.0,22
2332,2020-02-13,Queensland,log10(Total cases),0.6989700043360189,22
2333,2020-02-13,Queensland,log10(New cases per week),0.0,22
2334,2020-02-13,Queensland,Slope of power-law,-0.75647079736603,22
2335,2020-02-13,Queensland,Acceleration of power-law,-inf,22
2336,2020-02-13,Queensland,Growth Rate,0.0,22
2337,2020-02-13,Queensland,Days since first case,22.0,22
2338,2020-02-13,Queensland,Average Growth Rate,0.1617670223371866,22
2339,2020-02-13,Queensland,Doubling time,3.558874491418105,22
2340,2020-02-13,South Australia,Total cases,2.0,22
2341,2020-02-13,South Australia,Total cases per million,1.1926058437686344,22
2342,2020-02-13,South Australia,New cases,0.0,22
2343,2020-02-13,South Australia,css_per_prsn,0.0,22
2344,2020-02-13,South Australia,New cases per week,0.0,22
2345,2020-02-13,South Australia,log10(Total cases),0.3010299956639812,22
2346,2020-02-13,South Australia,log10(New cases per week),0.0,22
2347,2020-02-13,South Australia,Slope of power-law,-inf,22
2348,2020-02-13,South Australia,Acceleration of power-law,0.0,22
2349,2020-02-13,South Australia,Growth Rate,0.0,22
2350,2020-02-13,South Australia,Days since first case,22.0,22
2351,2020-02-13,South Australia,Average Growth Rate,inf,22
2352,2020-02-13,South Australia,Doubling time,inf,22
2353,2020-02-13,Tasmania,Total cases,0.0,22
2354,2020-02-13,Tasmania,Total cases per million,0.0,22
2355,2020-02-13,Tasmania,New cases,0.0,22
2356,2020-02-13,Tasmania,css_per_prsn,0.0,22
2357,2020-02-13,Tasmania,New cases per week,0.0,22
2358,2020-02-13,Tasmania,log10(Total cases),0.0,22
2359,2020-02-13,Tasmania,log10(New cases per week),0.0,22
2360,2020-02-13,Tasmania,Slope of power-law,0.0,22
2361,2020-02-13,Tasmania,Acceleration of power-law,0.0,22
2362,2020-02-13,Tasmania,Growth Rate,0.0,22
2363,2020-02-13,Tasmania,Days since first case,22.0,22
2364,2020-02-13,Tasmania,Average Growth Rate,0.0,22
2365,2020-02-13,Tasmania,Doubling time,0.0,22
2366,2020-02-13,Victoria,Total cases,4.0,22
2367,2020-02-13,Victoria,Total cases per million,0.6290297216543481,22
2368,2020-02-13,Victoria,New cases,0.0,22
2369,2020-02-13,Victoria,css_per_prsn,0.0,22
2370,2020-02-13,Victoria,New cases per week,0.0,22
2371,2020-02-13,Victoria,log10(Total cases),0.6020599913279624,22
2372,2020-02-13,Victoria,log10(New cases per week),0.0,22
2373,2020-02-13,Victoria,Slope of power-law,-inf,22
2374,2020-02-13,Victoria,Acceleration of power-law,0.0,22
2375,2020-02-13,Victoria,Growth Rate,0.0,22
2376,2020-02-13,Victoria,Days since first case,22.0,22
2377,2020-02-13,Victoria,Average Growth Rate,162586322087639.56,22
2378,2020-02-13,Victoria,Doubling time,3576899085928070.5,22
2379,2020-02-13,Western Australia,Total cases,0.0,22
2380,2020-02-13,Western Australia,Total cases per million,0.0,22
2381,2020-02-13,Western Australia,New cases,0.0,22
2382,2020-02-13,Western Australia,css_per_prsn,0.0,22
2383,2020-02-13,Western Australia,New cases per week,0.0,22
2384,2020-02-13,Western Australia,log10(Total cases),0.0,22
2385,2020-02-13,Western Australia,log10(New cases per week),0.0,22
2386,2020-02-13,Western Australia,Slope of power-law,0.0,22
2387,2020-02-13,Western Australia,Acceleration of power-law,0.0,22
2388,2020-02-13,Western Australia,Growth Rate,0.0,22
2389,2020-02-13,Western Australia,Days since first case,22.0,22
2390,2020-02-13,Western Australia,Average Growth Rate,0.0,22
2391,2020-02-13,Western Australia,Doubling time,0.0,22
2392,2020-02-14,Australian Capital Territory,Total cases,0.0,23
2393,2020-02-14,Australian Capital Territory,Total cases per million,0.0,23
2394,2020-02-14,Australian Capital Territory,New cases,0.0,23
2395,2020-02-14,Australian Capital Territory,css_per_prsn,0.0,23
2396,2020-02-14,Australian Capital Territory,New cases per week,0.0,23
2397,2020-02-14,Australian Capital Territory,log10(Total cases),0.0,23
2398,2020-02-14,Australian Capital Territory,log10(New cases per week),0.0,23
2399,2020-02-14,Australian Capital Territory,Slope of power-law,0.0,23
2400,2020-02-14,Australian Capital Territory,Acceleration of power-law,0.0,23
2401,2020-02-14,Australian Capital Territory,Growth Rate,0.0,23
2402,2020-02-14,Australian Capital Territory,Days since first case,23.0,23
2403,2020-02-14,Australian Capital Territory,Average Growth Rate,0.0,23
2404,2020-02-14,Australian Capital Territory,Doubling time,0.0,23
2405,2020-02-14,New South Wales,Total cases,4.0,23
2406,2020-02-14,New South Wales,Total cases per million,0.5302226935312832,23
2407,2020-02-14,New South Wales,New cases,0.0,23
2408,2020-02-14,New South Wales,css_per_prsn,0.0,23
2409,2020-02-14,New South Wales,New cases per week,0.0,23
2410,2020-02-14,New South Wales,log10(Total cases),0.6020599913279624,23
2411,2020-02-14,New South Wales,log10(New cases per week),0.0,23
2412,2020-02-14,New South Wales,Slope of power-law,0.0,23
2413,2020-02-14,New South Wales,Acceleration of power-law,0.0,23
2414,2020-02-14,New South Wales,Growth Rate,0.0,23
2415,2020-02-14,New South Wales,Days since first case,23.0,23
2416,2020-02-14,New South Wales,Average Growth Rate,325172644175279.1,23
2417,2020-02-14,New South Wales,Doubling time,7478970816031420.0,23
2418,2020-02-14,Northern Territory,Total cases,0.0,23
2419,2020-02-14,Northern Territory,Total cases per million,0.0,23
2420,2020-02-14,Northern Territory,New cases,0.0,23
2421,2020-02-14,Northern Territory,css_per_prsn,0.0,23
2422,2020-02-14,Northern Territory,New cases per week,0.0,23
2423,2020-02-14,Northern Territory,log10(Total cases),0.0,23
2424,2020-02-14,Northern Territory,log10(New cases per week),0.0,23
2425,2020-02-14,Northern Territory,Slope of power-law,0.0,23
2426,2020-02-14,Northern Territory,Acceleration of power-law,0.0,23
2427,2020-02-14,Northern Territory,Growth Rate,0.0,23
2428,2020-02-14,Northern Territory,Days since first case,23.0,23
2429,2020-02-14,Northern Territory,Average Growth Rate,0.0,23
2430,2020-02-14,Northern Territory,Doubling time,0.0,23
2431,2020-02-14,Queensland,Total cases,5.0,23
2432,2020-02-14,Queensland,Total cases per million,0.9859988168014199,23
2433,2020-02-14,Queensland,New cases,0.0,23
2434,2020-02-14,Queensland,css_per_prsn,0.0,23
2435,2020-02-14,Queensland,New cases per week,0.0,23
2436,2020-02-14,Queensland,log10(Total cases),0.6989700043360189,23
2437,2020-02-14,Queensland,log10(New cases per week),0.0,23
2438,2020-02-14,Queensland,Slope of power-law,-2.150660103087123,23
2439,2020-02-14,Queensland,Acceleration of power-law,-inf,23
2440,2020-02-14,Queensland,Growth Rate,0.0,23
2441,2020-02-14,Queensland,Days since first case,23.0,23
2442,2020-02-14,Queensland,Average Growth Rate,0.2810056137405181,23
2443,2020-02-14,Queensland,Doubling time,6.463129116031916,23
2444,2020-02-14,South Australia,Total cases,2.0,23
2445,2020-02-14,South Australia,Total cases per million,1.1926058437686344,23
2446,2020-02-14,South Australia,New cases,0.0,23
2447,2020-02-14,South Australia,css_per_prsn,0.0,23
2448,2020-02-14,South Australia,New cases per week,0.0,23
2449,2020-02-14,South Australia,log10(Total cases),0.3010299956639812,23
2450,2020-02-14,South Australia,log10(New cases per week),0.0,23
2451,2020-02-14,South Australia,Slope of power-law,-inf,23
2452,2020-02-14,South Australia,Acceleration of power-law,0.0,23
2453,2020-02-14,South Australia,Growth Rate,0.0,23
2454,2020-02-14,South Australia,Days since first case,23.0,23
2455,2020-02-14,South Australia,Average Growth Rate,inf,23
2456,2020-02-14,South Australia,Doubling time,inf,23
2457,2020-02-14,Tasmania,Total cases,0.0,23
2458,2020-02-14,Tasmania,Total cases per million,0.0,23
2459,2020-02-14,Tasmania,New cases,0.0,23
2460,2020-02-14,Tasmania,css_per_prsn,0.0,23
2461,2020-02-14,Tasmania,New cases per week,0.0,23
2462,2020-02-14,Tasmania,log10(Total cases),0.0,23
2463,2020-02-14,Tasmania,log10(New cases per week),0.0,23
2464,2020-02-14,Tasmania,Slope of power-law,0.0,23
2465,2020-02-14,Tasmania,Acceleration of power-law,0.0,23
2466,2020-02-14,Tasmania,Growth Rate,0.0,23
2467,2020-02-14,Tasmania,Days since first case,23.0,23
2468,2020-02-14,Tasmania,Average Growth Rate,0.0,23
2469,2020-02-14,Tasmania,Doubling time,0.0,23
2470,2020-02-14,Victoria,Total cases,4.0,23
2471,2020-02-14,Victoria,Total cases per million,0.6290297216543481,23
2472,2020-02-14,Victoria,New cases,0.0,23
2473,2020-02-14,Victoria,css_per_prsn,0.0,23
2474,2020-02-14,Victoria,New cases per week,0.0,23
2475,2020-02-14,Victoria,log10(Total cases),0.6020599913279624,23
2476,2020-02-14,Victoria,log10(New cases per week),0.0,23
2477,2020-02-14,Victoria,Slope of power-law,-inf,23
2478,2020-02-14,Victoria,Acceleration of power-law,0.0,23
2479,2020-02-14,Victoria,Growth Rate,0.0,23
2480,2020-02-14,Victoria,Days since first case,23.0,23
2481,2020-02-14,Victoria,Average Growth Rate,162586322087639.56,23
2482,2020-02-14,Victoria,Doubling time,3739485408015710.0,23
2483,2020-02-14,Western Australia,Total cases,0.0,23
2484,2020-02-14,Western Australia,Total cases per million,0.0,23
2485,2020-02-14,Western Australia,New cases,0.0,23
2486,2020-02-14,Western Australia,css_per_prsn,0.0,23
2487,2020-02-14,Western Australia,New cases per week,0.0,23
2488,2020-02-14,Western Australia,log10(Total cases),0.0,23
2489,2020-02-14,Western Australia,log10(New cases per week),0.0,23
2490,2020-02-14,Western Australia,Slope of power-law,0.0,23
2491,2020-02-14,Western Australia,Acceleration of power-law,0.0,23
2492,2020-02-14,Western Australia,Growth Rate,0.0,23
2493,2020-02-14,Western Australia,Days since first case,23.0,23
2494,2020-02-14,Western Australia,Average Growth Rate,0.0,23
2495,2020-02-14,Western Australia,Doubling time,0.0,23
2496,2020-02-15,Australian Capital Territory,Total cases,0.0,24
2497,2020-02-15,Australian Capital Territory,Total cases per million,0.0,24
2498,2020-02-15,Australian Capital Territory,New cases,0.0,24
2499,2020-02-15,Australian Capital Territory,css_per_prsn,0.0,24
2500,2020-02-15,Australian Capital Territory,New cases per week,0.0,24
2501,2020-02-15,Australian Capital Territory,log10(Total cases),0.0,24
2502,2020-02-15,Australian Capital Territory,log10(New cases per week),0.0,24
2503,2020-02-15,Australian Capital Territory,Slope of power-law,0.0,24
2504,2020-02-15,Australian Capital Territory,Acceleration of power-law,0.0,24
2505,2020-02-15,Australian Capital Territory,Growth Rate,0.0,24
2506,2020-02-15,Australian Capital Territory,Days since first case,24.0,24
2507,2020-02-15,Australian Capital Territory,Average Growth Rate,0.0,24
2508,2020-02-15,Australian Capital Territory,Doubling time,0.0,24
2509,2020-02-15,New South Wales,Total cases,4.0,24
2510,2020-02-15,New South Wales,Total cases per million,0.5302226935312832,24
2511,2020-02-15,New South Wales,New cases,0.0,24
2512,2020-02-15,New South Wales,css_per_prsn,0.0,24
2513,2020-02-15,New South Wales,New cases per week,0.0,24
2514,2020-02-15,New South Wales,log10(Total cases),0.6020599913279624,24
2515,2020-02-15,New South Wales,log10(New cases per week),0.0,24
2516,2020-02-15,New South Wales,Slope of power-law,0.0,24
2517,2020-02-15,New South Wales,Acceleration of power-law,0.0,24
2518,2020-02-15,New South Wales,Growth Rate,0.0,24
2519,2020-02-15,New South Wales,Days since first case,24.0,24
2520,2020-02-15,New South Wales,Average Growth Rate,325172644175279.1,24
2521,2020-02-15,New South Wales,Doubling time,7804143460206699.0,24
2522,2020-02-15,Northern Territory,Total cases,0.0,24
2523,2020-02-15,Northern Territory,Total cases per million,0.0,24
2524,2020-02-15,Northern Territory,New cases,0.0,24
2525,2020-02-15,Northern Territory,css_per_prsn,0.0,24
2526,2020-02-15,Northern Territory,New cases per week,0.0,24
2527,2020-02-15,Northern Territory,log10(Total cases),0.0,24
2528,2020-02-15,Northern Territory,log10(New cases per week),0.0,24
2529,2020-02-15,Northern Territory,Slope of power-law,0.0,24
2530,2020-02-15,Northern Territory,Acceleration of power-law,0.0,24
2531,2020-02-15,Northern Territory,Growth Rate,0.0,24
2532,2020-02-15,Northern Territory,Days since first case,24.0,24
2533,2020-02-15,Northern Territory,Average Growth Rate,0.0,24
2534,2020-02-15,Northern Territory,Doubling time,0.0,24
2535,2020-02-15,Queensland,Total cases,5.0,24
2536,2020-02-15,Queensland,Total cases per million,0.9859988168014199,24
2537,2020-02-15,Queensland,New cases,0.0,24
2538,2020-02-15,Queensland,css_per_prsn,0.0,24
2539,2020-02-15,Queensland,New cases per week,0.0,24
2540,2020-02-15,Queensland,log10(Total cases),0.6989700043360189,24
2541,2020-02-15,Queensland,log10(New cases per week),0.0,24
2542,2020-02-15,Queensland,Slope of power-law,-1.3569154488567237,24
2543,2020-02-15,Queensland,Acceleration of power-law,inf,24
2544,2020-02-15,Queensland,Growth Rate,0.0,24
2545,2020-02-15,Queensland,Days since first case,24.0,24
2546,2020-02-15,Queensland,Average Growth Rate,0.8664339756999293,24
2547,2020-02-15,Queensland,Doubling time,20.7944154167983,24
2548,2020-02-15,South Australia,Total cases,2.0,24
2549,2020-02-15,South Australia,Total cases per million,1.1926058437686344,24
2550,2020-02-15,South Australia,New cases,0.0,24
2551,2020-02-15,South Australia,css_per_prsn,0.0,24
2552,2020-02-15,South Australia,New cases per week,0.0,24
2553,2020-02-15,South Australia,log10(Total cases),0.3010299956639812,24
2554,2020-02-15,South Australia,log10(New cases per week),0.0,24
2555,2020-02-15,South Australia,Slope of power-law,-inf,24
2556,2020-02-15,South Australia,Acceleration of power-law,0.0,24
2557,2020-02-15,South Australia,Growth Rate,0.0,24
2558,2020-02-15,South Australia,Days since first case,24.0,24
2559,2020-02-15,South Australia,Average Growth Rate,inf,24
2560,2020-02-15,South Australia,Doubling time,inf,24
2561,2020-02-15,Tasmania,Total cases,0.0,24
2562,2020-02-15,Tasmania,Total cases per million,0.0,24
2563,2020-02-15,Tasmania,New cases,0.0,24
2564,2020-02-15,Tasmania,css_per_prsn,0.0,24
2565,2020-02-15,Tasmania,New cases per week,0.0,24
2566,2020-02-15,Tasmania,log10(Total cases),0.0,24
2567,2020-02-15,Tasmania,log10(New cases per week),0.0,24
2568,2020-02-15,Tasmania,Slope of power-law,0.0,24
2569,2020-02-15,Tasmania,Acceleration of power-law,0.0,24
2570,2020-02-15,Tasmania,Growth Rate,0.0,24
2571,2020-02-15,Tasmania,Days since first case,24.0,24
2572,2020-02-15,Tasmania,Average Growth Rate,0.0,24
2573,2020-02-15,Tasmania,Doubling time,0.0,24
2574,2020-02-15,Victoria,Total cases,4.0,24
2575,2020-02-15,Victoria,Total cases per million,0.6290297216543481,24
2576,2020-02-15,Victoria,New cases,0.0,24
2577,2020-02-15,Victoria,css_per_prsn,0.0,24
2578,2020-02-15,Victoria,New cases per week,0.0,24
2579,2020-02-15,Victoria,log10(Total cases),0.6020599913279624,24
2580,2020-02-15,Victoria,log10(New cases per week),0.0,24
2581,2020-02-15,Victoria,Slope of power-law,-inf,24
2582,2020-02-15,Victoria,Acceleration of power-law,0.0,24
2583,2020-02-15,Victoria,Growth Rate,0.0,24
2584,2020-02-15,Victoria,Days since first case,24.0,24
2585,2020-02-15,Victoria,Average Growth Rate,162586322087639.56,24
2586,2020-02-15,Victoria,Doubling time,3902071730103349.5,24
2587,2020-02-15,Western Australia,Total cases,0.0,24
2588,2020-02-15,Western Australia,Total cases per million,0.0,24
2589,2020-02-15,Western Australia,New cases,0.0,24
2590,2020-02-15,Western Australia,css_per_prsn,0.0,24
2591,2020-02-15,Western Australia,New cases per week,0.0,24
2592,2020-02-15,Western Australia,log10(Total cases),0.0,24
2593,2020-02-15,Western Australia,log10(New cases per week),0.0,24
2594,2020-02-15,Western Australia,Slope of power-law,0.0,24
2595,2020-02-15,Western Australia,Acceleration of power-law,0.0,24
2596,2020-02-15,Western Australia,Growth Rate,0.0,24
2597,2020-02-15,Western Australia,Days since first case,24.0,24
2598,2020-02-15,Western Australia,Average Growth Rate,0.0,24
2599,2020-02-15,Western Australia,Doubling time,0.0,24
2600,2020-02-16,Australian Capital Territory,Total cases,0.0,25
2601,2020-02-16,Australian Capital Territory,Total cases per million,0.0,25
2602,2020-02-16,Australian Capital Territory,New cases,0.0,25
2603,2020-02-16,Australian Capital Territory,css_per_prsn,0.0,25
2604,2020-02-16,Australian Capital Territory,New cases per week,0.0,25
2605,2020-02-16,Australian Capital Territory,log10(Total cases),0.0,25
2606,2020-02-16,Australian Capital Territory,log10(New cases per week),0.0,25
2607,2020-02-16,Australian Capital Territory,Slope of power-law,0.0,25
2608,2020-02-16,Australian Capital Territory,Acceleration of power-law,0.0,25
2609,2020-02-16,Australian Capital Territory,Growth Rate,0.0,25
2610,2020-02-16,Australian Capital Territory,Days since first case,25.0,25
2611,2020-02-16,Australian Capital Territory,Average Growth Rate,0.0,25
2612,2020-02-16,Australian Capital Territory,Doubling time,0.0,25
2613,2020-02-16,New South Wales,Total cases,4.0,25
2614,2020-02-16,New South Wales,Total cases per million,0.5302226935312832,25
2615,2020-02-16,New South Wales,New cases,0.0,25
2616,2020-02-16,New South Wales,css_per_prsn,0.0,25
2617,2020-02-16,New South Wales,New cases per week,0.0,25
2618,2020-02-16,New South Wales,log10(Total cases),0.6020599913279624,25
2619,2020-02-16,New South Wales,log10(New cases per week),0.0,25
2620,2020-02-16,New South Wales,Slope of power-law,0.0,25
2621,2020-02-16,New South Wales,Acceleration of power-law,0.0,25
2622,2020-02-16,New South Wales,Growth Rate,0.0,25
2623,2020-02-16,New South Wales,Days since first case,25.0,25
2624,2020-02-16,New South Wales,Average Growth Rate,325172644175279.1,25
2625,2020-02-16,New South Wales,Doubling time,8129316104381978.0,25
2626,2020-02-16,Northern Territory,Total cases,0.0,25
2627,2020-02-16,Northern Territory,Total cases per million,0.0,25
2628,2020-02-16,Northern Territory,New cases,0.0,25
2629,2020-02-16,Northern Territory,css_per_prsn,0.0,25
2630,2020-02-16,Northern Territory,New cases per week,0.0,25
2631,2020-02-16,Northern Territory,log10(Total cases),0.0,25
2632,2020-02-16,Northern Territory,log10(New cases per week),0.0,25
2633,2020-02-16,Northern Territory,Slope of power-law,0.0,25
2634,2020-02-16,Northern Territory,Acceleration of power-law,0.0,25
2635,2020-02-16,Northern Territory,Growth Rate,0.0,25
2636,2020-02-16,Northern Territory,Days since first case,25.0,25
2637,2020-02-16,Northern Territory,Average Growth Rate,0.0,25
2638,2020-02-16,Northern Territory,Doubling time,0.0,25
2639,2020-02-16,Queensland,Total cases,5.0,25
2640,2020-02-16,Queensland,Total cases per million,0.9859988168014199,25
2641,2020-02-16,Queensland,New cases,0.0,25
2642,2020-02-16,Queensland,css_per_prsn,0.0,25
2643,2020-02-16,Queensland,New cases per week,0.0,25
2644,2020-02-16,Queensland,log10(Total cases),0.6989700043360189,25
2645,2020-02-16,Queensland,log10(New cases per week),0.0,25
2646,2020-02-16,Queensland,Slope of power-law,0.0,25
2647,2020-02-16,Queensland,Acceleration of power-law,inf,25
2648,2020-02-16,Queensland,Growth Rate,0.0,25
2649,2020-02-16,Queensland,Days since first case,25.0,25
2650,2020-02-16,Queensland,Average Growth Rate,325172644175279.1,25
2651,2020-02-16,Queensland,Doubling time,8129316104381978.0,25
2652,2020-02-16,South Australia,Total cases,2.0,25
2653,2020-02-16,South Australia,Total cases per million,1.1926058437686344,25
2654,2020-02-16,South Australia,New cases,0.0,25
2655,2020-02-16,South Australia,css_per_prsn,0.0,25
2656,2020-02-16,South Australia,New cases per week,0.0,25
2657,2020-02-16,South Australia,log10(Total cases),0.3010299956639812,25
2658,2020-02-16,South Australia,log10(New cases per week),0.0,25
2659,2020-02-16,South Australia,Slope of power-law,-inf,25
2660,2020-02-16,South Australia,Acceleration of power-law,0.0,25
2661,2020-02-16,South Australia,Growth Rate,0.0,25
2662,2020-02-16,South Australia,Days since first case,25.0,25
2663,2020-02-16,South Australia,Average Growth Rate,inf,25
2664,2020-02-16,South Australia,Doubling time,inf,25
2665,2020-02-16,Tasmania,Total cases,0.0,25
2666,2020-02-16,Tasmania,Total cases per million,0.0,25
2667,2020-02-16,Tasmania,New cases,0.0,25
2668,2020-02-16,Tasmania,css_per_prsn,0.0,25
2669,2020-02-16,Tasmania,New cases per week,0.0,25
2670,2020-02-16,Tasmania,log10(Total cases),0.0,25
2671,2020-02-16,Tasmania,log10(New cases per week),0.0,25
2672,2020-02-16,Tasmania,Slope of power-law,0.0,25
2673,2020-02-16,Tasmania,Acceleration of power-law,0.0,25
2674,2020-02-16,Tasmania,Growth Rate,0.0,25
2675,2020-02-16,Tasmania,Days since first case,25.0,25
2676,2020-02-16,Tasmania,Average Growth Rate,0.0,25
2677,2020-02-16,Tasmania,Doubling time,0.0,25
2678,2020-02-16,Victoria,Total cases,4.0,25
2679,2020-02-16,Victoria,Total cases per million,0.6290297216543481,25
2680,2020-02-16,Victoria,New cases,0.0,25
2681,2020-02-16,Victoria,css_per_prsn,0.0,25
2682,2020-02-16,Victoria,New cases per week,0.0,25
2683,2020-02-16,Victoria,log10(Total cases),0.6020599913279624,25
2684,2020-02-16,Victoria,log10(New cases per week),0.0,25
2685,2020-02-16,Victoria,Slope of power-law,-inf,25
2686,2020-02-16,Victoria,Acceleration of power-law,0.0,25
2687,2020-02-16,Victoria,Growth Rate,0.0,25
2688,2020-02-16,Victoria,Days since first case,25.0,25
2689,2020-02-16,Victoria,Average Growth Rate,162586322087639.56,25
2690,2020-02-16,Victoria,Doubling time,4064658052190989.0,25
2691,2020-02-16,Western Australia,Total cases,0.0,25
2692,2020-02-16,Western Australia,Total cases per million,0.0,25
2693,2020-02-16,Western Australia,New cases,0.0,25
2694,2020-02-16,Western Australia,css_per_prsn,0.0,25
2695,2020-02-16,Western Australia,New cases per week,0.0,25
2696,2020-02-16,Western Australia,log10(Total cases),0.0,25
2697,2020-02-16,Western Australia,log10(New cases per week),0.0,25
2698,2020-02-16,Western Australia,Slope of power-law,0.0,25
2699,2020-02-16,Western Australia,Acceleration of power-law,0.0,25
2700,2020-02-16,Western Australia,Growth Rate,0.0,25
2701,2020-02-16,Western Australia,Days since first case,25.0,25
2702,2020-02-16,Western Australia,Average Growth Rate,0.0,25
2703,2020-02-16,Western Australia,Doubling time,0.0,25
2704,2020-02-17,Australian Capital Territory,Total cases,0.0,26
2705,2020-02-17,Australian Capital Territory,Total cases per million,0.0,26
2706,2020-02-17,Australian Capital Territory,New cases,0.0,26
2707,2020-02-17,Australian Capital Territory,css_per_prsn,0.0,26
2708,2020-02-17,Australian Capital Territory,New cases per week,0.0,26
2709,2020-02-17,Australian Capital Territory,log10(Total cases),0.0,26
2710,2020-02-17,Australian Capital Territory,log10(New cases per week),0.0,26
2711,2020-02-17,Australian Capital Territory,Slope of power-law,0.0,26
2712,2020-02-17,Australian Capital Territory,Acceleration of power-law,0.0,26
2713,2020-02-17,Australian Capital Territory,Growth Rate,0.0,26
2714,2020-02-17,Australian Capital Territory,Days since first case,26.0,26
2715,2020-02-17,Australian Capital Territory,Average Growth Rate,0.0,26
2716,2020-02-17,Australian Capital Territory,Doubling time,0.0,26
2717,2020-02-17,New South Wales,Total cases,4.0,26
2718,2020-02-17,New South Wales,Total cases per million,0.5302226935312832,26
2719,2020-02-17,New South Wales,New cases,0.0,26
2720,2020-02-17,New South Wales,css_per_prsn,0.0,26
2721,2020-02-17,New South Wales,New cases per week,0.0,26
2722,2020-02-17,New South Wales,log10(Total cases),0.6020599913279624,26
2723,2020-02-17,New South Wales,log10(New cases per week),0.0,26
2724,2020-02-17,New South Wales,Slope of power-law,0.0,26
2725,2020-02-17,New South Wales,Acceleration of power-law,0.0,26
2726,2020-02-17,New South Wales,Growth Rate,0.0,26
2727,2020-02-17,New South Wales,Days since first case,26.0,26
2728,2020-02-17,New South Wales,Average Growth Rate,325172644175279.1,26
2729,2020-02-17,New South Wales,Doubling time,8454488748557257.0,26
2730,2020-02-17,Northern Territory,Total cases,0.0,26
2731,2020-02-17,Northern Territory,Total cases per million,0.0,26
2732,2020-02-17,Northern Territory,New cases,0.0,26
2733,2020-02-17,Northern Territory,css_per_prsn,0.0,26
2734,2020-02-17,Northern Territory,New cases per week,0.0,26
2735,2020-02-17,Northern Territory,log10(Total cases),0.0,26
2736,2020-02-17,Northern Territory,log10(New cases per week),0.0,26
2737,2020-02-17,Northern Territory,Slope of power-law,0.0,26
2738,2020-02-17,Northern Territory,Acceleration of power-law,0.0,26
2739,2020-02-17,Northern Territory,Growth Rate,0.0,26
2740,2020-02-17,Northern Territory,Days since first case,26.0,26
2741,2020-02-17,Northern Territory,Average Growth Rate,0.0,26
2742,2020-02-17,Northern Territory,Doubling time,0.0,26
2743,2020-02-17,Queensland,Total cases,5.0,26
2744,2020-02-17,Queensland,Total cases per million,0.9859988168014199,26
2745,2020-02-17,Queensland,New cases,0.0,26
2746,2020-02-17,Queensland,css_per_prsn,0.0,26
2747,2020-02-17,Queensland,New cases per week,0.0,26
2748,2020-02-17,Queensland,log10(Total cases),0.6989700043360189,26
2749,2020-02-17,Queensland,log10(New cases per week),0.0,26
2750,2020-02-17,Queensland,Slope of power-law,-inf,26
2751,2020-02-17,Queensland,Acceleration of power-law,-inf,26
2752,2020-02-17,Queensland,Growth Rate,0.0,26
2753,2020-02-17,Queensland,Days since first case,26.0,26
2754,2020-02-17,Queensland,Average Growth Rate,325172644175279.1,26
2755,2020-02-17,Queensland,Doubling time,8454488748557257.0,26
2756,2020-02-17,South Australia,Total cases,2.0,26
2757,2020-02-17,South Australia,Total cases per million,1.1926058437686344,26
2758,2020-02-17,South Australia,New cases,0.0,26
2759,2020-02-17,South Australia,css_per_prsn,0.0,26
2760,2020-02-17,South Australia,New cases per week,0.0,26
2761,2020-02-17,South Australia,log10(Total cases),0.3010299956639812,26
2762,2020-02-17,South Australia,log10(New cases per week),0.0,26
2763,2020-02-17,South Australia,Slope of power-law,-inf,26
2764,2020-02-17,South Australia,Acceleration of power-law,0.0,26
2765,2020-02-17,South Australia,Growth Rate,0.0,26
2766,2020-02-17,South Australia,Days since first case,26.0,26
2767,2020-02-17,South Australia,Average Growth Rate,inf,26
2768,2020-02-17,South Australia,Doubling time,inf,26
2769,2020-02-17,Tasmania,Total cases,0.0,26
2770,2020-02-17,Tasmania,Total cases per million,0.0,26
2771,2020-02-17,Tasmania,New cases,0.0,26
2772,2020-02-17,Tasmania,css_per_prsn,0.0,26
2773,2020-02-17,Tasmania,New cases per week,0.0,26
2774,2020-02-17,Tasmania,log10(Total cases),0.0,26
2775,2020-02-17,Tasmania,log10(New cases per week),0.0,26
2776,2020-02-17,Tasmania,Slope of power-law,0.0,26
2777,2020-02-17,Tasmania,Acceleration of power-law,0.0,26
2778,2020-02-17,Tasmania,Growth Rate,0.0,26
2779,2020-02-17,Tasmania,Days since first case,26.0,26
2780,2020-02-17,Tasmania,Average Growth Rate,0.0,26
2781,2020-02-17,Tasmania,Doubling time,0.0,26
2782,2020-02-17,Victoria,Total cases,4.0,26
2783,2020-02-17,Victoria,Total cases per million,0.6290297216543481,26
2784,2020-02-17,Victoria,New cases,0.0,26
2785,2020-02-17,Victoria,css_per_prsn,0.0,26
2786,2020-02-17,Victoria,New cases per week,0.0,26
2787,2020-02-17,Victoria,log10(Total cases),0.6020599913279624,26
2788,2020-02-17,Victoria,log10(New cases per week),0.0,26
2789,2020-02-17,Victoria,Slope of power-law,0.0,26
2790,2020-02-17,Victoria,Acceleration of power-law,0.0,26
2791,2020-02-17,Victoria,Growth Rate,0.0,26
2792,2020-02-17,Victoria,Days since first case,26.0,26
2793,2020-02-17,Victoria,Average Growth Rate,162586322087639.56,26
2794,2020-02-17,Victoria,Doubling time,4227244374278628.5,26
2795,2020-02-17,Western Australia,Total cases,0.0,26
2796,2020-02-17,Western Australia,Total cases per million,0.0,26
2797,2020-02-17,Western Australia,New cases,0.0,26
2798,2020-02-17,Western Australia,css_per_prsn,0.0,26
2799,2020-02-17,Western Australia,New cases per week,0.0,26
2800,2020-02-17,Western Australia,log10(Total cases),0.0,26
2801,2020-02-17,Western Australia,log10(New cases per week),0.0,26
2802,2020-02-17,Western Australia,Slope of power-law,0.0,26
2803,2020-02-17,Western Australia,Acceleration of power-law,0.0,26
2804,2020-02-17,Western Australia,Growth Rate,0.0,26
2805,2020-02-17,Western Australia,Days since first case,26.0,26
2806,2020-02-17,Western Australia,Average Growth Rate,0.0,26
2807,2020-02-17,Western Australia,Doubling time,0.0,26
2808,2020-02-18,Australian Capital Territory,Total cases,0.0,27
2809,2020-02-18,Australian Capital Territory,Total cases per million,0.0,27
2810,2020-02-18,Australian Capital Territory,New cases,0.0,27
2811,2020-02-18,Australian Capital Territory,css_per_prsn,0.0,27
2812,2020-02-18,Australian Capital Territory,New cases per week,0.0,27
2813,2020-02-18,Australian Capital Territory,log10(Total cases),0.0,27
2814,2020-02-18,Australian Capital Territory,log10(New cases per week),0.0,27
2815,2020-02-18,Australian Capital Territory,Slope of power-law,0.0,27
2816,2020-02-18,Australian Capital Territory,Acceleration of power-law,0.0,27
2817,2020-02-18,Australian Capital Territory,Growth Rate,0.0,27
2818,2020-02-18,Australian Capital Territory,Days since first case,27.0,27
2819,2020-02-18,Australian Capital Territory,Average Growth Rate,0.0,27
2820,2020-02-18,Australian Capital Territory,Doubling time,0.0,27
2821,2020-02-18,New South Wales,Total cases,4.0,27
2822,2020-02-18,New South Wales,Total cases per million,0.5302226935312832,27
2823,2020-02-18,New South Wales,New cases,0.0,27
2824,2020-02-18,New South Wales,css_per_prsn,0.0,27
2825,2020-02-18,New South Wales,New cases per week,0.0,27
2826,2020-02-18,New South Wales,log10(Total cases),0.6020599913279624,27
2827,2020-02-18,New South Wales,log10(New cases per week),0.0,27
2828,2020-02-18,New South Wales,Slope of power-law,0.0,27
2829,2020-02-18,New South Wales,Acceleration of power-law,0.0,27
2830,2020-02-18,New South Wales,Growth Rate,0.0,27
2831,2020-02-18,New South Wales,Days since first case,27.0,27
2832,2020-02-18,New South Wales,Average Growth Rate,325172644175279.1,27
2833,2020-02-18,New South Wales,Doubling time,8779661392732536.0,27
2834,2020-02-18,Northern Territory,Total cases,0.0,27
2835,2020-02-18,Northern Territory,Total cases per million,0.0,27
2836,2020-02-18,Northern Territory,New cases,0.0,27
2837,2020-02-18,Northern Territory,css_per_prsn,0.0,27
2838,2020-02-18,Northern Territory,New cases per week,0.0,27
2839,2020-02-18,Northern Territory,log10(Total cases),0.0,27
2840,2020-02-18,Northern Territory,log10(New cases per week),0.0,27
2841,2020-02-18,Northern Territory,Slope of power-law,0.0,27
2842,2020-02-18,Northern Territory,Acceleration of power-law,0.0,27
2843,2020-02-18,Northern Territory,Growth Rate,0.0,27
2844,2020-02-18,Northern Territory,Days since first case,27.0,27
2845,2020-02-18,Northern Territory,Average Growth Rate,0.0,27
2846,2020-02-18,Northern Territory,Doubling time,0.0,27
2847,2020-02-18,Queensland,Total cases,5.0,27
2848,2020-02-18,Queensland,Total cases per million,0.9859988168014199,27
2849,2020-02-18,Queensland,New cases,0.0,27
2850,2020-02-18,Queensland,css_per_prsn,0.0,27
2851,2020-02-18,Queensland,New cases per week,0.0,27
2852,2020-02-18,Queensland,log10(Total cases),0.6989700043360189,27
2853,2020-02-18,Queensland,log10(New cases per week),0.0,27
2854,2020-02-18,Queensland,Slope of power-law,-inf,27
2855,2020-02-18,Queensland,Acceleration of power-law,0.0,27
2856,2020-02-18,Queensland,Growth Rate,0.0,27
2857,2020-02-18,Queensland,Days since first case,27.0,27
2858,2020-02-18,Queensland,Average Growth Rate,325172644175279.1,27
2859,2020-02-18,Queensland,Doubling time,8779661392732536.0,27
2860,2020-02-18,South Australia,Total cases,2.0,27
2861,2020-02-18,South Australia,Total cases per million,1.1926058437686344,27
2862,2020-02-18,South Australia,New cases,0.0,27
2863,2020-02-18,South Australia,css_per_prsn,0.0,27
2864,2020-02-18,South Australia,New cases per week,0.0,27
2865,2020-02-18,South Australia,log10(Total cases),0.3010299956639812,27
2866,2020-02-18,South Australia,log10(New cases per week),0.0,27
2867,2020-02-18,South Australia,Slope of power-law,0.0,27
2868,2020-02-18,South Australia,Acceleration of power-law,0.0,27
2869,2020-02-18,South Australia,Growth Rate,0.0,27
2870,2020-02-18,South Australia,Days since first case,27.0,27
2871,2020-02-18,South Australia,Average Growth Rate,inf,27
2872,2020-02-18,South Australia,Doubling time,inf,27
2873,2020-02-18,Tasmania,Total cases,0.0,27
2874,2020-02-18,Tasmania,Total cases per million,0.0,27
2875,2020-02-18,Tasmania,New cases,0.0,27
2876,2020-02-18,Tasmania,css_per_prsn,0.0,27
2877,2020-02-18,Tasmania,New cases per week,0.0,27
2878,2020-02-18,Tasmania,log10(Total cases),0.0,27
2879,2020-02-18,Tasmania,log10(New cases per week),0.0,27
2880,2020-02-18,Tasmania,Slope of power-law,0.0,27
2881,2020-02-18,Tasmania,Acceleration of power-law,0.0,27
2882,2020-02-18,Tasmania,Growth Rate,0.0,27
2883,2020-02-18,Tasmania,Days since first case,27.0,27
2884,2020-02-18,Tasmania,Average Growth Rate,0.0,27
2885,2020-02-18,Tasmania,Doubling time,0.0,27
2886,2020-02-18,Victoria,Total cases,4.0,27
2887,2020-02-18,Victoria,Total cases per million,0.6290297216543481,27
2888,2020-02-18,Victoria,New cases,0.0,27
2889,2020-02-18,Victoria,css_per_prsn,0.0,27
2890,2020-02-18,Victoria,New cases per week,0.0,27
2891,2020-02-18,Victoria,log10(Total cases),0.6020599913279624,27
2892,2020-02-18,Victoria,log10(New cases per week),0.0,27
2893,2020-02-18,Victoria,Slope of power-law,0.0,27
2894,2020-02-18,Victoria,Acceleration of power-law,0.0,27
2895,2020-02-18,Victoria,Growth Rate,0.0,27
2896,2020-02-18,Victoria,Days since first case,27.0,27
2897,2020-02-18,Victoria,Average Growth Rate,162586322087639.56,27
2898,2020-02-18,Victoria,Doubling time,4389830696366268.0,27
2899,2020-02-18,Western Australia,Total cases,0.0,27
2900,2020-02-18,Western Australia,Total cases per million,0.0,27
2901,2020-02-18,Western Australia,New cases,0.0,27
2902,2020-02-18,Western Australia,css_per_prsn,0.0,27
2903,2020-02-18,Western Australia,New cases per week,0.0,27
2904,2020-02-18,Western Australia,log10(Total cases),0.0,27
2905,2020-02-18,Western Australia,log10(New cases per week),0.0,27
2906,2020-02-18,Western Australia,Slope of power-law,0.0,27
2907,2020-02-18,Western Australia,Acceleration of power-law,0.0,27
2908,2020-02-18,Western Australia,Growth Rate,0.0,27
2909,2020-02-18,Western Australia,Days since first case,27.0,27
2910,2020-02-18,Western Australia,Average Growth Rate,0.0,27
2911,2020-02-18,Western Australia,Doubling time,0.0,27
2912,2020-02-19,Australian Capital Territory,Total cases,0.0,28
2913,2020-02-19,Australian Capital Territory,Total cases per million,0.0,28
2914,2020-02-19,Australian Capital Territory,New cases,0.0,28
2915,2020-02-19,Australian Capital Territory,css_per_prsn,0.0,28
2916,2020-02-19,Australian Capital Territory,New cases per week,0.0,28
2917,2020-02-19,Australian Capital Territory,log10(Total cases),0.0,28
2918,2020-02-19,Australian Capital Territory,log10(New cases per week),0.0,28
2919,2020-02-19,Australian Capital Territory,Slope of power-law,0.0,28
2920,2020-02-19,Australian Capital Territory,Acceleration of power-law,0.0,28
2921,2020-02-19,Australian Capital Territory,Growth Rate,0.0,28
2922,2020-02-19,Australian Capital Territory,Days since first case,28.0,28
2923,2020-02-19,Australian Capital Territory,Average Growth Rate,0.0,28
2924,2020-02-19,Australian Capital Territory,Doubling time,0.0,28
2925,2020-02-19,New South Wales,Total cases,4.0,28
2926,2020-02-19,New South Wales,Total cases per million,0.5302226935312832,28
2927,2020-02-19,New South Wales,New cases,0.0,28
2928,2020-02-19,New South Wales,css_per_prsn,0.0,28
2929,2020-02-19,New South Wales,New cases per week,0.0,28
2930,2020-02-19,New South Wales,log10(Total cases),0.6020599913279624,28
2931,2020-02-19,New South Wales,log10(New cases per week),0.0,28
2932,2020-02-19,New South Wales,Slope of power-law,0.0,28
2933,2020-02-19,New South Wales,Acceleration of power-law,0.0,28
2934,2020-02-19,New South Wales,Growth Rate,0.0,28
2935,2020-02-19,New South Wales,Days since first case,28.0,28
2936,2020-02-19,New South Wales,Average Growth Rate,325172644175279.1,28
2937,2020-02-19,New South Wales,Doubling time,9104834036907816.0,28
2938,2020-02-19,Northern Territory,Total cases,0.0,28
2939,2020-02-19,Northern Territory,Total cases per million,0.0,28
2940,2020-02-19,Northern Territory,New cases,0.0,28
2941,2020-02-19,Northern Territory,css_per_prsn,0.0,28
2942,2020-02-19,Northern Territory,New cases per week,0.0,28
2943,2020-02-19,Northern Territory,log10(Total cases),0.0,28
2944,2020-02-19,Northern Territory,log10(New cases per week),0.0,28
2945,2020-02-19,Northern Territory,Slope of power-law,0.0,28
2946,2020-02-19,Northern Territory,Acceleration of power-law,0.0,28
2947,2020-02-19,Northern Territory,Growth Rate,0.0,28
2948,2020-02-19,Northern Territory,Days since first case,28.0,28
2949,2020-02-19,Northern Territory,Average Growth Rate,0.0,28
2950,2020-02-19,Northern Territory,Doubling time,0.0,28
2951,2020-02-19,Queensland,Total cases,5.0,28
2952,2020-02-19,Queensland,Total cases per million,0.9859988168014199,28
2953,2020-02-19,Queensland,New cases,0.0,28
2954,2020-02-19,Queensland,css_per_prsn,0.0,28
2955,2020-02-19,Queensland,New cases per week,0.0,28
2956,2020-02-19,Queensland,log10(Total cases),0.6989700043360189,28
2957,2020-02-19,Queensland,log10(New cases per week),0.0,28
2958,2020-02-19,Queensland,Slope of power-law,-inf,28
2959,2020-02-19,Queensland,Acceleration of power-law,0.0,28
2960,2020-02-19,Queensland,Growth Rate,0.0,28
2961,2020-02-19,Queensland,Days since first case,28.0,28
2962,2020-02-19,Queensland,Average Growth Rate,325172644175279.1,28
2963,2020-02-19,Queensland,Doubling time,9104834036907816.0,28
2964,2020-02-19,South Australia,Total cases,2.0,28
2965,2020-02-19,South Australia,Total cases per million,1.1926058437686344,28
2966,2020-02-19,South Australia,New cases,0.0,28
2967,2020-02-19,South Australia,css_per_prsn,0.0,28
2968,2020-02-19,South Australia,New cases per week,0.0,28
2969,2020-02-19,South Australia,log10(Total cases),0.3010299956639812,28
2970,2020-02-19,South Australia,log10(New cases per week),0.0,28
2971,2020-02-19,South Australia,Slope of power-law,0.0,28
2972,2020-02-19,South Australia,Acceleration of power-law,0.0,28
2973,2020-02-19,South Australia,Growth Rate,0.0,28
2974,2020-02-19,South Australia,Days since first case,28.0,28
2975,2020-02-19,South Australia,Average Growth Rate,inf,28
2976,2020-02-19,South Australia,Doubling time,inf,28
2977,2020-02-19,Tasmania,Total cases,0.0,28
2978,2020-02-19,Tasmania,Total cases per million,0.0,28
2979,2020-02-19,Tasmania,New cases,0.0,28
2980,2020-02-19,Tasmania,css_per_prsn,0.0,28
2981,2020-02-19,Tasmania,New cases per week,0.0,28
2982,2020-02-19,Tasmania,log10(Total cases),0.0,28
2983,2020-02-19,Tasmania,log10(New cases per week),0.0,28
2984,2020-02-19,Tasmania,Slope of power-law,0.0,28
2985,2020-02-19,Tasmania,Acceleration of power-law,0.0,28
2986,2020-02-19,Tasmania,Growth Rate,0.0,28
2987,2020-02-19,Tasmania,Days since first case,28.0,28
2988,2020-02-19,Tasmania,Average Growth Rate,0.0,28
2989,2020-02-19,Tasmania,Doubling time,0.0,28
2990,2020-02-19,Victoria,Total cases,4.0,28
2991,2020-02-19,Victoria,Total cases per million,0.6290297216543481,28
2992,2020-02-19,Victoria,New cases,0.0,28
2993,2020-02-19,Victoria,css_per_prsn,0.0,28
2994,2020-02-19,Victoria,New cases per week,0.0,28
2995,2020-02-19,Victoria,log10(Total cases),0.6020599913279624,28
2996,2020-02-19,Victoria,log10(New cases per week),0.0,28
2997,2020-02-19,Victoria,Slope of power-law,0.0,28
2998,2020-02-19,Victoria,Acceleration of power-law,0.0,28
2999,2020-02-19,Victoria,Growth Rate,0.0,28
3000,2020-02-19,Victoria,Days since first case,28.0,28
3001,2020-02-19,Victoria,Average Growth Rate,162586322087639.56,28
3002,2020-02-19,Victoria,Doubling time,4552417018453908.0,28
3003,2020-02-19,Western Australia,Total cases,0.0,28
3004,2020-02-19,Western Australia,Total cases per million,0.0,28
3005,2020-02-19,Western Australia,New cases,0.0,28
3006,2020-02-19,Western Australia,css_per_prsn,0.0,28
3007,2020-02-19,Western Australia,New cases per week,0.0,28
3008,2020-02-19,Western Australia,log10(Total cases),0.0,28
3009,2020-02-19,Western Australia,log10(New cases per week),0.0,28
3010,2020-02-19,Western Australia,Slope of power-law,0.0,28
3011,2020-02-19,Western Australia,Acceleration of power-law,0.0,28
3012,2020-02-19,Western Australia,Growth Rate,0.0,28
3013,2020-02-19,Western Australia,Days since first case,28.0,28
3014,2020-02-19,Western Australia,Average Growth Rate,0.0,28
3015,2020-02-19,Western Australia,Doubling time,0.0,28
3016,2020-02-20,Australian Capital Territory,Total cases,0.0,29
3017,2020-02-20,Australian Capital Territory,Total cases per million,0.0,29
3018,2020-02-20,Australian Capital Territory,New cases,0.0,29
3019,2020-02-20,Australian Capital Territory,css_per_prsn,0.0,29
3020,2020-02-20,Australian Capital Territory,New cases per week,0.0,29
3021,2020-02-20,Australian Capital Territory,log10(Total cases),0.0,29
3022,2020-02-20,Australian Capital Territory,log10(New cases per week),0.0,29
3023,2020-02-20,Australian Capital Territory,Slope of power-law,0.0,29
3024,2020-02-20,Australian Capital Territory,Acceleration of power-law,0.0,29
3025,2020-02-20,Australian Capital Territory,Growth Rate,0.0,29
3026,2020-02-20,Australian Capital Territory,Days since first case,29.0,29
3027,2020-02-20,Australian Capital Territory,Average Growth Rate,0.0,29
3028,2020-02-20,Australian Capital Territory,Doubling time,0.0,29
3029,2020-02-20,New South Wales,Total cases,4.0,29
3030,2020-02-20,New South Wales,Total cases per million,0.5302226935312832,29
3031,2020-02-20,New South Wales,New cases,0.0,29
3032,2020-02-20,New South Wales,css_per_prsn,0.0,29
3033,2020-02-20,New South Wales,New cases per week,0.0,29
3034,2020-02-20,New South Wales,log10(Total cases),0.6020599913279624,29
3035,2020-02-20,New South Wales,log10(New cases per week),0.0,29
3036,2020-02-20,New South Wales,Slope of power-law,0.0,29
3037,2020-02-20,New South Wales,Acceleration of power-law,0.0,29
3038,2020-02-20,New South Wales,Growth Rate,0.0,29
3039,2020-02-20,New South Wales,Days since first case,29.0,29
3040,2020-02-20,New South Wales,Average Growth Rate,325172644175279.1,29
3041,2020-02-20,New South Wales,Doubling time,9430006681083094.0,29
3042,2020-02-20,Northern Territory,Total cases,0.0,29
3043,2020-02-20,Northern Territory,Total cases per million,0.0,29
3044,2020-02-20,Northern Territory,New cases,0.0,29
3045,2020-02-20,Northern Territory,css_per_prsn,0.0,29
3046,2020-02-20,Northern Territory,New cases per week,0.0,29
3047,2020-02-20,Northern Territory,log10(Total cases),0.0,29
3048,2020-02-20,Northern Territory,log10(New cases per week),0.0,29
3049,2020-02-20,Northern Territory,Slope of power-law,0.0,29
3050,2020-02-20,Northern Territory,Acceleration of power-law,0.0,29
3051,2020-02-20,Northern Territory,Growth Rate,0.0,29
3052,2020-02-20,Northern Territory,Days since first case,29.0,29
3053,2020-02-20,Northern Territory,Average Growth Rate,0.0,29
3054,2020-02-20,Northern Territory,Doubling time,0.0,29
3055,2020-02-20,Queensland,Total cases,5.0,29
3056,2020-02-20,Queensland,Total cases per million,0.9859988168014199,29
3057,2020-02-20,Queensland,New cases,0.0,29
3058,2020-02-20,Queensland,css_per_prsn,0.0,29
3059,2020-02-20,Queensland,New cases per week,0.0,29
3060,2020-02-20,Queensland,log10(Total cases),0.6989700043360189,29
3061,2020-02-20,Queensland,log10(New cases per week),0.0,29
3062,2020-02-20,Queensland,Slope of power-law,-inf,29
3063,2020-02-20,Queensland,Acceleration of power-law,0.0,29
3064,2020-02-20,Queensland,Growth Rate,0.0,29
3065,2020-02-20,Queensland,Days since first case,29.0,29
3066,2020-02-20,Queensland,Average Growth Rate,325172644175279.1,29
3067,2020-02-20,Queensland,Doubling time,9430006681083094.0,29
3068,2020-02-20,South Australia,Total cases,2.0,29
3069,2020-02-20,South Australia,Total cases per million,1.1926058437686344,29
3070,2020-02-20,South Australia,New cases,0.0,29
3071,2020-02-20,South Australia,css_per_prsn,0.0,29
3072,2020-02-20,South Australia,New cases per week,0.0,29
3073,2020-02-20,South Australia,log10(Total cases),0.3010299956639812,29
3074,2020-02-20,South Australia,log10(New cases per week),0.0,29
3075,2020-02-20,South Australia,Slope of power-law,0.0,29
3076,2020-02-20,South Australia,Acceleration of power-law,0.0,29
3077,2020-02-20,South Australia,Growth Rate,0.0,29
3078,2020-02-20,South Australia,Days since first case,29.0,29
3079,2020-02-20,South Australia,Average Growth Rate,inf,29
3080,2020-02-20,South Australia,Doubling time,inf,29
3081,2020-02-20,Tasmania,Total cases,0.0,29
3082,2020-02-20,Tasmania,Total cases per million,0.0,29
3083,2020-02-20,Tasmania,New cases,0.0,29
3084,2020-02-20,Tasmania,css_per_prsn,0.0,29
3085,2020-02-20,Tasmania,New cases per week,0.0,29
3086,2020-02-20,Tasmania,log10(Total cases),0.0,29
3087,2020-02-20,Tasmania,log10(New cases per week),0.0,29
3088,2020-02-20,Tasmania,Slope of power-law,0.0,29
3089,2020-02-20,Tasmania,Acceleration of power-law,0.0,29
3090,2020-02-20,Tasmania,Growth Rate,0.0,29
3091,2020-02-20,Tasmania,Days since first case,29.0,29
3092,2020-02-20,Tasmania,Average Growth Rate,0.0,29
3093,2020-02-20,Tasmania,Doubling time,0.0,29
3094,2020-02-20,Victoria,Total cases,4.0,29
3095,2020-02-20,Victoria,Total cases per million,0.6290297216543481,29
3096,2020-02-20,Victoria,New cases,0.0,29
3097,2020-02-20,Victoria,css_per_prsn,0.0,29
3098,2020-02-20,Victoria,New cases per week,0.0,29
3099,2020-02-20,Victoria,log10(Total cases),0.6020599913279624,29
3100,2020-02-20,Victoria,log10(New cases per week),0.0,29
3101,2020-02-20,Victoria,Slope of power-law,0.0,29
3102,2020-02-20,Victoria,Acceleration of power-law,0.0,29
3103,2020-02-20,Victoria,Growth Rate,0.0,29
3104,2020-02-20,Victoria,Days since first case,29.0,29
3105,2020-02-20,Victoria,Average Growth Rate,162586322087639.56,29
3106,2020-02-20,Victoria,Doubling time,4715003340541547.0,29
3107,2020-02-20,Western Australia,Total cases,0.0,29
3108,2020-02-20,Western Australia,Total cases per million,0.0,29
3109,2020-02-20,Western Australia,New cases,0.0,29
3110,2020-02-20,Western Australia,css_per_prsn,0.0,29
3111,2020-02-20,Western Australia,New cases per week,0.0,29
3112,2020-02-20,Western Australia,log10(Total cases),0.0,29
3113,2020-02-20,Western Australia,log10(New cases per week),0.0,29
3114,2020-02-20,Western Australia,Slope of power-law,0.0,29
3115,2020-02-20,Western Australia,Acceleration of power-law,0.0,29
3116,2020-02-20,Western Australia,Growth Rate,0.0,29
3117,2020-02-20,Western Australia,Days since first case,29.0,29
3118,2020-02-20,Western Australia,Average Growth Rate,0.0,29
3119,2020-02-20,Western Australia,Doubling time,0.0,29
3120,2020-02-21,Australian Capital Territory,Total cases,0.0,30
3121,2020-02-21,Australian Capital Territory,Total cases per million,0.0,30
3122,2020-02-21,Australian Capital Territory,New cases,0.0,30
3123,2020-02-21,Australian Capital Territory,css_per_prsn,0.0,30
3124,2020-02-21,Australian Capital Territory,New cases per week,0.0,30
3125,2020-02-21,Australian Capital Territory,log10(Total cases),0.0,30
3126,2020-02-21,Australian Capital Territory,log10(New cases per week),0.0,30
3127,2020-02-21,Australian Capital Territory,Slope of power-law,0.0,30
3128,2020-02-21,Australian Capital Territory,Acceleration of power-law,0.0,30
3129,2020-02-21,Australian Capital Territory,Growth Rate,0.0,30
3130,2020-02-21,Australian Capital Territory,Days since first case,30.0,30
3131,2020-02-21,Australian Capital Territory,Average Growth Rate,0.0,30
3132,2020-02-21,Australian Capital Territory,Doubling time,0.0,30
3133,2020-02-21,New South Wales,Total cases,4.0,30
3134,2020-02-21,New South Wales,Total cases per million,0.5302226935312832,30
3135,2020-02-21,New South Wales,New cases,0.0,30
3136,2020-02-21,New South Wales,css_per_prsn,0.0,30
3137,2020-02-21,New South Wales,New cases per week,0.0,30
3138,2020-02-21,New South Wales,log10(Total cases),0.6020599913279624,30
3139,2020-02-21,New South Wales,log10(New cases per week),0.0,30
3140,2020-02-21,New South Wales,Slope of power-law,0.0,30
3141,2020-02-21,New South Wales,Acceleration of power-law,0.0,30
3142,2020-02-21,New South Wales,Growth Rate,0.0,30
3143,2020-02-21,New South Wales,Days since first case,30.0,30
3144,2020-02-21,New South Wales,Average Growth Rate,325172644175279.1,30
3145,2020-02-21,New South Wales,Doubling time,9755179325258374.0,30
3146,2020-02-21,Northern Territory,Total cases,0.0,30
3147,2020-02-21,Northern Territory,Total cases per million,0.0,30
3148,2020-02-21,Northern Territory,New cases,0.0,30
3149,2020-02-21,Northern Territory,css_per_prsn,0.0,30
3150,2020-02-21,Northern Territory,New cases per week,0.0,30
3151,2020-02-21,Northern Territory,log10(Total cases),0.0,30
3152,2020-02-21,Northern Territory,log10(New cases per week),0.0,30
3153,2020-02-21,Northern Territory,Slope of power-law,0.0,30
3154,2020-02-21,Northern Territory,Acceleration of power-law,0.0,30
3155,2020-02-21,Northern Territory,Growth Rate,0.0,30
3156,2020-02-21,Northern Territory,Days since first case,30.0,30
3157,2020-02-21,Northern Territory,Average Growth Rate,0.0,30
3158,2020-02-21,Northern Territory,Doubling time,0.0,30
3159,2020-02-21,Queensland,Total cases,5.0,30
3160,2020-02-21,Queensland,Total cases per million,0.9859988168014199,30
3161,2020-02-21,Queensland,New cases,0.0,30
3162,2020-02-21,Queensland,css_per_prsn,0.0,30
3163,2020-02-21,Queensland,New cases per week,0.0,30
3164,2020-02-21,Queensland,log10(Total cases),0.6989700043360189,30
3165,2020-02-21,Queensland,log10(New cases per week),0.0,30
3166,2020-02-21,Queensland,Slope of power-law,-inf,30
3167,2020-02-21,Queensland,Acceleration of power-law,0.0,30
3168,2020-02-21,Queensland,Growth Rate,0.0,30
3169,2020-02-21,Queensland,Days since first case,30.0,30
3170,2020-02-21,Queensland,Average Growth Rate,325172644175279.1,30
3171,2020-02-21,Queensland,Doubling time,9755179325258374.0,30
3172,2020-02-21,South Australia,Total cases,2.0,30
3173,2020-02-21,South Australia,Total cases per million,1.1926058437686344,30
3174,2020-02-21,South Australia,New cases,0.0,30
3175,2020-02-21,South Australia,css_per_prsn,0.0,30
3176,2020-02-21,South Australia,New cases per week,0.0,30
3177,2020-02-21,South Australia,log10(Total cases),0.3010299956639812,30
3178,2020-02-21,South Australia,log10(New cases per week),0.0,30
3179,2020-02-21,South Australia,Slope of power-law,0.0,30
3180,2020-02-21,South Australia,Acceleration of power-law,0.0,30
3181,2020-02-21,South Australia,Growth Rate,0.0,30
3182,2020-02-21,South Australia,Days since first case,30.0,30
3183,2020-02-21,South Australia,Average Growth Rate,inf,30
3184,2020-02-21,South Australia,Doubling time,inf,30
3185,2020-02-21,Tasmania,Total cases,0.0,30
3186,2020-02-21,Tasmania,Total cases per million,0.0,30
3187,2020-02-21,Tasmania,New cases,0.0,30
3188,2020-02-21,Tasmania,css_per_prsn,0.0,30
3189,2020-02-21,Tasmania,New cases per week,0.0,30
3190,2020-02-21,Tasmania,log10(Total cases),0.0,30
3191,2020-02-21,Tasmania,log10(New cases per week),0.0,30
3192,2020-02-21,Tasmania,Slope of power-law,0.0,30
3193,2020-02-21,Tasmania,Acceleration of power-law,0.0,30
3194,2020-02-21,Tasmania,Growth Rate,0.0,30
3195,2020-02-21,Tasmania,Days since first case,30.0,30
3196,2020-02-21,Tasmania,Average Growth Rate,0.0,30
3197,2020-02-21,Tasmania,Doubling time,0.0,30
3198,2020-02-21,Victoria,Total cases,4.0,30
3199,2020-02-21,Victoria,Total cases per million,0.6290297216543481,30
3200,2020-02-21,Victoria,New cases,0.0,30
3201,2020-02-21,Victoria,css_per_prsn,0.0,30
3202,2020-02-21,Victoria,New cases per week,0.0,30
3203,2020-02-21,Victoria,log10(Total cases),0.6020599913279624,30
3204,2020-02-21,Victoria,log10(New cases per week),0.0,30
3205,2020-02-21,Victoria,Slope of power-law,0.0,30
3206,2020-02-21,Victoria,Acceleration of power-law,0.0,30
3207,2020-02-21,Victoria,Growth Rate,0.0,30
3208,2020-02-21,Victoria,Days since first case,30.0,30
3209,2020-02-21,Victoria,Average Growth Rate,162586322087639.56,30
3210,2020-02-21,Victoria,Doubling time,4877589662629187.0,30
3211,2020-02-21,Western Australia,Total cases,0.0,30
3212,2020-02-21,Western Australia,Total cases per million,0.0,30
3213,2020-02-21,Western Australia,New cases,0.0,30
3214,2020-02-21,Western Australia,css_per_prsn,0.0,30
3215,2020-02-21,Western Australia,New cases per week,0.0,30
3216,2020-02-21,Western Australia,log10(Total cases),0.0,30
3217,2020-02-21,Western Australia,log10(New cases per week),0.0,30
3218,2020-02-21,Western Australia,Slope of power-law,0.0,30
3219,2020-02-21,Western Australia,Acceleration of power-law,0.0,30
3220,2020-02-21,Western Australia,Growth Rate,0.0,30
3221,2020-02-21,Western Australia,Days since first case,30.0,30
3222,2020-02-21,Western Australia,Average Growth Rate,0.0,30
3223,2020-02-21,Western Australia,Doubling time,0.0,30
3224,2020-02-22,Australian Capital Territory,Total cases,0.0,31
3225,2020-02-22,Australian Capital Territory,Total cases per million,0.0,31
3226,2020-02-22,Australian Capital Territory,New cases,0.0,31
3227,2020-02-22,Australian Capital Territory,css_per_prsn,0.0,31
3228,2020-02-22,Australian Capital Territory,New cases per week,0.0,31
3229,2020-02-22,Australian Capital Territory,log10(Total cases),0.0,31
3230,2020-02-22,Australian Capital Territory,log10(New cases per week),0.0,31
3231,2020-02-22,Australian Capital Territory,Slope of power-law,0.0,31
3232,2020-02-22,Australian Capital Territory,Acceleration of power-law,0.0,31
3233,2020-02-22,Australian Capital Territory,Growth Rate,0.0,31
3234,2020-02-22,Australian Capital Territory,Days since first case,31.0,31
3235,2020-02-22,Australian Capital Territory,Average Growth Rate,0.0,31
3236,2020-02-22,Australian Capital Territory,Doubling time,0.0,31
3237,2020-02-22,New South Wales,Total cases,4.0,31
3238,2020-02-22,New South Wales,Total cases per million,0.5302226935312832,31
3239,2020-02-22,New South Wales,New cases,0.0,31
3240,2020-02-22,New South Wales,css_per_prsn,0.0,31
3241,2020-02-22,New South Wales,New cases per week,0.0,31
3242,2020-02-22,New South Wales,log10(Total cases),0.6020599913279624,31
3243,2020-02-22,New South Wales,log10(New cases per week),0.0,31
3244,2020-02-22,New South Wales,Slope of power-law,0.0,31
3245,2020-02-22,New South Wales,Acceleration of power-law,0.0,31
3246,2020-02-22,New South Wales,Growth Rate,0.0,31
3247,2020-02-22,New South Wales,Days since first case,31.0,31
3248,2020-02-22,New South Wales,Average Growth Rate,325172644175279.1,31
3249,2020-02-22,New South Wales,Doubling time,1.0080351969433652e+16,31
3250,2020-02-22,Northern Territory,Total cases,0.0,31
3251,2020-02-22,Northern Territory,Total cases per million,0.0,31
3252,2020-02-22,Northern Territory,New cases,0.0,31
3253,2020-02-22,Northern Territory,css_per_prsn,0.0,31
3254,2020-02-22,Northern Territory,New cases per week,0.0,31
3255,2020-02-22,Northern Territory,log10(Total cases),0.0,31
3256,2020-02-22,Northern Territory,log10(New cases per week),0.0,31
3257,2020-02-22,Northern Territory,Slope of power-law,0.0,31
3258,2020-02-22,Northern Territory,Acceleration of power-law,0.0,31
3259,2020-02-22,Northern Territory,Growth Rate,0.0,31
3260,2020-02-22,Northern Territory,Days since first case,31.0,31
3261,2020-02-22,Northern Territory,Average Growth Rate,0.0,31
3262,2020-02-22,Northern Territory,Doubling time,0.0,31
3263,2020-02-22,Queensland,Total cases,5.0,31
3264,2020-02-22,Queensland,Total cases per million,0.9859988168014199,31
3265,2020-02-22,Queensland,New cases,0.0,31
3266,2020-02-22,Queensland,css_per_prsn,0.0,31
3267,2020-02-22,Queensland,New cases per week,0.0,31
3268,2020-02-22,Queensland,log10(Total cases),0.6989700043360189,31
3269,2020-02-22,Queensland,log10(New cases per week),0.0,31
3270,2020-02-22,Queensland,Slope of power-law,-inf,31
3271,2020-02-22,Queensland,Acceleration of power-law,0.0,31
3272,2020-02-22,Queensland,Growth Rate,0.0,31
3273,2020-02-22,Queensland,Days since first case,31.0,31
3274,2020-02-22,Queensland,Average Growth Rate,325172644175279.1,31
3275,2020-02-22,Queensland,Doubling time,1.0080351969433652e+16,31
3276,2020-02-22,South Australia,Total cases,2.0,31
3277,2020-02-22,South Australia,Total cases per million,1.1926058437686344,31
3278,2020-02-22,South Australia,New cases,0.0,31
3279,2020-02-22,South Australia,css_per_prsn,0.0,31
3280,2020-02-22,South Australia,New cases per week,0.0,31
3281,2020-02-22,South Australia,log10(Total cases),0.3010299956639812,31
3282,2020-02-22,South Australia,log10(New cases per week),0.0,31
3283,2020-02-22,South Australia,Slope of power-law,0.0,31
3284,2020-02-22,South Australia,Acceleration of power-law,0.0,31
3285,2020-02-22,South Australia,Growth Rate,0.0,31
3286,2020-02-22,South Australia,Days since first case,31.0,31
3287,2020-02-22,South Australia,Average Growth Rate,inf,31
3288,2020-02-22,South Australia,Doubling time,inf,31
3289,2020-02-22,Tasmania,Total cases,0.0,31
3290,2020-02-22,Tasmania,Total cases per million,0.0,31
3291,2020-02-22,Tasmania,New cases,0.0,31
3292,2020-02-22,Tasmania,css_per_prsn,0.0,31
3293,2020-02-22,Tasmania,New cases per week,0.0,31
3294,2020-02-22,Tasmania,log10(Total cases),0.0,31
3295,2020-02-22,Tasmania,log10(New cases per week),0.0,31
3296,2020-02-22,Tasmania,Slope of power-law,0.0,31
3297,2020-02-22,Tasmania,Acceleration of power-law,0.0,31
3298,2020-02-22,Tasmania,Growth Rate,0.0,31
3299,2020-02-22,Tasmania,Days since first case,31.0,31
3300,2020-02-22,Tasmania,Average Growth Rate,0.0,31
3301,2020-02-22,Tasmania,Doubling time,0.0,31
3302,2020-02-22,Victoria,Total cases,4.0,31
3303,2020-02-22,Victoria,Total cases per million,0.6290297216543481,31
3304,2020-02-22,Victoria,New cases,0.0,31
3305,2020-02-22,Victoria,css_per_prsn,0.0,31
3306,2020-02-22,Victoria,New cases per week,0.0,31
3307,2020-02-22,Victoria,log10(Total cases),0.6020599913279624,31
3308,2020-02-22,Victoria,log10(New cases per week),0.0,31
3309,2020-02-22,Victoria,Slope of power-law,0.0,31
3310,2020-02-22,Victoria,Acceleration of power-law,0.0,31
3311,2020-02-22,Victoria,Growth Rate,0.0,31
3312,2020-02-22,Victoria,Days since first case,31.0,31
3313,2020-02-22,Victoria,Average Growth Rate,162586322087639.56,31
3314,2020-02-22,Victoria,Doubling time,5040175984716826.0,31
3315,2020-02-22,Western Australia,Total cases,0.0,31
3316,2020-02-22,Western Australia,Total cases per million,0.0,31
3317,2020-02-22,Western Australia,New cases,0.0,31
3318,2020-02-22,Western Australia,css_per_prsn,0.0,31
3319,2020-02-22,Western Australia,New cases per week,0.0,31
3320,2020-02-22,Western Australia,log10(Total cases),0.0,31
3321,2020-02-22,Western Australia,log10(New cases per week),0.0,31
3322,2020-02-22,Western Australia,Slope of power-law,0.0,31
3323,2020-02-22,Western Australia,Acceleration of power-law,0.0,31
3324,2020-02-22,Western Australia,Growth Rate,0.0,31
3325,2020-02-22,Western Australia,Days since first case,31.0,31
3326,2020-02-22,Western Australia,Average Growth Rate,0.0,31
3327,2020-02-22,Western Australia,Doubling time,0.0,31
3328,2020-02-23,Australian Capital Territory,Total cases,0.0,32
3329,2020-02-23,Australian Capital Territory,Total cases per million,0.0,32
3330,2020-02-23,Australian Capital Territory,New cases,0.0,32
3331,2020-02-23,Australian Capital Territory,css_per_prsn,0.0,32
3332,2020-02-23,Australian Capital Territory,New cases per week,0.0,32
3333,2020-02-23,Australian Capital Territory,log10(Total cases),0.0,32
3334,2020-02-23,Australian Capital Territory,log10(New cases per week),0.0,32
3335,2020-02-23,Australian Capital Territory,Slope of power-law,0.0,32
3336,2020-02-23,Australian Capital Territory,Acceleration of power-law,0.0,32
3337,2020-02-23,Australian Capital Territory,Growth Rate,0.0,32
3338,2020-02-23,Australian Capital Territory,Days since first case,32.0,32
3339,2020-02-23,Australian Capital Territory,Average Growth Rate,0.0,32
3340,2020-02-23,Australian Capital Territory,Doubling time,0.0,32
3341,2020-02-23,New South Wales,Total cases,4.0,32
3342,2020-02-23,New South Wales,Total cases per million,0.5302226935312832,32
3343,2020-02-23,New South Wales,New cases,0.0,32
3344,2020-02-23,New South Wales,css_per_prsn,0.0,32
3345,2020-02-23,New South Wales,New cases per week,0.0,32
3346,2020-02-23,New South Wales,log10(Total cases),0.6020599913279624,32
3347,2020-02-23,New South Wales,log10(New cases per week),0.0,32
3348,2020-02-23,New South Wales,Slope of power-law,0.0,32
3349,2020-02-23,New South Wales,Acceleration of power-law,0.0,32
3350,2020-02-23,New South Wales,Growth Rate,0.0,32
3351,2020-02-23,New South Wales,Days since first case,32.0,32
3352,2020-02-23,New South Wales,Average Growth Rate,325172644175279.1,32
3353,2020-02-23,New South Wales,Doubling time,1.0405524613608932e+16,32
3354,2020-02-23,Northern Territory,Total cases,0.0,32
3355,2020-02-23,Northern Territory,Total cases per million,0.0,32
3356,2020-02-23,Northern Territory,New cases,0.0,32
3357,2020-02-23,Northern Territory,css_per_prsn,0.0,32
3358,2020-02-23,Northern Territory,New cases per week,0.0,32
3359,2020-02-23,Northern Territory,log10(Total cases),0.0,32
3360,2020-02-23,Northern Territory,log10(New cases per week),0.0,32
3361,2020-02-23,Northern Territory,Slope of power-law,0.0,32
3362,2020-02-23,Northern Territory,Acceleration of power-law,0.0,32
3363,2020-02-23,Northern Territory,Growth Rate,0.0,32
3364,2020-02-23,Northern Territory,Days since first case,32.0,32
3365,2020-02-23,Northern Territory,Average Growth Rate,0.0,32
3366,2020-02-23,Northern Territory,Doubling time,0.0,32
3367,2020-02-23,Queensland,Total cases,5.0,32
3368,2020-02-23,Queensland,Total cases per million,0.9859988168014199,32
3369,2020-02-23,Queensland,New cases,0.0,32
3370,2020-02-23,Queensland,css_per_prsn,0.0,32
3371,2020-02-23,Queensland,New cases per week,0.0,32
3372,2020-02-23,Queensland,log10(Total cases),0.6989700043360189,32
3373,2020-02-23,Queensland,log10(New cases per week),0.0,32
3374,2020-02-23,Queensland,Slope of power-law,0.0,32
3375,2020-02-23,Queensland,Acceleration of power-law,0.0,32
3376,2020-02-23,Queensland,Growth Rate,0.0,32
3377,2020-02-23,Queensland,Days since first case,32.0,32
3378,2020-02-23,Queensland,Average Growth Rate,325172644175279.1,32
3379,2020-02-23,Queensland,Doubling time,1.0405524613608932e+16,32
3380,2020-02-23,South Australia,Total cases,2.0,32
3381,2020-02-23,South Australia,Total cases per million,1.1926058437686344,32
3382,2020-02-23,South Australia,New cases,0.0,32
3383,2020-02-23,South Australia,css_per_prsn,0.0,32
3384,2020-02-23,South Australia,New cases per week,0.0,32
3385,2020-02-23,South Australia,log10(Total cases),0.3010299956639812,32
3386,2020-02-23,South Australia,log10(New cases per week),0.0,32
3387,2020-02-23,South Australia,Slope of power-law,0.0,32
3388,2020-02-23,South Australia,Acceleration of power-law,0.0,32
3389,2020-02-23,South Australia,Growth Rate,0.0,32
3390,2020-02-23,South Australia,Days since first case,32.0,32
3391,2020-02-23,South Australia,Average Growth Rate,inf,32
3392,2020-02-23,South Australia,Doubling time,inf,32
3393,2020-02-23,Tasmania,Total cases,0.0,32
3394,2020-02-23,Tasmania,Total cases per million,0.0,32
3395,2020-02-23,Tasmania,New cases,0.0,32
3396,2020-02-23,Tasmania,css_per_prsn,0.0,32
3397,2020-02-23,Tasmania,New cases per week,0.0,32
3398,2020-02-23,Tasmania,log10(Total cases),0.0,32
3399,2020-02-23,Tasmania,log10(New cases per week),0.0,32
3400,2020-02-23,Tasmania,Slope of power-law,0.0,32
3401,2020-02-23,Tasmania,Acceleration of power-law,0.0,32
3402,2020-02-23,Tasmania,Growth Rate,0.0,32
3403,2020-02-23,Tasmania,Days since first case,32.0,32
3404,2020-02-23,Tasmania,Average Growth Rate,0.0,32
3405,2020-02-23,Tasmania,Doubling time,0.0,32
3406,2020-02-23,Victoria,Total cases,4.0,32
3407,2020-02-23,Victoria,Total cases per million,0.6290297216543481,32
3408,2020-02-23,Victoria,New cases,0.0,32
3409,2020-02-23,Victoria,css_per_prsn,0.0,32
3410,2020-02-23,Victoria,New cases per week,0.0,32
3411,2020-02-23,Victoria,log10(Total cases),0.6020599913279624,32
3412,2020-02-23,Victoria,log10(New cases per week),0.0,32
3413,2020-02-23,Victoria,Slope of power-law,0.0,32
3414,2020-02-23,Victoria,Acceleration of power-law,0.0,32
3415,2020-02-23,Victoria,Growth Rate,0.0,32
3416,2020-02-23,Victoria,Days since first case,32.0,32
3417,2020-02-23,Victoria,Average Growth Rate,162586322087639.56,32
3418,2020-02-23,Victoria,Doubling time,5202762306804466.0,32
3419,2020-02-23,Western Australia,Total cases,0.0,32
3420,2020-02-23,Western Australia,Total cases per million,0.0,32
3421,2020-02-23,Western Australia,New cases,0.0,32
3422,2020-02-23,Western Australia,css_per_prsn,0.0,32
3423,2020-02-23,Western Australia,New cases per week,0.0,32
3424,2020-02-23,Western Australia,log10(Total cases),0.0,32
3425,2020-02-23,Western Australia,log10(New cases per week),0.0,32
3426,2020-02-23,Western Australia,Slope of power-law,0.0,32
3427,2020-02-23,Western Australia,Acceleration of power-law,0.0,32
3428,2020-02-23,Western Australia,Growth Rate,0.0,32
3429,2020-02-23,Western Australia,Days since first case,32.0,32
3430,2020-02-23,Western Australia,Average Growth Rate,0.0,32
3431,2020-02-23,Western Australia,Doubling time,0.0,32
3432,2020-02-24,Australian Capital Territory,Total cases,0.0,33
3433,2020-02-24,Australian Capital Territory,Total cases per million,0.0,33
3434,2020-02-24,Australian Capital Territory,New cases,0.0,33
3435,2020-02-24,Australian Capital Territory,css_per_prsn,0.0,33
3436,2020-02-24,Australian Capital Territory,New cases per week,0.0,33
3437,2020-02-24,Australian Capital Territory,log10(Total cases),0.0,33
3438,2020-02-24,Australian Capital Territory,log10(New cases per week),0.0,33
3439,2020-02-24,Australian Capital Territory,Slope of power-law,0.0,33
3440,2020-02-24,Australian Capital Territory,Acceleration of power-law,0.0,33
3441,2020-02-24,Australian Capital Territory,Growth Rate,0.0,33
3442,2020-02-24,Australian Capital Territory,Days since first case,33.0,33
3443,2020-02-24,Australian Capital Territory,Average Growth Rate,0.0,33
3444,2020-02-24,Australian Capital Territory,Doubling time,0.0,33
3445,2020-02-24,New South Wales,Total cases,4.0,33
3446,2020-02-24,New South Wales,Total cases per million,0.5302226935312832,33
3447,2020-02-24,New South Wales,New cases,0.0,33
3448,2020-02-24,New South Wales,css_per_prsn,0.0,33
3449,2020-02-24,New South Wales,New cases per week,0.0,33
3450,2020-02-24,New South Wales,log10(Total cases),0.6020599913279624,33
3451,2020-02-24,New South Wales,log10(New cases per week),0.0,33
3452,2020-02-24,New South Wales,Slope of power-law,0.0,33
3453,2020-02-24,New South Wales,Acceleration of power-law,0.0,33
3454,2020-02-24,New South Wales,Growth Rate,0.0,33
3455,2020-02-24,New South Wales,Days since first case,33.0,33
3456,2020-02-24,New South Wales,Average Growth Rate,325172644175279.1,33
3457,2020-02-24,New South Wales,Doubling time,1.0730697257784212e+16,33
3458,2020-02-24,Northern Territory,Total cases,0.0,33
3459,2020-02-24,Northern Territory,Total cases per million,0.0,33
3460,2020-02-24,Northern Territory,New cases,0.0,33
3461,2020-02-24,Northern Territory,css_per_prsn,0.0,33
3462,2020-02-24,Northern Territory,New cases per week,0.0,33
3463,2020-02-24,Northern Territory,log10(Total cases),0.0,33
3464,2020-02-24,Northern Territory,log10(New cases per week),0.0,33
3465,2020-02-24,Northern Territory,Slope of power-law,0.0,33
3466,2020-02-24,Northern Territory,Acceleration of power-law,0.0,33
3467,2020-02-24,Northern Territory,Growth Rate,0.0,33
3468,2020-02-24,Northern Territory,Days since first case,33.0,33
3469,2020-02-24,Northern Territory,Average Growth Rate,0.0,33
3470,2020-02-24,Northern Territory,Doubling time,0.0,33
3471,2020-02-24,Queensland,Total cases,5.0,33
3472,2020-02-24,Queensland,Total cases per million,0.9859988168014199,33
3473,2020-02-24,Queensland,New cases,0.0,33
3474,2020-02-24,Queensland,css_per_prsn,0.0,33
3475,2020-02-24,Queensland,New cases per week,0.0,33
3476,2020-02-24,Queensland,log10(Total cases),0.6989700043360189,33
3477,2020-02-24,Queensland,log10(New cases per week),0.0,33
3478,2020-02-24,Queensland,Slope of power-law,0.0,33
3479,2020-02-24,Queensland,Acceleration of power-law,0.0,33
3480,2020-02-24,Queensland,Growth Rate,0.0,33
3481,2020-02-24,Queensland,Days since first case,33.0,33
3482,2020-02-24,Queensland,Average Growth Rate,325172644175279.1,33
3483,2020-02-24,Queensland,Doubling time,1.0730697257784212e+16,33
3484,2020-02-24,South Australia,Total cases,2.0,33
3485,2020-02-24,South Australia,Total cases per million,1.1926058437686344,33
3486,2020-02-24,South Australia,New cases,0.0,33
3487,2020-02-24,South Australia,css_per_prsn,0.0,33
3488,2020-02-24,South Australia,New cases per week,0.0,33
3489,2020-02-24,South Australia,log10(Total cases),0.3010299956639812,33
3490,2020-02-24,South Australia,log10(New cases per week),0.0,33
3491,2020-02-24,South Australia,Slope of power-law,0.0,33
3492,2020-02-24,South Australia,Acceleration of power-law,0.0,33
3493,2020-02-24,South Australia,Growth Rate,0.0,33
3494,2020-02-24,South Australia,Days since first case,33.0,33
3495,2020-02-24,South Australia,Average Growth Rate,inf,33
3496,2020-02-24,South Australia,Doubling time,inf,33
3497,2020-02-24,Tasmania,Total cases,0.0,33
3498,2020-02-24,Tasmania,Total cases per million,0.0,33
3499,2020-02-24,Tasmania,New cases,0.0,33
3500,2020-02-24,Tasmania,css_per_prsn,0.0,33
3501,2020-02-24,Tasmania,New cases per week,0.0,33
3502,2020-02-24,Tasmania,log10(Total cases),0.0,33
3503,2020-02-24,Tasmania,log10(New cases per week),0.0,33
3504,2020-02-24,Tasmania,Slope of power-law,0.0,33
3505,2020-02-24,Tasmania,Acceleration of power-law,0.0,33
3506,2020-02-24,Tasmania,Growth Rate,0.0,33
3507,2020-02-24,Tasmania,Days since first case,33.0,33
3508,2020-02-24,Tasmania,Average Growth Rate,0.0,33
3509,2020-02-24,Tasmania,Doubling time,0.0,33
3510,2020-02-24,Victoria,Total cases,4.0,33
3511,2020-02-24,Victoria,Total cases per million,0.6290297216543481,33
3512,2020-02-24,Victoria,New cases,0.0,33
3513,2020-02-24,Victoria,css_per_prsn,0.0,33
3514,2020-02-24,Victoria,New cases per week,0.0,33
3515,2020-02-24,Victoria,log10(Total cases),0.6020599913279624,33
3516,2020-02-24,Victoria,log10(New cases per week),0.0,33
3517,2020-02-24,Victoria,Slope of power-law,0.0,33
3518,2020-02-24,Victoria,Acceleration of power-law,0.0,33
3519,2020-02-24,Victoria,Growth Rate,0.0,33
3520,2020-02-24,Victoria,Days since first case,33.0,33
3521,2020-02-24,Victoria,Average Growth Rate,162586322087639.56,33
3522,2020-02-24,Victoria,Doubling time,5365348628892106.0,33
3523,2020-02-24,Western Australia,Total cases,0.0,33
3524,2020-02-24,Western Australia,Total cases per million,0.0,33
3525,2020-02-24,Western Australia,New cases,0.0,33
3526,2020-02-24,Western Australia,css_per_prsn,0.0,33
3527,2020-02-24,Western Australia,New cases per week,0.0,33
3528,2020-02-24,Western Australia,log10(Total cases),0.0,33
3529,2020-02-24,Western Australia,log10(New cases per week),0.0,33
3530,2020-02-24,Western Australia,Slope of power-law,0.0,33
3531,2020-02-24,Western Australia,Acceleration of power-law,0.0,33
3532,2020-02-24,Western Australia,Growth Rate,0.0,33
3533,2020-02-24,Western Australia,Days since first case,33.0,33
3534,2020-02-24,Western Australia,Average Growth Rate,0.0,33
3535,2020-02-24,Western Australia,Doubling time,0.0,33
3536,2020-02-25,Australian Capital Territory,Total cases,0.0,34
3537,2020-02-25,Australian Capital Territory,Total cases per million,0.0,34
3538,2020-02-25,Australian Capital Territory,New cases,0.0,34
3539,2020-02-25,Australian Capital Territory,css_per_prsn,0.0,34
3540,2020-02-25,Australian Capital Territory,New cases per week,0.0,34
3541,2020-02-25,Australian Capital Territory,log10(Total cases),0.0,34
3542,2020-02-25,Australian Capital Territory,log10(New cases per week),0.0,34
3543,2020-02-25,Australian Capital Territory,Slope of power-law,0.0,34
3544,2020-02-25,Australian Capital Territory,Acceleration of power-law,0.0,34
3545,2020-02-25,Australian Capital Territory,Growth Rate,0.0,34
3546,2020-02-25,Australian Capital Territory,Days since first case,34.0,34
3547,2020-02-25,Australian Capital Territory,Average Growth Rate,0.0,34
3548,2020-02-25,Australian Capital Territory,Doubling time,0.0,34
3549,2020-02-25,New South Wales,Total cases,4.0,34
3550,2020-02-25,New South Wales,Total cases per million,0.5302226935312832,34
3551,2020-02-25,New South Wales,New cases,0.0,34
3552,2020-02-25,New South Wales,css_per_prsn,0.0,34
3553,2020-02-25,New South Wales,New cases per week,0.0,34
3554,2020-02-25,New South Wales,log10(Total cases),0.6020599913279624,34
3555,2020-02-25,New South Wales,log10(New cases per week),0.0,34
3556,2020-02-25,New South Wales,Slope of power-law,0.0,34
3557,2020-02-25,New South Wales,Acceleration of power-law,0.0,34
3558,2020-02-25,New South Wales,Growth Rate,0.0,34
3559,2020-02-25,New South Wales,Days since first case,34.0,34
3560,2020-02-25,New South Wales,Average Growth Rate,325172644175279.1,34
3561,2020-02-25,New South Wales,Doubling time,1.105586990195949e+16,34
3562,2020-02-25,Northern Territory,Total cases,0.0,34
3563,2020-02-25,Northern Territory,Total cases per million,0.0,34
3564,2020-02-25,Northern Territory,New cases,0.0,34
3565,2020-02-25,Northern Territory,css_per_prsn,0.0,34
3566,2020-02-25,Northern Territory,New cases per week,0.0,34
3567,2020-02-25,Northern Territory,log10(Total cases),0.0,34
3568,2020-02-25,Northern Territory,log10(New cases per week),0.0,34
3569,2020-02-25,Northern Territory,Slope of power-law,0.0,34
3570,2020-02-25,Northern Territory,Acceleration of power-law,0.0,34
3571,2020-02-25,Northern Territory,Growth Rate,0.0,34
3572,2020-02-25,Northern Territory,Days since first case,34.0,34
3573,2020-02-25,Northern Territory,Average Growth Rate,0.0,34
3574,2020-02-25,Northern Territory,Doubling time,0.0,34
3575,2020-02-25,Queensland,Total cases,5.0,34
3576,2020-02-25,Queensland,Total cases per million,0.9859988168014199,34
3577,2020-02-25,Queensland,New cases,0.0,34
3578,2020-02-25,Queensland,css_per_prsn,0.0,34
3579,2020-02-25,Queensland,New cases per week,0.0,34
3580,2020-02-25,Queensland,log10(Total cases),0.6989700043360189,34
3581,2020-02-25,Queensland,log10(New cases per week),0.0,34
3582,2020-02-25,Queensland,Slope of power-law,0.0,34
3583,2020-02-25,Queensland,Acceleration of power-law,0.0,34
3584,2020-02-25,Queensland,Growth Rate,0.0,34
3585,2020-02-25,Queensland,Days since first case,34.0,34
3586,2020-02-25,Queensland,Average Growth Rate,325172644175279.1,34
3587,2020-02-25,Queensland,Doubling time,1.105586990195949e+16,34
3588,2020-02-25,South Australia,Total cases,2.0,34
3589,2020-02-25,South Australia,Total cases per million,1.1926058437686344,34
3590,2020-02-25,South Australia,New cases,0.0,34
3591,2020-02-25,South Australia,css_per_prsn,0.0,34
3592,2020-02-25,South Australia,New cases per week,0.0,34
3593,2020-02-25,South Australia,log10(Total cases),0.3010299956639812,34
3594,2020-02-25,South Australia,log10(New cases per week),0.0,34
3595,2020-02-25,South Australia,Slope of power-law,0.0,34
3596,2020-02-25,South Australia,Acceleration of power-law,0.0,34
3597,2020-02-25,South Australia,Growth Rate,0.0,34
3598,2020-02-25,South Australia,Days since first case,34.0,34
3599,2020-02-25,South Australia,Average Growth Rate,inf,34
3600,2020-02-25,South Australia,Doubling time,inf,34
3601,2020-02-25,Tasmania,Total cases,0.0,34
3602,2020-02-25,Tasmania,Total cases per million,0.0,34
3603,2020-02-25,Tasmania,New cases,0.0,34
3604,2020-02-25,Tasmania,css_per_prsn,0.0,34
3605,2020-02-25,Tasmania,New cases per week,0.0,34
3606,2020-02-25,Tasmania,log10(Total cases),0.0,34
3607,2020-02-25,Tasmania,log10(New cases per week),0.0,34
3608,2020-02-25,Tasmania,Slope of power-law,0.0,34
3609,2020-02-25,Tasmania,Acceleration of power-law,0.0,34
3610,2020-02-25,Tasmania,Growth Rate,0.0,34
3611,2020-02-25,Tasmania,Days since first case,34.0,34
3612,2020-02-25,Tasmania,Average Growth Rate,0.0,34
3613,2020-02-25,Tasmania,Doubling time,0.0,34
3614,2020-02-25,Victoria,Total cases,4.0,34
3615,2020-02-25,Victoria,Total cases per million,0.6290297216543481,34
3616,2020-02-25,Victoria,New cases,0.0,34
3617,2020-02-25,Victoria,css_per_prsn,0.0,34
3618,2020-02-25,Victoria,New cases per week,0.0,34
3619,2020-02-25,Victoria,log10(Total cases),0.6020599913279624,34
3620,2020-02-25,Victoria,log10(New cases per week),0.0,34
3621,2020-02-25,Victoria,Slope of power-law,0.0,34
3622,2020-02-25,Victoria,Acceleration of power-law,0.0,34
3623,2020-02-25,Victoria,Growth Rate,0.0,34
3624,2020-02-25,Victoria,Days since first case,34.0,34
3625,2020-02-25,Victoria,Average Growth Rate,162586322087639.56,34
3626,2020-02-25,Victoria,Doubling time,5527934950979745.0,34
3627,2020-02-25,Western Australia,Total cases,0.0,34
3628,2020-02-25,Western Australia,Total cases per million,0.0,34
3629,2020-02-25,Western Australia,New cases,0.0,34
3630,2020-02-25,Western Australia,css_per_prsn,0.0,34
3631,2020-02-25,Western Australia,New cases per week,0.0,34
3632,2020-02-25,Western Australia,log10(Total cases),0.0,34
3633,2020-02-25,Western Australia,log10(New cases per week),0.0,34
3634,2020-02-25,Western Australia,Slope of power-law,0.0,34
3635,2020-02-25,Western Australia,Acceleration of power-law,0.0,34
3636,2020-02-25,Western Australia,Growth Rate,0.0,34
3637,2020-02-25,Western Australia,Days since first case,34.0,34
3638,2020-02-25,Western Australia,Average Growth Rate,0.0,34
3639,2020-02-25,Western Australia,Doubling time,0.0,34
3640,2020-02-26,Australian Capital Territory,Total cases,0.0,35
3641,2020-02-26,Australian Capital Territory,Total cases per million,0.0,35
3642,2020-02-26,Australian Capital Territory,New cases,0.0,35
3643,2020-02-26,Australian Capital Territory,css_per_prsn,0.0,35
3644,2020-02-26,Australian Capital Territory,New cases per week,0.0,35
3645,2020-02-26,Australian Capital Territory,log10(Total cases),0.0,35
3646,2020-02-26,Australian Capital Territory,log10(New cases per week),0.0,35
3647,2020-02-26,Australian Capital Territory,Slope of power-law,0.0,35
3648,2020-02-26,Australian Capital Territory,Acceleration of power-law,0.0,35
3649,2020-02-26,Australian Capital Territory,Growth Rate,0.0,35
3650,2020-02-26,Australian Capital Territory,Days since first case,35.0,35
3651,2020-02-26,Australian Capital Territory,Average Growth Rate,0.0,35
3652,2020-02-26,Australian Capital Territory,Doubling time,0.0,35
3653,2020-02-26,New South Wales,Total cases,4.0,35
3654,2020-02-26,New South Wales,Total cases per million,0.5302226935312832,35
3655,2020-02-26,New South Wales,New cases,0.0,35
3656,2020-02-26,New South Wales,css_per_prsn,0.0,35
3657,2020-02-26,New South Wales,New cases per week,0.0,35
3658,2020-02-26,New South Wales,log10(Total cases),0.6020599913279624,35
3659,2020-02-26,New South Wales,log10(New cases per week),0.0,35
3660,2020-02-26,New South Wales,Slope of power-law,0.0,35
3661,2020-02-26,New South Wales,Acceleration of power-law,0.0,35
3662,2020-02-26,New South Wales,Growth Rate,0.0,35
3663,2020-02-26,New South Wales,Days since first case,35.0,35
3664,2020-02-26,New South Wales,Average Growth Rate,325172644175279.1,35
3665,2020-02-26,New South Wales,Doubling time,1.138104254613477e+16,35
3666,2020-02-26,Northern Territory,Total cases,0.0,35
3667,2020-02-26,Northern Territory,Total cases per million,0.0,35
3668,2020-02-26,Northern Territory,New cases,0.0,35
3669,2020-02-26,Northern Territory,css_per_prsn,0.0,35
3670,2020-02-26,Northern Territory,New cases per week,0.0,35
3671,2020-02-26,Northern Territory,log10(Total cases),0.0,35
3672,2020-02-26,Northern Territory,log10(New cases per week),0.0,35
3673,2020-02-26,Northern Territory,Slope of power-law,0.0,35
3674,2020-02-26,Northern Territory,Acceleration of power-law,0.0,35
3675,2020-02-26,Northern Territory,Growth Rate,0.0,35
3676,2020-02-26,Northern Territory,Days since first case,35.0,35
3677,2020-02-26,Northern Territory,Average Growth Rate,0.0,35
3678,2020-02-26,Northern Territory,Doubling time,0.0,35
3679,2020-02-26,Queensland,Total cases,5.0,35
3680,2020-02-26,Queensland,Total cases per million,0.9859988168014199,35
3681,2020-02-26,Queensland,New cases,0.0,35
3682,2020-02-26,Queensland,css_per_prsn,0.0,35
3683,2020-02-26,Queensland,New cases per week,0.0,35
3684,2020-02-26,Queensland,log10(Total cases),0.6989700043360189,35
3685,2020-02-26,Queensland,log10(New cases per week),0.0,35
3686,2020-02-26,Queensland,Slope of power-law,0.0,35
3687,2020-02-26,Queensland,Acceleration of power-law,0.0,35
3688,2020-02-26,Queensland,Growth Rate,0.0,35
3689,2020-02-26,Queensland,Days since first case,35.0,35
3690,2020-02-26,Queensland,Average Growth Rate,325172644175279.1,35
3691,2020-02-26,Queensland,Doubling time,1.138104254613477e+16,35
3692,2020-02-26,South Australia,Total cases,2.0,35
3693,2020-02-26,South Australia,Total cases per million,1.1926058437686344,35
3694,2020-02-26,South Australia,New cases,0.0,35
3695,2020-02-26,South Australia,css_per_prsn,0.0,35
3696,2020-02-26,South Australia,New cases per week,0.0,35
3697,2020-02-26,South Australia,log10(Total cases),0.3010299956639812,35
3698,2020-02-26,South Australia,log10(New cases per week),0.0,35
3699,2020-02-26,South Australia,Slope of power-law,0.0,35
3700,2020-02-26,South Australia,Acceleration of power-law,0.0,35
3701,2020-02-26,South Australia,Growth Rate,0.0,35
3702,2020-02-26,South Australia,Days since first case,35.0,35
3703,2020-02-26,South Australia,Average Growth Rate,inf,35
3704,2020-02-26,South Australia,Doubling time,inf,35
3705,2020-02-26,Tasmania,Total cases,0.0,35
3706,2020-02-26,Tasmania,Total cases per million,0.0,35
3707,2020-02-26,Tasmania,New cases,0.0,35
3708,2020-02-26,Tasmania,css_per_prsn,0.0,35
3709,2020-02-26,Tasmania,New cases per week,0.0,35
3710,2020-02-26,Tasmania,log10(Total cases),0.0,35
3711,2020-02-26,Tasmania,log10(New cases per week),0.0,35
3712,2020-02-26,Tasmania,Slope of power-law,0.0,35
3713,2020-02-26,Tasmania,Acceleration of power-law,0.0,35
3714,2020-02-26,Tasmania,Growth Rate,0.0,35
3715,2020-02-26,Tasmania,Days since first case,35.0,35
3716,2020-02-26,Tasmania,Average Growth Rate,0.0,35
3717,2020-02-26,Tasmania,Doubling time,0.0,35
3718,2020-02-26,Victoria,Total cases,4.0,35
3719,2020-02-26,Victoria,Total cases per million,0.6290297216543481,35
3720,2020-02-26,Victoria,New cases,0.0,35
3721,2020-02-26,Victoria,css_per_prsn,0.0,35
3722,2020-02-26,Victoria,New cases per week,0.0,35
3723,2020-02-26,Victoria,log10(Total cases),0.6020599913279624,35
3724,2020-02-26,Victoria,log10(New cases per week),0.0,35
3725,2020-02-26,Victoria,Slope of power-law,0.0,35
3726,2020-02-26,Victoria,Acceleration of power-law,0.0,35
3727,2020-02-26,Victoria,Growth Rate,0.0,35
3728,2020-02-26,Victoria,Days since first case,35.0,35
3729,2020-02-26,Victoria,Average Growth Rate,162586322087639.56,35
3730,2020-02-26,Victoria,Doubling time,5690521273067385.0,35
3731,2020-02-26,Western Australia,Total cases,0.0,35
3732,2020-02-26,Western Australia,Total cases per million,0.0,35
3733,2020-02-26,Western Australia,New cases,0.0,35
3734,2020-02-26,Western Australia,css_per_prsn,0.0,35
3735,2020-02-26,Western Australia,New cases per week,0.0,35
3736,2020-02-26,Western Australia,log10(Total cases),0.0,35
3737,2020-02-26,Western Australia,log10(New cases per week),0.0,35
3738,2020-02-26,Western Australia,Slope of power-law,0.0,35
3739,2020-02-26,Western Australia,Acceleration of power-law,0.0,35
3740,2020-02-26,Western Australia,Growth Rate,0.0,35
3741,2020-02-26,Western Australia,Days since first case,35.0,35
3742,2020-02-26,Western Australia,Average Growth Rate,0.0,35
3743,2020-02-26,Western Australia,Doubling time,0.0,35
3744,2020-02-27,Australian Capital Territory,Total cases,0.0,36
3745,2020-02-27,Australian Capital Territory,Total cases per million,0.0,36
3746,2020-02-27,Australian Capital Territory,New cases,0.0,36
3747,2020-02-27,Australian Capital Territory,css_per_prsn,0.0,36
3748,2020-02-27,Australian Capital Territory,New cases per week,0.0,36
3749,2020-02-27,Australian Capital Territory,log10(Total cases),0.0,36
3750,2020-02-27,Australian Capital Territory,log10(New cases per week),0.0,36
3751,2020-02-27,Australian Capital Territory,Slope of power-law,0.0,36
3752,2020-02-27,Australian Capital Territory,Acceleration of power-law,0.0,36
3753,2020-02-27,Australian Capital Territory,Growth Rate,0.0,36
3754,2020-02-27,Australian Capital Territory,Days since first case,36.0,36
3755,2020-02-27,Australian Capital Territory,Average Growth Rate,0.0,36
3756,2020-02-27,Australian Capital Territory,Doubling time,0.0,36
3757,2020-02-27,New South Wales,Total cases,4.0,36
3758,2020-02-27,New South Wales,Total cases per million,0.5302226935312832,36
3759,2020-02-27,New South Wales,New cases,0.0,36
3760,2020-02-27,New South Wales,css_per_prsn,0.0,36
3761,2020-02-27,New South Wales,New cases per week,0.0,36
3762,2020-02-27,New South Wales,log10(Total cases),0.6020599913279624,36
3763,2020-02-27,New South Wales,log10(New cases per week),0.0,36
3764,2020-02-27,New South Wales,Slope of power-law,0.0,36
3765,2020-02-27,New South Wales,Acceleration of power-law,0.0,36
3766,2020-02-27,New South Wales,Growth Rate,0.0,36
3767,2020-02-27,New South Wales,Days since first case,36.0,36
3768,2020-02-27,New South Wales,Average Growth Rate,325172644175279.1,36
3769,2020-02-27,New South Wales,Doubling time,1.1706215190310048e+16,36
3770,2020-02-27,Northern Territory,Total cases,0.0,36
3771,2020-02-27,Northern Territory,Total cases per million,0.0,36
3772,2020-02-27,Northern Territory,New cases,0.0,36
3773,2020-02-27,Northern Territory,css_per_prsn,0.0,36
3774,2020-02-27,Northern Territory,New cases per week,0.0,36
3775,2020-02-27,Northern Territory,log10(Total cases),0.0,36
3776,2020-02-27,Northern Territory,log10(New cases per week),0.0,36
3777,2020-02-27,Northern Territory,Slope of power-law,0.0,36
3778,2020-02-27,Northern Territory,Acceleration of power-law,0.0,36
3779,2020-02-27,Northern Territory,Growth Rate,0.0,36
3780,2020-02-27,Northern Territory,Days since first case,36.0,36
3781,2020-02-27,Northern Territory,Average Growth Rate,0.0,36
3782,2020-02-27,Northern Territory,Doubling time,0.0,36
3783,2020-02-27,Queensland,Total cases,5.0,36
3784,2020-02-27,Queensland,Total cases per million,0.9859988168014199,36
3785,2020-02-27,Queensland,New cases,0.0,36
3786,2020-02-27,Queensland,css_per_prsn,0.0,36
3787,2020-02-27,Queensland,New cases per week,0.0,36
3788,2020-02-27,Queensland,log10(Total cases),0.6989700043360189,36
3789,2020-02-27,Queensland,log10(New cases per week),0.0,36
3790,2020-02-27,Queensland,Slope of power-law,0.0,36
3791,2020-02-27,Queensland,Acceleration of power-law,0.0,36
3792,2020-02-27,Queensland,Growth Rate,0.0,36
3793,2020-02-27,Queensland,Days since first case,36.0,36
3794,2020-02-27,Queensland,Average Growth Rate,325172644175279.1,36
3795,2020-02-27,Queensland,Doubling time,1.1706215190310048e+16,36
3796,2020-02-27,South Australia,Total cases,2.0,36
3797,2020-02-27,South Australia,Total cases per million,1.1926058437686344,36
3798,2020-02-27,South Australia,New cases,0.0,36
3799,2020-02-27,South Australia,css_per_prsn,0.0,36
3800,2020-02-27,South Australia,New cases per week,0.0,36
3801,2020-02-27,South Australia,log10(Total cases),0.3010299956639812,36
3802,2020-02-27,South Australia,log10(New cases per week),0.0,36
3803,2020-02-27,South Australia,Slope of power-law,0.0,36
3804,2020-02-27,South Australia,Acceleration of power-law,0.0,36
3805,2020-02-27,South Australia,Growth Rate,0.0,36
3806,2020-02-27,South Australia,Days since first case,36.0,36
3807,2020-02-27,South Australia,Average Growth Rate,inf,36
3808,2020-02-27,South Australia,Doubling time,inf,36
3809,2020-02-27,Tasmania,Total cases,0.0,36
3810,2020-02-27,Tasmania,Total cases per million,0.0,36
3811,2020-02-27,Tasmania,New cases,0.0,36
3812,2020-02-27,Tasmania,css_per_prsn,0.0,36
3813,2020-02-27,Tasmania,New cases per week,0.0,36
3814,2020-02-27,Tasmania,log10(Total cases),0.0,36
3815,2020-02-27,Tasmania,log10(New cases per week),0.0,36
3816,2020-02-27,Tasmania,Slope of power-law,0.0,36
3817,2020-02-27,Tasmania,Acceleration of power-law,0.0,36
3818,2020-02-27,Tasmania,Growth Rate,0.0,36
3819,2020-02-27,Tasmania,Days since first case,36.0,36
3820,2020-02-27,Tasmania,Average Growth Rate,0.0,36
3821,2020-02-27,Tasmania,Doubling time,0.0,36
3822,2020-02-27,Victoria,Total cases,4.0,36
3823,2020-02-27,Victoria,Total cases per million,0.6290297216543481,36
3824,2020-02-27,Victoria,New cases,0.0,36
3825,2020-02-27,Victoria,css_per_prsn,0.0,36
3826,2020-02-27,Victoria,New cases per week,0.0,36
3827,2020-02-27,Victoria,log10(Total cases),0.6020599913279624,36
3828,2020-02-27,Victoria,log10(New cases per week),0.0,36
3829,2020-02-27,Victoria,Slope of power-law,0.0,36
3830,2020-02-27,Victoria,Acceleration of power-law,0.0,36
3831,2020-02-27,Victoria,Growth Rate,0.0,36
3832,2020-02-27,Victoria,Days since first case,36.0,36
3833,2020-02-27,Victoria,Average Growth Rate,162586322087639.56,36
3834,2020-02-27,Victoria,Doubling time,5853107595155024.0,36
3835,2020-02-27,Western Australia,Total cases,0.0,36
3836,2020-02-27,Western Australia,Total cases per million,0.0,36
3837,2020-02-27,Western Australia,New cases,0.0,36
3838,2020-02-27,Western Australia,css_per_prsn,0.0,36
3839,2020-02-27,Western Australia,New cases per week,0.0,36
3840,2020-02-27,Western Australia,log10(Total cases),0.0,36
3841,2020-02-27,Western Australia,log10(New cases per week),0.0,36
3842,2020-02-27,Western Australia,Slope of power-law,0.0,36
3843,2020-02-27,Western Australia,Acceleration of power-law,0.0,36
3844,2020-02-27,Western Australia,Growth Rate,0.0,36
3845,2020-02-27,Western Australia,Days since first case,36.0,36
3846,2020-02-27,Western Australia,Average Growth Rate,0.0,36
3847,2020-02-27,Western Australia,Doubling time,0.0,36
3848,2020-02-28,Australian Capital Territory,Total cases,0.0,37
3849,2020-02-28,Australian Capital Territory,Total cases per million,0.0,37
3850,2020-02-28,Australian Capital Territory,New cases,0.0,37
3851,2020-02-28,Australian Capital Territory,css_per_prsn,0.0,37
3852,2020-02-28,Australian Capital Territory,New cases per week,0.0,37
3853,2020-02-28,Australian Capital Territory,log10(Total cases),0.0,37
3854,2020-02-28,Australian Capital Territory,log10(New cases per week),0.0,37
3855,2020-02-28,Australian Capital Territory,Slope of power-law,0.0,37
3856,2020-02-28,Australian Capital Territory,Acceleration of power-law,0.0,37
3857,2020-02-28,Australian Capital Territory,Growth Rate,0.0,37
3858,2020-02-28,Australian Capital Territory,Days since first case,37.0,37
3859,2020-02-28,Australian Capital Territory,Average Growth Rate,0.0,37
3860,2020-02-28,Australian Capital Territory,Doubling time,0.0,37
3861,2020-02-28,New South Wales,Total cases,4.0,37
3862,2020-02-28,New South Wales,Total cases per million,0.5302226935312832,37
3863,2020-02-28,New South Wales,New cases,0.0,37
3864,2020-02-28,New South Wales,css_per_prsn,0.0,37
3865,2020-02-28,New South Wales,New cases per week,0.0,37
3866,2020-02-28,New South Wales,log10(Total cases),0.6020599913279624,37
3867,2020-02-28,New South Wales,log10(New cases per week),0.0,37
3868,2020-02-28,New South Wales,Slope of power-law,0.0,37
3869,2020-02-28,New South Wales,Acceleration of power-law,0.0,37
3870,2020-02-28,New South Wales,Growth Rate,0.0,37
3871,2020-02-28,New South Wales,Days since first case,37.0,37
3872,2020-02-28,New South Wales,Average Growth Rate,325172644175279.1,37
3873,2020-02-28,New South Wales,Doubling time,1.2031387834485328e+16,37
3874,2020-02-28,Northern Territory,Total cases,0.0,37
3875,2020-02-28,Northern Territory,Total cases per million,0.0,37
3876,2020-02-28,Northern Territory,New cases,0.0,37
3877,2020-02-28,Northern Territory,css_per_prsn,0.0,37
3878,2020-02-28,Northern Territory,New cases per week,0.0,37
3879,2020-02-28,Northern Territory,log10(Total cases),0.0,37
3880,2020-02-28,Northern Territory,log10(New cases per week),0.0,37
3881,2020-02-28,Northern Territory,Slope of power-law,0.0,37
3882,2020-02-28,Northern Territory,Acceleration of power-law,0.0,37
3883,2020-02-28,Northern Territory,Growth Rate,0.0,37
3884,2020-02-28,Northern Territory,Days since first case,37.0,37
3885,2020-02-28,Northern Territory,Average Growth Rate,0.0,37
3886,2020-02-28,Northern Territory,Doubling time,0.0,37
3887,2020-02-28,Queensland,Total cases,5.0,37
3888,2020-02-28,Queensland,Total cases per million,0.9859988168014199,37
3889,2020-02-28,Queensland,New cases,0.0,37
3890,2020-02-28,Queensland,css_per_prsn,0.0,37
3891,2020-02-28,Queensland,New cases per week,0.0,37
3892,2020-02-28,Queensland,log10(Total cases),0.6989700043360189,37
3893,2020-02-28,Queensland,log10(New cases per week),0.0,37
3894,2020-02-28,Queensland,Slope of power-law,0.0,37
3895,2020-02-28,Queensland,Acceleration of power-law,0.0,37
3896,2020-02-28,Queensland,Growth Rate,0.0,37
3897,2020-02-28,Queensland,Days since first case,37.0,37
3898,2020-02-28,Queensland,Average Growth Rate,325172644175279.1,37
3899,2020-02-28,Queensland,Doubling time,1.2031387834485328e+16,37
3900,2020-02-28,South Australia,Total cases,2.0,37
3901,2020-02-28,South Australia,Total cases per million,1.1926058437686344,37
3902,2020-02-28,South Australia,New cases,0.0,37
3903,2020-02-28,South Australia,css_per_prsn,0.0,37
3904,2020-02-28,South Australia,New cases per week,0.0,37
3905,2020-02-28,South Australia,log10(Total cases),0.3010299956639812,37
3906,2020-02-28,South Australia,log10(New cases per week),0.0,37
3907,2020-02-28,South Australia,Slope of power-law,0.0,37
3908,2020-02-28,South Australia,Acceleration of power-law,0.0,37
3909,2020-02-28,South Australia,Growth Rate,0.0,37
3910,2020-02-28,South Australia,Days since first case,37.0,37
3911,2020-02-28,South Australia,Average Growth Rate,inf,37
3912,2020-02-28,South Australia,Doubling time,inf,37
3913,2020-02-28,Tasmania,Total cases,0.0,37
3914,2020-02-28,Tasmania,Total cases per million,0.0,37
3915,2020-02-28,Tasmania,New cases,0.0,37
3916,2020-02-28,Tasmania,css_per_prsn,0.0,37
3917,2020-02-28,Tasmania,New cases per week,0.0,37
3918,2020-02-28,Tasmania,log10(Total cases),0.0,37
3919,2020-02-28,Tasmania,log10(New cases per week),0.0,37
3920,2020-02-28,Tasmania,Slope of power-law,0.0,37
3921,2020-02-28,Tasmania,Acceleration of power-law,0.0,37
3922,2020-02-28,Tasmania,Growth Rate,0.0,37
3923,2020-02-28,Tasmania,Days since first case,37.0,37
3924,2020-02-28,Tasmania,Average Growth Rate,0.0,37
3925,2020-02-28,Tasmania,Doubling time,0.0,37
3926,2020-02-28,Victoria,Total cases,4.0,37
3927,2020-02-28,Victoria,Total cases per million,0.6290297216543481,37
3928,2020-02-28,Victoria,New cases,0.0,37
3929,2020-02-28,Victoria,css_per_prsn,0.0,37
3930,2020-02-28,Victoria,New cases per week,0.0,37
3931,2020-02-28,Victoria,log10(Total cases),0.6020599913279624,37
3932,2020-02-28,Victoria,log10(New cases per week),0.0,37
3933,2020-02-28,Victoria,Slope of power-law,0.0,37
3934,2020-02-28,Victoria,Acceleration of power-law,0.0,37
3935,2020-02-28,Victoria,Growth Rate,0.0,37
3936,2020-02-28,Victoria,Days since first case,37.0,37
3937,2020-02-28,Victoria,Average Growth Rate,162586322087639.56,37
3938,2020-02-28,Victoria,Doubling time,6015693917242664.0,37
3939,2020-02-28,Western Australia,Total cases,0.0,37
3940,2020-02-28,Western Australia,Total cases per million,0.0,37
3941,2020-02-28,Western Australia,New cases,0.0,37
3942,2020-02-28,Western Australia,css_per_prsn,0.0,37
3943,2020-02-28,Western Australia,New cases per week,0.0,37
3944,2020-02-28,Western Australia,log10(Total cases),0.0,37
3945,2020-02-28,Western Australia,log10(New cases per week),0.0,37
3946,2020-02-28,Western Australia,Slope of power-law,0.0,37
3947,2020-02-28,Western Australia,Acceleration of power-law,0.0,37
3948,2020-02-28,Western Australia,Growth Rate,0.0,37
3949,2020-02-28,Western Australia,Days since first case,37.0,37
3950,2020-02-28,Western Australia,Average Growth Rate,0.0,37
3951,2020-02-28,Western Australia,Doubling time,0.0,37
3952,2020-02-29,Australian Capital Territory,Total cases,0.0,38
3953,2020-02-29,Australian Capital Territory,Total cases per million,0.0,38
3954,2020-02-29,Australian Capital Territory,New cases,0.0,38
3955,2020-02-29,Australian Capital Territory,css_per_prsn,0.0,38
3956,2020-02-29,Australian Capital Territory,New cases per week,0.0,38
3957,2020-02-29,Australian Capital Territory,log10(Total cases),0.0,38
3958,2020-02-29,Australian Capital Territory,log10(New cases per week),0.0,38
3959,2020-02-29,Australian Capital Territory,Slope of power-law,0.0,38
3960,2020-02-29,Australian Capital Territory,Acceleration of power-law,0.0,38
3961,2020-02-29,Australian Capital Territory,Growth Rate,0.0,38
3962,2020-02-29,Australian Capital Territory,Days since first case,38.0,38
3963,2020-02-29,Australian Capital Territory,Average Growth Rate,0.0,38
3964,2020-02-29,Australian Capital Territory,Doubling time,0.0,38
3965,2020-02-29,New South Wales,Total cases,4.0,38
3966,2020-02-29,New South Wales,Total cases per million,0.5302226935312832,38
3967,2020-02-29,New South Wales,New cases,0.0,38
3968,2020-02-29,New South Wales,css_per_prsn,0.0,38
3969,2020-02-29,New South Wales,New cases per week,0.0,38
3970,2020-02-29,New South Wales,log10(Total cases),0.6020599913279624,38
3971,2020-02-29,New South Wales,log10(New cases per week),0.0,38
3972,2020-02-29,New South Wales,Slope of power-law,0.0,38
3973,2020-02-29,New South Wales,Acceleration of power-law,0.0,38
3974,2020-02-29,New South Wales,Growth Rate,0.0,38
3975,2020-02-29,New South Wales,Days since first case,38.0,38
3976,2020-02-29,New South Wales,Average Growth Rate,325172644175279.1,38
3977,2020-02-29,New South Wales,Doubling time,1.2356560478660606e+16,38
3978,2020-02-29,Northern Territory,Total cases,0.0,38
3979,2020-02-29,Northern Territory,Total cases per million,0.0,38
3980,2020-02-29,Northern Territory,New cases,0.0,38
3981,2020-02-29,Northern Territory,css_per_prsn,0.0,38
3982,2020-02-29,Northern Territory,New cases per week,0.0,38
3983,2020-02-29,Northern Territory,log10(Total cases),0.0,38
3984,2020-02-29,Northern Territory,log10(New cases per week),0.0,38
3985,2020-02-29,Northern Territory,Slope of power-law,0.0,38
3986,2020-02-29,Northern Territory,Acceleration of power-law,0.0,38
3987,2020-02-29,Northern Territory,Growth Rate,0.0,38
3988,2020-02-29,Northern Territory,Days since first case,38.0,38
3989,2020-02-29,Northern Territory,Average Growth Rate,0.0,38
3990,2020-02-29,Northern Territory,Doubling time,0.0,38
3991,2020-02-29,Queensland,Total cases,9.0,38
3992,2020-02-29,Queensland,Total cases per million,1.7747978702425558,38
3993,2020-02-29,Queensland,New cases,4.0,38
3994,2020-02-29,Queensland,css_per_prsn,0.7887990534411359,38
3995,2020-02-29,Queensland,New cases per week,4.0,38
3996,2020-02-29,Queensland,log10(Total cases),0.9542425094393249,38
3997,2020-02-29,Queensland,log10(New cases per week),0.6020599913279624,38
3998,2020-02-29,Queensland,Slope of power-law,2.3584991696787525,38
3999,2020-02-29,Queensland,Acceleration of power-law,0.0,38
4000,2020-02-29,Queensland,Growth Rate,13.793103448275861,38
4001,2020-02-29,Queensland,Days since first case,38.0,38
4002,2020-02-29,Queensland,Average Growth Rate,0.25126585295298,38
4003,2020-02-29,Queensland,Doubling time,9.54810241221324,38
4004,2020-02-29,South Australia,Total cases,3.0,38
4005,2020-02-29,South Australia,Total cases per million,1.7889087656529516,38
4006,2020-02-29,South Australia,New cases,1.0,38
4007,2020-02-29,South Australia,css_per_prsn,0.5963029218843172,38
4008,2020-02-29,South Australia,New cases per week,1.0,38
4009,2020-02-29,South Australia,log10(Total cases),0.47712125471966244,38
4010,2020-02-29,South Australia,log10(New cases per week),0.0,38
4011,2020-02-29,South Australia,Slope of power-law,0.0,38
4012,2020-02-29,South Australia,Acceleration of power-law,0.0,38
4013,2020-02-29,South Australia,Growth Rate,9.090909090909092,38
4014,2020-02-29,South Australia,Days since first case,38.0,38
4015,2020-02-29,South Australia,Average Growth Rate,0.38123094930797,38
4016,2020-02-29,South Australia,Doubling time,14.486776073702861,38
4017,2020-02-29,Tasmania,Total cases,0.0,38
4018,2020-02-29,Tasmania,Total cases per million,0.0,38
4019,2020-02-29,Tasmania,New cases,0.0,38
4020,2020-02-29,Tasmania,css_per_prsn,0.0,38
4021,2020-02-29,Tasmania,New cases per week,0.0,38
4022,2020-02-29,Tasmania,log10(Total cases),0.0,38
4023,2020-02-29,Tasmania,log10(New cases per week),0.0,38
4024,2020-02-29,Tasmania,Slope of power-law,0.0,38
4025,2020-02-29,Tasmania,Acceleration of power-law,0.0,38
4026,2020-02-29,Tasmania,Growth Rate,0.0,38
4027,2020-02-29,Tasmania,Days since first case,38.0,38
4028,2020-02-29,Tasmania,Average Growth Rate,0.0,38
4029,2020-02-29,Tasmania,Doubling time,0.0,38
4030,2020-02-29,Victoria,Total cases,7.0,38
4031,2020-02-29,Victoria,Total cases per million,1.1008020128951093,38
4032,2020-02-29,Victoria,New cases,3.0,38
4033,2020-02-29,Victoria,css_per_prsn,0.47177229124076114,38
4034,2020-02-29,Victoria,New cases per week,3.0,38
4035,2020-02-29,Victoria,log10(Total cases),0.8450980400142568,38
4036,2020-02-29,Victoria,log10(New cases per week),0.47712125471966244,38
4037,2020-02-29,Victoria,Slope of power-law,1.9631545648867308,38
4038,2020-02-29,Victoria,Acceleration of power-law,0.0,38
4039,2020-02-29,Victoria,Growth Rate,13.043478260869565,38
4040,2020-02-29,Victoria,Days since first case,38.0,38
4041,2020-02-29,Victoria,Average Growth Rate,0.2657064192146453,38
4042,2020-02-29,Victoria,Doubling time,10.09684393015652,38
4043,2020-02-29,Western Australia,Total cases,2.0,38
4044,2020-02-29,Western Australia,Total cases per million,0.772499034376207,38
4045,2020-02-29,Western Australia,New cases,2.0,38
4046,2020-02-29,Western Australia,css_per_prsn,0.772499034376207,38
4047,2020-02-29,Western Australia,New cases per week,2.0,38
4048,2020-02-29,Western Australia,log10(Total cases),0.3010299956639812,38
4049,2020-02-29,Western Australia,log10(New cases per week),0.3010299956639812,38
4050,2020-02-29,Western Australia,Slope of power-law,1.0,38
4051,2020-02-29,Western Australia,Acceleration of power-law,0.0,38
4052,2020-02-29,Western Australia,Growth Rate,100.0,38
4053,2020-02-29,Western Australia,Days since first case,38.0,38
4054,2020-02-29,Western Australia,Average Growth Rate,0.0,38
4055,2020-02-29,Western Australia,Doubling time,0.0,38
4056,2020-03-01,Australian Capital Territory,Total cases,0.0,39
4057,2020-03-01,Australian Capital Territory,Total cases per million,0.0,39
4058,2020-03-01,Australian Capital Territory,New cases,0.0,39
4059,2020-03-01,Australian Capital Territory,css_per_prsn,0.0,39
4060,2020-03-01,Australian Capital Territory,New cases per week,0.0,39
4061,2020-03-01,Australian Capital Territory,log10(Total cases),0.0,39
4062,2020-03-01,Australian Capital Territory,log10(New cases per week),0.0,39
4063,2020-03-01,Australian Capital Territory,Slope of power-law,0.0,39
4064,2020-03-01,Australian Capital Territory,Acceleration of power-law,0.0,39
4065,2020-03-01,Australian Capital Territory,Growth Rate,0.0,39
4066,2020-03-01,Australian Capital Territory,Days since first case,39.0,39
4067,2020-03-01,Australian Capital Territory,Average Growth Rate,0.0,39
4068,2020-03-01,Australian Capital Territory,Doubling time,0.0,39
4069,2020-03-01,New South Wales,Total cases,6.0,39
4070,2020-03-01,New South Wales,Total cases per million,0.7953340402969248,39
4071,2020-03-01,New South Wales,New cases,2.0,39
4072,2020-03-01,New South Wales,css_per_prsn,0.2651113467656416,39
4073,2020-03-01,New South Wales,New cases per week,2.0,39
4074,2020-03-01,New South Wales,log10(Total cases),0.7781512503836436,39
4075,2020-03-01,New South Wales,log10(New cases per week),0.3010299956639812,39
4076,2020-03-01,New South Wales,Slope of power-law,1.7095112913514547,39
4077,2020-03-01,New South Wales,Acceleration of power-law,0.0,39
4078,2020-03-01,New South Wales,Growth Rate,9.090909090909092,39
4079,2020-03-01,New South Wales,Days since first case,39.0,39
4080,2020-03-01,New South Wales,Average Growth Rate,0.3812309493079694,39
4081,2020-03-01,New South Wales,Doubling time,14.868007023010808,39
4082,2020-03-01,Northern Territory,Total cases,0.0,39
4083,2020-03-01,Northern Territory,Total cases per million,0.0,39
4084,2020-03-01,Northern Territory,New cases,0.0,39
4085,2020-03-01,Northern Territory,css_per_prsn,0.0,39
4086,2020-03-01,Northern Territory,New cases per week,0.0,39
4087,2020-03-01,Northern Territory,log10(Total cases),0.0,39
4088,2020-03-01,Northern Territory,log10(New cases per week),0.0,39
4089,2020-03-01,Northern Territory,Slope of power-law,0.0,39
4090,2020-03-01,Northern Territory,Acceleration of power-law,0.0,39
4091,2020-03-01,Northern Territory,Growth Rate,0.0,39
4092,2020-03-01,Northern Territory,Days since first case,39.0,39
4093,2020-03-01,Northern Territory,Average Growth Rate,0.0,39
4094,2020-03-01,Northern Territory,Doubling time,0.0,39
4095,2020-03-01,Queensland,Total cases,9.0,39
4096,2020-03-01,Queensland,Total cases per million,1.7747978702425558,39
4097,2020-03-01,Queensland,New cases,0.0,39
4098,2020-03-01,Queensland,css_per_prsn,0.0,39
4099,2020-03-01,Queensland,New cases per week,4.0,39
4100,2020-03-01,Queensland,log10(Total cases),0.9542425094393249,39
4101,2020-03-01,Queensland,log10(New cases per week),0.6020599913279624,39
4102,2020-03-01,Queensland,Slope of power-law,2.3584991696787525,39
4103,2020-03-01,Queensland,Acceleration of power-law,0.0,39
4104,2020-03-01,Queensland,Growth Rate,12.121212121212123,39
4105,2020-03-01,Queensland,Days since first case,39.0,39
4106,2020-03-01,Queensland,Average Growth Rate,0.13373827657174744,39
4107,2020-03-01,Queensland,Doubling time,5.215792786298151,39
4108,2020-03-01,South Australia,Total cases,3.0,39
4109,2020-03-01,South Australia,Total cases per million,1.7889087656529516,39
4110,2020-03-01,South Australia,New cases,0.0,39
4111,2020-03-01,South Australia,css_per_prsn,0.0,39
4112,2020-03-01,South Australia,New cases per week,1.0,39
4113,2020-03-01,South Australia,log10(Total cases),0.47712125471966244,39
4114,2020-03-01,South Australia,log10(New cases per week),0.0,39
4115,2020-03-01,South Australia,Slope of power-law,0.0,39
4116,2020-03-01,South Australia,Acceleration of power-law,0.0,39
4117,2020-03-01,South Australia,Growth Rate,8.333333333333334,39
4118,2020-03-01,South Australia,Days since first case,39.0,39
4119,2020-03-01,South Australia,Average Growth Rate,0.19890310398676694,39
4120,2020-03-01,South Australia,Doubling time,7.757221055483911,39
4121,2020-03-01,Tasmania,Total cases,0.0,39
4122,2020-03-01,Tasmania,Total cases per million,0.0,39
4123,2020-03-01,Tasmania,New cases,0.0,39
4124,2020-03-01,Tasmania,css_per_prsn,0.0,39
4125,2020-03-01,Tasmania,New cases per week,0.0,39
4126,2020-03-01,Tasmania,log10(Total cases),0.0,39
4127,2020-03-01,Tasmania,log10(New cases per week),0.0,39
4128,2020-03-01,Tasmania,Slope of power-law,0.0,39
4129,2020-03-01,Tasmania,Acceleration of power-law,0.0,39
4130,2020-03-01,Tasmania,Growth Rate,0.0,39
4131,2020-03-01,Tasmania,Days since first case,39.0,39
4132,2020-03-01,Tasmania,Average Growth Rate,0.0,39
4133,2020-03-01,Tasmania,Doubling time,0.0,39
4134,2020-03-01,Victoria,Total cases,7.0,39
4135,2020-03-01,Victoria,Total cases per million,1.1008020128951093,39
4136,2020-03-01,Victoria,New cases,0.0,39
4137,2020-03-01,Victoria,css_per_prsn,0.0,39
4138,2020-03-01,Victoria,New cases per week,3.0,39
4139,2020-03-01,Victoria,log10(Total cases),0.8450980400142568,39
4140,2020-03-01,Victoria,log10(New cases per week),0.47712125471966244,39
4141,2020-03-01,Victoria,Slope of power-law,1.9631545648867308,39
4142,2020-03-01,Victoria,Acceleration of power-law,0.0,39
4143,2020-03-01,Victoria,Growth Rate,11.538461538461538,39
4144,2020-03-01,Victoria,Days since first case,39.0,39
4145,2020-03-01,Victoria,Average Growth Rate,0.14098707958328127,39
4146,2020-03-01,Victoria,Doubling time,5.49849610374797,39
4147,2020-03-01,Western Australia,Total cases,2.0,39
4148,2020-03-01,Western Australia,Total cases per million,0.772499034376207,39
4149,2020-03-01,Western Australia,New cases,0.0,39
4150,2020-03-01,Western Australia,css_per_prsn,0.0,39
4151,2020-03-01,Western Australia,New cases per week,2.0,39
4152,2020-03-01,Western Australia,log10(Total cases),0.3010299956639812,39
4153,2020-03-01,Western Australia,log10(New cases per week),0.3010299956639812,39
4154,2020-03-01,Western Australia,Slope of power-law,1.0,39
4155,2020-03-01,Western Australia,Acceleration of power-law,0.0,39
4156,2020-03-01,Western Australia,Growth Rate,50.0,39
4157,2020-03-01,Western Australia,Days since first case,39.0,39
4158,2020-03-01,Western Australia,Average Growth Rate,0.0,39
4159,2020-03-01,Western Australia,Doubling time,0.0,39
4160,2020-03-02,Australian Capital Territory,Total cases,0.0,40
4161,2020-03-02,Australian Capital Territory,Total cases per million,0.0,40
4162,2020-03-02,Australian Capital Territory,New cases,0.0,40
4163,2020-03-02,Australian Capital Territory,css_per_prsn,0.0,40
4164,2020-03-02,Australian Capital Territory,New cases per week,0.0,40
4165,2020-03-02,Australian Capital Territory,log10(Total cases),0.0,40
4166,2020-03-02,Australian Capital Territory,log10(New cases per week),0.0,40
4167,2020-03-02,Australian Capital Territory,Slope of power-law,0.0,40
4168,2020-03-02,Australian Capital Territory,Acceleration of power-law,0.0,40
4169,2020-03-02,Australian Capital Territory,Growth Rate,0.0,40
4170,2020-03-02,Australian Capital Territory,Days since first case,40.0,40
4171,2020-03-02,Australian Capital Territory,Average Growth Rate,0.0,40
4172,2020-03-02,Australian Capital Territory,Doubling time,0.0,40
4173,2020-03-02,New South Wales,Total cases,6.0,40
4174,2020-03-02,New South Wales,Total cases per million,0.7953340402969248,40
4175,2020-03-02,New South Wales,New cases,0.0,40
4176,2020-03-02,New South Wales,css_per_prsn,0.0,40
4177,2020-03-02,New South Wales,New cases per week,2.0,40
4178,2020-03-02,New South Wales,log10(Total cases),0.7781512503836436,40
4179,2020-03-02,New South Wales,log10(New cases per week),0.3010299956639812,40
4180,2020-03-02,New South Wales,Slope of power-law,1.7095112913514547,40
4181,2020-03-02,New South Wales,Acceleration of power-law,0.0,40
4182,2020-03-02,New South Wales,Growth Rate,8.333333333333334,40
4183,2020-03-02,New South Wales,Days since first case,40.0,40
4184,2020-03-02,New South Wales,Average Growth Rate,0.19890310398676678,40
4185,2020-03-02,New South Wales,Doubling time,7.956124159470671,40
4186,2020-03-02,Northern Territory,Total cases,0.0,40
4187,2020-03-02,Northern Territory,Total cases per million,0.0,40
4188,2020-03-02,Northern Territory,New cases,0.0,40
4189,2020-03-02,Northern Territory,css_per_prsn,0.0,40
4190,2020-03-02,Northern Territory,New cases per week,0.0,40
4191,2020-03-02,Northern Territory,log10(Total cases),0.0,40
4192,2020-03-02,Northern Territory,log10(New cases per week),0.0,40
4193,2020-03-02,Northern Territory,Slope of power-law,0.0,40
4194,2020-03-02,Northern Territory,Acceleration of power-law,0.0,40
4195,2020-03-02,Northern Territory,Growth Rate,0.0,40
4196,2020-03-02,Northern Territory,Days since first case,40.0,40
4197,2020-03-02,Northern Territory,Average Growth Rate,0.0,40
4198,2020-03-02,Northern Territory,Doubling time,0.0,40
4199,2020-03-02,Queensland,Total cases,9.0,40
4200,2020-03-02,Queensland,Total cases per million,1.7747978702425558,40
4201,2020-03-02,Queensland,New cases,0.0,40
4202,2020-03-02,Queensland,css_per_prsn,0.0,40
4203,2020-03-02,Queensland,New cases per week,4.0,40
4204,2020-03-02,Queensland,log10(Total cases),0.9542425094393249,40
4205,2020-03-02,Queensland,log10(New cases per week),0.6020599913279624,40
4206,2020-03-02,Queensland,Slope of power-law,2.3584991696787525,40
4207,2020-03-02,Queensland,Acceleration of power-law,0.0,40
4208,2020-03-02,Queensland,Growth Rate,10.81081081081081,40
4209,2020-03-02,Queensland,Days since first case,40.0,40
4210,2020-03-02,Queensland,Average Growth Rate,0.09436961133669293,40
4211,2020-03-02,Queensland,Doubling time,3.774784453467717,40
4212,2020-03-02,South Australia,Total cases,3.0,40
4213,2020-03-02,South Australia,Total cases per million,1.7889087656529516,40
4214,2020-03-02,South Australia,New cases,0.0,40
4215,2020-03-02,South Australia,css_per_prsn,0.0,40
4216,2020-03-02,South Australia,New cases per week,1.0,40
4217,2020-03-02,South Australia,log10(Total cases),0.47712125471966244,40
4218,2020-03-02,South Australia,log10(New cases per week),0.0,40
4219,2020-03-02,South Australia,Slope of power-law,0.0,40
4220,2020-03-02,South Australia,Acceleration of power-law,0.0,40
4221,2020-03-02,South Australia,Growth Rate,7.6923076923076925,40
4222,2020-03-02,South Australia,Days since first case,40.0,40
4223,2020-03-02,South Australia,Average Growth Rate,0.13798614406506568,40
4224,2020-03-02,South Australia,Doubling time,5.519445762602627,40
4225,2020-03-02,Tasmania,Total cases,1.0,40
4226,2020-03-02,Tasmania,Total cases per million,1.941747572815534,40
4227,2020-03-02,Tasmania,New cases,1.0,40
4228,2020-03-02,Tasmania,css_per_prsn,1.941747572815534,40
4229,2020-03-02,Tasmania,New cases per week,1.0,40
4230,2020-03-02,Tasmania,log10(Total cases),0.0,40
4231,2020-03-02,Tasmania,log10(New cases per week),0.0,40
4232,2020-03-02,Tasmania,Slope of power-law,0.0,40
4233,2020-03-02,Tasmania,Acceleration of power-law,0.0,40
4234,2020-03-02,Tasmania,Growth Rate,100.0,40
4235,2020-03-02,Tasmania,Days since first case,40.0,40
4236,2020-03-02,Tasmania,Average Growth Rate,0.0,40
4237,2020-03-02,Tasmania,Doubling time,0.0,40
4238,2020-03-02,Victoria,Total cases,9.0,40
4239,2020-03-02,Victoria,Total cases per million,1.4153168737222834,40
4240,2020-03-02,Victoria,New cases,2.0,40
4241,2020-03-02,Victoria,css_per_prsn,0.31451486082717406,40
4242,2020-03-02,Victoria,New cases per week,5.0,40
4243,2020-03-02,Victoria,log10(Total cases),0.9542425094393249,40
4244,2020-03-02,Victoria,log10(New cases per week),0.6989700043360189,40
4245,2020-03-02,Victoria,Slope of power-law,1.9846811479580593,40
4246,2020-03-02,Victoria,Acceleration of power-law,0.19723017744025342,40
4247,2020-03-02,Victoria,Growth Rate,16.129032258064516,40
4248,2020-03-02,Victoria,Days since first case,40.0,40
4249,2020-03-02,Victoria,Average Growth Rate,0.08513026655108162,40
4250,2020-03-02,Victoria,Doubling time,3.405210662043265,40
4251,2020-03-02,Western Australia,Total cases,2.0,40
4252,2020-03-02,Western Australia,Total cases per million,0.772499034376207,40
4253,2020-03-02,Western Australia,New cases,0.0,40
4254,2020-03-02,Western Australia,css_per_prsn,0.0,40
4255,2020-03-02,Western Australia,New cases per week,2.0,40
4256,2020-03-02,Western Australia,log10(Total cases),0.3010299956639812,40
4257,2020-03-02,Western Australia,log10(New cases per week),0.3010299956639812,40
4258,2020-03-02,Western Australia,Slope of power-law,1.0,40
4259,2020-03-02,Western Australia,Acceleration of power-law,0.0,40
4260,2020-03-02,Western Australia,Growth Rate,33.333333333333336,40
4261,2020-03-02,Western Australia,Days since first case,40.0,40
4262,2020-03-02,Western Australia,Average Growth Rate,0.0,40
4263,2020-03-02,Western Australia,Doubling time,0.0,40
4264,2020-03-03,Australian Capital Territory,Total cases,0.0,41
4265,2020-03-03,Australian Capital Territory,Total cases per million,0.0,41
4266,2020-03-03,Australian Capital Territory,New cases,0.0,41
4267,2020-03-03,Australian Capital Territory,css_per_prsn,0.0,41
4268,2020-03-03,Australian Capital Territory,New cases per week,0.0,41
4269,2020-03-03,Australian Capital Territory,log10(Total cases),0.0,41
4270,2020-03-03,Australian Capital Territory,log10(New cases per week),0.0,41
4271,2020-03-03,Australian Capital Territory,Slope of power-law,0.0,41
4272,2020-03-03,Australian Capital Territory,Acceleration of power-law,0.0,41
4273,2020-03-03,Australian Capital Territory,Growth Rate,0.0,41
4274,2020-03-03,Australian Capital Territory,Days since first case,41.0,41
4275,2020-03-03,Australian Capital Territory,Average Growth Rate,0.0,41
4276,2020-03-03,Australian Capital Territory,Doubling time,0.0,41
4277,2020-03-03,New South Wales,Total cases,13.0,41
4278,2020-03-03,New South Wales,Total cases per million,1.7232237539766704,41
4279,2020-03-03,New South Wales,New cases,7.0,41
4280,2020-03-03,New South Wales,css_per_prsn,0.9278897136797456,41
4281,2020-03-03,New South Wales,New cases per week,9.0,41
4282,2020-03-03,New South Wales,log10(Total cases),1.1139433523068367,41
4283,2020-03-03,New South Wales,log10(New cases per week),0.9542425094393249,41
4284,2020-03-03,New South Wales,Slope of power-law,1.864179581095442,41
4285,2020-03-03,New South Wales,Acceleration of power-law,0.46060728902839143,41
4286,2020-03-03,New South Wales,Growth Rate,27.272727272727277,41
4287,2020-03-03,New South Wales,Days since first case,41.0,41
4288,2020-03-03,New South Wales,Average Growth Rate,0.07753849816433284,41
4289,2020-03-03,New South Wales,Doubling time,3.1790784247376465,41
4290,2020-03-03,Northern Territory,Total cases,0.0,41
4291,2020-03-03,Northern Territory,Total cases per million,0.0,41
4292,2020-03-03,Northern Territory,New cases,0.0,41
4293,2020-03-03,Northern Territory,css_per_prsn,0.0,41
4294,2020-03-03,Northern Territory,New cases per week,0.0,41
4295,2020-03-03,Northern Territory,log10(Total cases),0.0,41
4296,2020-03-03,Northern Territory,log10(New cases per week),0.0,41
4297,2020-03-03,Northern Territory,Slope of power-law,0.0,41
4298,2020-03-03,Northern Territory,Acceleration of power-law,0.0,41
4299,2020-03-03,Northern Territory,Growth Rate,0.0,41
4300,2020-03-03,Northern Territory,Days since first case,41.0,41
4301,2020-03-03,Northern Territory,Average Growth Rate,0.0,41
4302,2020-03-03,Northern Territory,Doubling time,0.0,41
4303,2020-03-03,Queensland,Total cases,11.0,41
4304,2020-03-03,Queensland,Total cases per million,2.1691973969631237,41
4305,2020-03-03,Queensland,New cases,2.0,41
4306,2020-03-03,Queensland,css_per_prsn,0.39439952672056794,41
4307,2020-03-03,Queensland,New cases per week,6.0,41
4308,2020-03-03,Queensland,log10(Total cases),1.0413926851582251,41
4309,2020-03-03,Queensland,log10(New cases per week),0.7781512503836436,41
4310,2020-03-03,Queensland,Slope of power-law,2.2724874664119508,41
4311,2020-03-03,Queensland,Acceleration of power-law,-0.9869366591322704,41
4312,2020-03-03,Queensland,Growth Rate,13.953488372093023,41
4313,2020-03-03,Queensland,Days since first case,41.0,41
4314,2020-03-03,Queensland,Average Growth Rate,0.068386555546808,41
4315,2020-03-03,Queensland,Doubling time,2.803848777419128,41
4316,2020-03-03,South Australia,Total cases,3.0,41
4317,2020-03-03,South Australia,Total cases per million,1.7889087656529516,41
4318,2020-03-03,South Australia,New cases,0.0,41
4319,2020-03-03,South Australia,css_per_prsn,0.0,41
4320,2020-03-03,South Australia,New cases per week,1.0,41
4321,2020-03-03,South Australia,log10(Total cases),0.47712125471966244,41
4322,2020-03-03,South Australia,log10(New cases per week),0.0,41
4323,2020-03-03,South Australia,Slope of power-law,0.0,41
4324,2020-03-03,South Australia,Acceleration of power-law,0.0,41
4325,2020-03-03,South Australia,Growth Rate,7.142857142857144,41
4326,2020-03-03,South Australia,Days since first case,41.0,41
4327,2020-03-03,South Australia,Average Growth Rate,0.10743334106949758,41
4328,2020-03-03,South Australia,Doubling time,4.404766983849401,41
4329,2020-03-03,Tasmania,Total cases,1.0,41
4330,2020-03-03,Tasmania,Total cases per million,1.941747572815534,41
4331,2020-03-03,Tasmania,New cases,0.0,41
4332,2020-03-03,Tasmania,css_per_prsn,0.0,41
4333,2020-03-03,Tasmania,New cases per week,1.0,41
4334,2020-03-03,Tasmania,log10(Total cases),0.0,41
4335,2020-03-03,Tasmania,log10(New cases per week),0.0,41
4336,2020-03-03,Tasmania,Slope of power-law,0.0,41
4337,2020-03-03,Tasmania,Acceleration of power-law,0.0,41
4338,2020-03-03,Tasmania,Growth Rate,50.0,41
4339,2020-03-03,Tasmania,Days since first case,41.0,41
4340,2020-03-03,Tasmania,Average Growth Rate,0.0,41
4341,2020-03-03,Tasmania,Doubling time,0.0,41
4342,2020-03-03,Victoria,Total cases,9.0,41
4343,2020-03-03,Victoria,Total cases per million,1.4153168737222834,41
4344,2020-03-03,Victoria,New cases,0.0,41
4345,2020-03-03,Victoria,css_per_prsn,0.0,41
4346,2020-03-03,Victoria,New cases per week,5.0,41
4347,2020-03-03,Victoria,log10(Total cases),0.9542425094393249,41
4348,2020-03-03,Victoria,log10(New cases per week),0.6989700043360189,41
4349,2020-03-03,Victoria,Slope of power-law,1.9846811479580593,41
4350,2020-03-03,Victoria,Acceleration of power-law,0.0,41
4351,2020-03-03,Victoria,Growth Rate,13.88888888888889,41
4352,2020-03-03,Victoria,Days since first case,41.0,41
4353,2020-03-03,Victoria,Average Growth Rate,0.06347517819155851,41
4354,2020-03-03,Victoria,Doubling time,2.602482305853899,41
4355,2020-03-03,Western Australia,Total cases,2.0,41
4356,2020-03-03,Western Australia,Total cases per million,0.772499034376207,41
4357,2020-03-03,Western Australia,New cases,0.0,41
4358,2020-03-03,Western Australia,css_per_prsn,0.0,41
4359,2020-03-03,Western Australia,New cases per week,2.0,41
4360,2020-03-03,Western Australia,log10(Total cases),0.3010299956639812,41
4361,2020-03-03,Western Australia,log10(New cases per week),0.3010299956639812,41
4362,2020-03-03,Western Australia,Slope of power-law,1.0,41
4363,2020-03-03,Western Australia,Acceleration of power-law,0.0,41
4364,2020-03-03,Western Australia,Growth Rate,25.0,41
4365,2020-03-03,Western Australia,Days since first case,41.0,41
4366,2020-03-03,Western Australia,Average Growth Rate,0.0,41
4367,2020-03-03,Western Australia,Doubling time,0.0,41
4368,2020-03-04,Australian Capital Territory,Total cases,0.0,42
4369,2020-03-04,Australian Capital Territory,Total cases per million,0.0,42
4370,2020-03-04,Australian Capital Territory,New cases,0.0,42
4371,2020-03-04,Australian Capital Territory,css_per_prsn,0.0,42
4372,2020-03-04,Australian Capital Territory,New cases per week,0.0,42
4373,2020-03-04,Australian Capital Territory,log10(Total cases),0.0,42
4374,2020-03-04,Australian Capital Territory,log10(New cases per week),0.0,42
4375,2020-03-04,Australian Capital Territory,Slope of power-law,0.0,42
4376,2020-03-04,Australian Capital Territory,Acceleration of power-law,0.0,42
4377,2020-03-04,Australian Capital Territory,Growth Rate,0.0,42
4378,2020-03-04,Australian Capital Territory,Days since first case,42.0,42
4379,2020-03-04,Australian Capital Territory,Average Growth Rate,0.0,42
4380,2020-03-04,Australian Capital Territory,Doubling time,0.0,42
4381,2020-03-04,New South Wales,Total cases,22.0,42
4382,2020-03-04,New South Wales,Total cases per million,2.9162248144220575,42
4383,2020-03-04,New South Wales,New cases,9.0,42
4384,2020-03-04,New South Wales,css_per_prsn,1.1930010604453871,42
4385,2020-03-04,New South Wales,New cases per week,18.0,42
4386,2020-03-04,New South Wales,log10(Total cases),1.3424226808222062,42
4387,2020-03-04,New South Wales,log10(New cases per week),1.255272505103306,42
4388,2020-03-04,New South Wales,Slope of power-law,1.6954832042668266,42
4389,2020-03-04,New South Wales,Acceleration of power-law,-0.7383441553543757,42
4390,2020-03-04,New South Wales,Growth Rate,35.294117647058826,42
4391,2020-03-04,New South Wales,Days since first case,42.0,42
4392,2020-03-04,New South Wales,Average Growth Rate,0.04332652571522331,42
4393,2020-03-04,New South Wales,Doubling time,1.819714080039379,42
4394,2020-03-04,Northern Territory,Total cases,1.0,42
4395,2020-03-04,Northern Territory,Total cases per million,4.093327875562832,42
4396,2020-03-04,Northern Territory,New cases,1.0,42
4397,2020-03-04,Northern Territory,css_per_prsn,4.093327875562832,42
4398,2020-03-04,Northern Territory,New cases per week,1.0,42
4399,2020-03-04,Northern Territory,log10(Total cases),0.0,42
4400,2020-03-04,Northern Territory,log10(New cases per week),0.0,42
4401,2020-03-04,Northern Territory,Slope of power-law,0.0,42
4402,2020-03-04,Northern Territory,Acceleration of power-law,0.0,42
4403,2020-03-04,Northern Territory,Growth Rate,100.0,42
4404,2020-03-04,Northern Territory,Days since first case,42.0,42
4405,2020-03-04,Northern Territory,Average Growth Rate,0.0,42
4406,2020-03-04,Northern Territory,Doubling time,0.0,42
4407,2020-03-04,Queensland,Total cases,11.0,42
4408,2020-03-04,Queensland,Total cases per million,2.1691973969631237,42
4409,2020-03-04,Queensland,New cases,0.0,42
4410,2020-03-04,Queensland,css_per_prsn,0.0,42
4411,2020-03-04,Queensland,New cases per week,6.0,42
4412,2020-03-04,Queensland,log10(Total cases),1.0413926851582251,42
4413,2020-03-04,Queensland,log10(New cases per week),0.7781512503836436,42
4414,2020-03-04,Queensland,Slope of power-law,2.2724874664119508,42
4415,2020-03-04,Queensland,Acceleration of power-law,0.0,42
4416,2020-03-04,Queensland,Growth Rate,12.244897959183671,42
4417,2020-03-04,Queensland,Days since first case,42.0,42
4418,2020-03-04,Queensland,Average Growth Rate,0.05507855098118457,42
4419,2020-03-04,Queensland,Doubling time,2.3132991412097517,42
4420,2020-03-04,South Australia,Total cases,5.0,42
4421,2020-03-04,South Australia,Total cases per million,2.9815146094215863,42
4422,2020-03-04,South Australia,New cases,2.0,42
4423,2020-03-04,South Australia,css_per_prsn,1.1926058437686344,42
4424,2020-03-04,South Australia,New cases per week,3.0,42
4425,2020-03-04,South Australia,log10(Total cases),0.6989700043360189,42
4426,2020-03-04,South Australia,log10(New cases per week),0.47712125471966244,42
4427,2020-03-04,South Australia,Slope of power-law,1.1989778467157899,42
4428,2020-03-04,South Australia,Acceleration of power-law,5.404483229178371,42
4429,2020-03-04,South Australia,Growth Rate,17.647058823529413,42
4430,2020-03-04,South Australia,Days since first case,42.0,42
4431,2020-03-04,South Australia,Average Growth Rate,0.0694446266149204,42
4432,2020-03-04,South Australia,Doubling time,2.916674317826657,42
4433,2020-03-04,Tasmania,Total cases,1.0,42
4434,2020-03-04,Tasmania,Total cases per million,1.941747572815534,42
4435,2020-03-04,Tasmania,New cases,0.0,42
4436,2020-03-04,Tasmania,css_per_prsn,0.0,42
4437,2020-03-04,Tasmania,New cases per week,1.0,42
4438,2020-03-04,Tasmania,log10(Total cases),0.0,42
4439,2020-03-04,Tasmania,log10(New cases per week),0.0,42
4440,2020-03-04,Tasmania,Slope of power-law,0.0,42
4441,2020-03-04,Tasmania,Acceleration of power-law,0.0,42
4442,2020-03-04,Tasmania,Growth Rate,33.333333333333336,42
4443,2020-03-04,Tasmania,Days since first case,42.0,42
4444,2020-03-04,Tasmania,Average Growth Rate,0.0,42
4445,2020-03-04,Tasmania,Doubling time,0.0,42
4446,2020-03-04,Victoria,Total cases,10.0,42
4447,2020-03-04,Victoria,Total cases per million,1.5725743041358704,42
4448,2020-03-04,Victoria,New cases,1.0,42
4449,2020-03-04,Victoria,css_per_prsn,0.15725743041358703,42
4450,2020-03-04,Victoria,New cases per week,6.0,42
4451,2020-03-04,Victoria,log10(Total cases),1.0,42
4452,2020-03-04,Victoria,log10(New cases per week),0.7781512503836436,42
4453,2020-03-04,Victoria,Slope of power-law,1.95544864408182,42
4454,2020-03-04,Victoria,Acceleration of power-law,-0.6388572344778518,42
4455,2020-03-04,Victoria,Growth Rate,14.285714285714285,42
4456,2020-03-04,Victoria,Days since first case,42.0,42
4457,2020-03-04,Victoria,Average Growth Rate,0.05031148961342807,42
4458,2020-03-04,Victoria,Doubling time,2.113082563763979,42
4459,2020-03-04,Western Australia,Total cases,2.0,42
4460,2020-03-04,Western Australia,Total cases per million,0.772499034376207,42
4461,2020-03-04,Western Australia,New cases,0.0,42
4462,2020-03-04,Western Australia,css_per_prsn,0.0,42
4463,2020-03-04,Western Australia,New cases per week,2.0,42
4464,2020-03-04,Western Australia,log10(Total cases),0.3010299956639812,42
4465,2020-03-04,Western Australia,log10(New cases per week),0.3010299956639812,42
4466,2020-03-04,Western Australia,Slope of power-law,1.0,42
4467,2020-03-04,Western Australia,Acceleration of power-law,0.0,42
4468,2020-03-04,Western Australia,Growth Rate,20.0,42
4469,2020-03-04,Western Australia,Days since first case,42.0,42
4470,2020-03-04,Western Australia,Average Growth Rate,0.015178405413721428,42
4471,2020-03-04,Western Australia,Doubling time,0.6374930273763,42
4472,2020-03-05,Australian Capital Territory,Total cases,0.0,43
4473,2020-03-05,Australian Capital Territory,Total cases per million,0.0,43
4474,2020-03-05,Australian Capital Territory,New cases,0.0,43
4475,2020-03-05,Australian Capital Territory,css_per_prsn,0.0,43
4476,2020-03-05,Australian Capital Territory,New cases per week,0.0,43
4477,2020-03-05,Australian Capital Territory,log10(Total cases),0.0,43
4478,2020-03-05,Australian Capital Territory,log10(New cases per week),0.0,43
4479,2020-03-05,Australian Capital Territory,Slope of power-law,0.0,43
4480,2020-03-05,Australian Capital Territory,Acceleration of power-law,0.0,43
4481,2020-03-05,Australian Capital Territory,Growth Rate,0.0,43
4482,2020-03-05,Australian Capital Territory,Days since first case,43.0,43
4483,2020-03-05,Australian Capital Territory,Average Growth Rate,0.0,43
4484,2020-03-05,Australian Capital Territory,Doubling time,0.0,43
4485,2020-03-05,New South Wales,Total cases,22.0,43
4486,2020-03-05,New South Wales,Total cases per million,2.9162248144220575,43
4487,2020-03-05,New South Wales,New cases,0.0,43
4488,2020-03-05,New South Wales,css_per_prsn,0.0,43
4489,2020-03-05,New South Wales,New cases per week,18.0,43
4490,2020-03-05,New South Wales,log10(Total cases),1.3424226808222062,43
4491,2020-03-05,New South Wales,log10(New cases per week),1.255272505103306,43
4492,2020-03-05,New South Wales,Slope of power-law,1.6954832042668266,43
4493,2020-03-05,New South Wales,Acceleration of power-law,0.0,43
4494,2020-03-05,New South Wales,Growth Rate,26.08695652173913,43
4495,2020-03-05,New South Wales,Days since first case,43.0,43
4496,2020-03-05,New South Wales,Average Growth Rate,0.03267156686246314,43
4497,2020-03-05,New South Wales,Doubling time,1.4048773750859151,43
4498,2020-03-05,Northern Territory,Total cases,1.0,43
4499,2020-03-05,Northern Territory,Total cases per million,4.093327875562832,43
4500,2020-03-05,Northern Territory,New cases,0.0,43
4501,2020-03-05,Northern Territory,css_per_prsn,0.0,43
4502,2020-03-05,Northern Territory,New cases per week,1.0,43
4503,2020-03-05,Northern Territory,log10(Total cases),0.0,43
4504,2020-03-05,Northern Territory,log10(New cases per week),0.0,43
4505,2020-03-05,Northern Territory,Slope of power-law,0.0,43
4506,2020-03-05,Northern Territory,Acceleration of power-law,0.0,43
4507,2020-03-05,Northern Territory,Growth Rate,50.0,43
4508,2020-03-05,Northern Territory,Days since first case,43.0,43
4509,2020-03-05,Northern Territory,Average Growth Rate,0.0,43
4510,2020-03-05,Northern Territory,Doubling time,0.0,43
4511,2020-03-05,Queensland,Total cases,13.0,43
4512,2020-03-05,Queensland,Total cases per million,2.5635969236836917,43
4513,2020-03-05,Queensland,New cases,2.0,43
4514,2020-03-05,Queensland,css_per_prsn,0.39439952672056794,43
4515,2020-03-05,Queensland,New cases per week,8.0,43
4516,2020-03-05,Queensland,log10(Total cases),1.1139433523068367,43
4517,2020-03-05,Queensland,log10(New cases per week),0.9030899869919435,43
4518,2020-03-05,Queensland,Slope of power-law,2.1762602138377605,43
4519,2020-03-05,Queensland,Acceleration of power-law,-1.3263455231511516,43
4520,2020-03-05,Queensland,Growth Rate,7.547169811320756,43
4521,2020-03-05,Queensland,Days since first case,43.0,43
4522,2020-03-05,Queensland,Average Growth Rate,0.06114826990469756,43
4523,2020-03-05,Queensland,Doubling time,2.629375605901995,43
4524,2020-03-05,South Australia,Total cases,5.0,43
4525,2020-03-05,South Australia,Total cases per million,2.9815146094215863,43
4526,2020-03-05,South Australia,New cases,0.0,43
4527,2020-03-05,South Australia,css_per_prsn,0.0,43
4528,2020-03-05,South Australia,New cases per week,3.0,43
4529,2020-03-05,South Australia,log10(Total cases),0.6989700043360189,43
4530,2020-03-05,South Australia,log10(New cases per week),0.47712125471966244,43
4531,2020-03-05,South Australia,Slope of power-law,1.1989778467157899,43
4532,2020-03-05,South Australia,Acceleration of power-law,0.0,43
4533,2020-03-05,South Australia,Growth Rate,10.526315789473685,43
4534,2020-03-05,South Australia,Days since first case,43.0,43
4535,2020-03-05,South Australia,Average Growth Rate,0.06750310643223066,43
4536,2020-03-05,South Australia,Doubling time,2.9026335765859184,43
4537,2020-03-05,Tasmania,Total cases,1.0,43
4538,2020-03-05,Tasmania,Total cases per million,1.941747572815534,43
4539,2020-03-05,Tasmania,New cases,0.0,43
4540,2020-03-05,Tasmania,css_per_prsn,0.0,43
4541,2020-03-05,Tasmania,New cases per week,1.0,43
4542,2020-03-05,Tasmania,log10(Total cases),0.0,43
4543,2020-03-05,Tasmania,log10(New cases per week),0.0,43
4544,2020-03-05,Tasmania,Slope of power-law,0.0,43
4545,2020-03-05,Tasmania,Acceleration of power-law,0.0,43
4546,2020-03-05,Tasmania,Growth Rate,25.0,43
4547,2020-03-05,Tasmania,Days since first case,43.0,43
4548,2020-03-05,Tasmania,Average Growth Rate,0.0,43
4549,2020-03-05,Tasmania,Doubling time,0.0,43
4550,2020-03-05,Victoria,Total cases,10.0,43
4551,2020-03-05,Victoria,Total cases per million,1.5725743041358704,43
4552,2020-03-05,Victoria,New cases,0.0,43
4553,2020-03-05,Victoria,css_per_prsn,0.0,43
4554,2020-03-05,Victoria,New cases per week,6.0,43
4555,2020-03-05,Victoria,log10(Total cases),1.0,43
4556,2020-03-05,Victoria,log10(New cases per week),0.7781512503836436,43
4557,2020-03-05,Victoria,Slope of power-law,1.95544864408182,43
4558,2020-03-05,Victoria,Acceleration of power-law,0.0,43
4559,2020-03-05,Victoria,Growth Rate,6.666666666666667,43
4560,2020-03-05,Victoria,Days since first case,43.0,43
4561,2020-03-05,Victoria,Average Growth Rate,0.05544400018662614,43
4562,2020-03-05,Victoria,Doubling time,2.384092008024924,43
4563,2020-03-05,Western Australia,Total cases,3.0,43
4564,2020-03-05,Western Australia,Total cases per million,1.1587485515643106,43
4565,2020-03-05,Western Australia,New cases,1.0,43
4566,2020-03-05,Western Australia,css_per_prsn,0.3862495171881035,43
4567,2020-03-05,Western Australia,New cases per week,3.0,43
4568,2020-03-05,Western Australia,log10(Total cases),0.47712125471966244,43
4569,2020-03-05,Western Australia,log10(New cases per week),0.47712125471966244,43
4570,2020-03-05,Western Australia,Slope of power-law,1.0,43
4571,2020-03-05,Western Australia,Acceleration of power-law,0.0,43
4572,2020-03-05,Western Australia,Growth Rate,9.090909090909092,43
4573,2020-03-05,Western Australia,Days since first case,43.0,43
4574,2020-03-05,Western Australia,Average Growth Rate,0.02521924692224718,43
4575,2020-03-05,Western Australia,Doubling time,1.0844276176566288,43
4576,2020-03-06,Australian Capital Territory,Total cases,0.0,44
4577,2020-03-06,Australian Capital Territory,Total cases per million,0.0,44
4578,2020-03-06,Australian Capital Territory,New cases,0.0,44
4579,2020-03-06,Australian Capital Territory,css_per_prsn,0.0,44
4580,2020-03-06,Australian Capital Territory,New cases per week,0.0,44
4581,2020-03-06,Australian Capital Territory,log10(Total cases),0.0,44
4582,2020-03-06,Australian Capital Territory,log10(New cases per week),0.0,44
4583,2020-03-06,Australian Capital Territory,Slope of power-law,0.0,44
4584,2020-03-06,Australian Capital Territory,Acceleration of power-law,0.0,44
4585,2020-03-06,Australian Capital Territory,Growth Rate,0.0,44
4586,2020-03-06,Australian Capital Territory,Days since first case,44.0,44
4587,2020-03-06,Australian Capital Territory,Average Growth Rate,0.0,44
4588,2020-03-06,Australian Capital Territory,Doubling time,0.0,44
4589,2020-03-06,New South Wales,Total cases,26.0,44
4590,2020-03-06,New South Wales,Total cases per million,3.4464475079533408,44
4591,2020-03-06,New South Wales,New cases,4.0,44
4592,2020-03-06,New South Wales,css_per_prsn,0.5302226935312832,44
4593,2020-03-06,New South Wales,New cases per week,22.0,44
4594,2020-03-06,New South Wales,log10(Total cases),1.414973347970818,44
4595,2020-03-06,New South Wales,log10(New cases per week),1.3424226808222062,44
4596,2020-03-06,New South Wales,Slope of power-law,1.6513724000871406,44
4597,2020-03-06,New South Wales,Acceleration of power-law,-0.6079999800598673,44
4598,2020-03-06,New South Wales,Growth Rate,22.47191011235955,44
4599,2020-03-06,New South Wales,Days since first case,44.0,44
4600,2020-03-06,New South Wales,Average Growth Rate,0.029011917063892022,44
4601,2020-03-06,New South Wales,Doubling time,1.276524350811249,44
4602,2020-03-06,Northern Territory,Total cases,0.0,44
4603,2020-03-06,Northern Territory,Total cases per million,0.0,44
4604,2020-03-06,Northern Territory,New cases,-1.0,44
4605,2020-03-06,Northern Territory,css_per_prsn,-4.093327875562832,44
4606,2020-03-06,Northern Territory,New cases per week,0.0,44
4607,2020-03-06,Northern Territory,log10(Total cases),0.0,44
4608,2020-03-06,Northern Territory,log10(New cases per week),0.0,44
4609,2020-03-06,Northern Territory,Slope of power-law,0.0,44
4610,2020-03-06,Northern Territory,Acceleration of power-law,0.0,44
4611,2020-03-06,Northern Territory,Growth Rate,0.0,44
4612,2020-03-06,Northern Territory,Days since first case,44.0,44
4613,2020-03-06,Northern Territory,Average Growth Rate,0.0,44
4614,2020-03-06,Northern Territory,Doubling time,0.0,44
4615,2020-03-06,Queensland,Total cases,13.0,44
4616,2020-03-06,Queensland,Total cases per million,2.5635969236836917,44
4617,2020-03-06,Queensland,New cases,0.0,44
4618,2020-03-06,Queensland,css_per_prsn,0.0,44
4619,2020-03-06,Queensland,New cases per week,8.0,44
4620,2020-03-06,Queensland,log10(Total cases),1.1139433523068367,44
4621,2020-03-06,Queensland,log10(New cases per week),0.9030899869919435,44
4622,2020-03-06,Queensland,Slope of power-law,2.1762602138377605,44
4623,2020-03-06,Queensland,Acceleration of power-law,0.0,44
4624,2020-03-06,Queensland,Growth Rate,7.017543859649122,44
4625,2020-03-06,Queensland,Days since first case,44.0,44
4626,2020-03-06,Queensland,Average Growth Rate,0.06719940078545056,44
4627,2020-03-06,Queensland,Doubling time,2.9567736345598243,44
4628,2020-03-06,South Australia,Total cases,7.0,44
4629,2020-03-06,South Australia,Total cases per million,4.174120453190221,44
4630,2020-03-06,South Australia,New cases,2.0,44
4631,2020-03-06,South Australia,css_per_prsn,1.1926058437686344,44
4632,2020-03-06,South Australia,New cases per week,5.0,44
4633,2020-03-06,South Australia,log10(Total cases),0.8450980400142568,44
4634,2020-03-06,South Australia,log10(New cases per week),0.6989700043360189,44
4635,2020-03-06,South Australia,Slope of power-law,1.2847106379326627,44
4636,2020-03-06,South Australia,Acceleration of power-law,0.5866963914142352,44
4637,2020-03-06,South Australia,Growth Rate,17.39130434782609,44
4638,2020-03-06,South Australia,Days since first case,44.0,44
4639,2020-03-06,South Australia,Average Growth Rate,0.057379881883561905,44
4640,2020-03-06,South Australia,Doubling time,2.5247148028767237,44
4641,2020-03-06,Tasmania,Total cases,1.0,44
4642,2020-03-06,Tasmania,Total cases per million,1.941747572815534,44
4643,2020-03-06,Tasmania,New cases,0.0,44
4644,2020-03-06,Tasmania,css_per_prsn,0.0,44
4645,2020-03-06,Tasmania,New cases per week,1.0,44
4646,2020-03-06,Tasmania,log10(Total cases),0.0,44
4647,2020-03-06,Tasmania,log10(New cases per week),0.0,44
4648,2020-03-06,Tasmania,Slope of power-law,0.0,44
4649,2020-03-06,Tasmania,Acceleration of power-law,0.0,44
4650,2020-03-06,Tasmania,Growth Rate,20.0,44
4651,2020-03-06,Tasmania,Days since first case,44.0,44
4652,2020-03-06,Tasmania,Average Growth Rate,0.015178405413721428,44
4653,2020-03-06,Tasmania,Doubling time,0.6678498382037428,44
4654,2020-03-06,Victoria,Total cases,10.0,44
4655,2020-03-06,Victoria,Total cases per million,1.5725743041358704,44
4656,2020-03-06,Victoria,New cases,0.0,44
4657,2020-03-06,Victoria,css_per_prsn,0.0,44
4658,2020-03-06,Victoria,New cases per week,6.0,44
4659,2020-03-06,Victoria,log10(Total cases),1.0,44
4660,2020-03-06,Victoria,log10(New cases per week),0.7781512503836436,44
4661,2020-03-06,Victoria,Slope of power-law,1.95544864408182,44
4662,2020-03-06,Victoria,Acceleration of power-law,0.0,44
4663,2020-03-06,Victoria,Growth Rate,6.25,44
4664,2020-03-06,Victoria,Days since first case,44.0,44
4665,2020-03-06,Victoria,Average Growth Rate,0.0605682908975771,44
4666,2020-03-06,Victoria,Doubling time,2.6650047994933925,44
4667,2020-03-06,Western Australia,Total cases,3.0,44
4668,2020-03-06,Western Australia,Total cases per million,1.1587485515643106,44
4669,2020-03-06,Western Australia,New cases,0.0,44
4670,2020-03-06,Western Australia,css_per_prsn,0.0,44
4671,2020-03-06,Western Australia,New cases per week,3.0,44
4672,2020-03-06,Western Australia,log10(Total cases),0.47712125471966244,44
4673,2020-03-06,Western Australia,log10(New cases per week),0.47712125471966244,44
4674,2020-03-06,Western Australia,Slope of power-law,1.0,44
4675,2020-03-06,Western Australia,Acceleration of power-law,0.0,44
4676,2020-03-06,Western Australia,Growth Rate,8.333333333333334,44
4677,2020-03-06,Western Australia,Days since first case,44.0,44
4678,2020-03-06,Western Australia,Average Growth Rate,0.03619281164316169,44
4679,2020-03-06,Western Australia,Doubling time,1.5924837122991142,44
4680,2020-03-07,Australian Capital Territory,Total cases,0.0,45
4681,2020-03-07,Australian Capital Territory,Total cases per million,0.0,45
4682,2020-03-07,Australian Capital Territory,New cases,0.0,45
4683,2020-03-07,Australian Capital Territory,css_per_prsn,0.0,45
4684,2020-03-07,Australian Capital Territory,New cases per week,0.0,45
4685,2020-03-07,Australian Capital Territory,log10(Total cases),0.0,45
4686,2020-03-07,Australian Capital Territory,log10(New cases per week),0.0,45
4687,2020-03-07,Australian Capital Territory,Slope of power-law,0.0,45
4688,2020-03-07,Australian Capital Territory,Acceleration of power-law,0.0,45
4689,2020-03-07,Australian Capital Territory,Growth Rate,0.0,45
4690,2020-03-07,Australian Capital Territory,Days since first case,45.0,45
4691,2020-03-07,Australian Capital Territory,Average Growth Rate,0.0,45
4692,2020-03-07,Australian Capital Territory,Doubling time,0.0,45
4693,2020-03-07,New South Wales,Total cases,28.0,45
4694,2020-03-07,New South Wales,Total cases per million,3.7115588547189824,45
4695,2020-03-07,New South Wales,New cases,2.0,45
4696,2020-03-07,New South Wales,css_per_prsn,0.2651113467656416,45
4697,2020-03-07,New South Wales,New cases per week,24.0,45
4698,2020-03-07,New South Wales,log10(Total cases),1.4471580313422192,45
4699,2020-03-07,New South Wales,log10(New cases per week),1.380211241711606,45
4700,2020-03-07,New South Wales,Slope of power-law,1.6331965953776462,45
4701,2020-03-07,New South Wales,Acceleration of power-law,-0.5647346130378632,45
4702,2020-03-07,New South Wales,Growth Rate,19.819819819819823,45
4703,2020-03-07,New South Wales,Days since first case,45.0,45
4704,2020-03-07,New South Wales,Average Growth Rate,0.02646700400114369,45
4705,2020-03-07,New South Wales,Doubling time,1.1910151800514661,45
4706,2020-03-07,Northern Territory,Total cases,0.0,45
4707,2020-03-07,Northern Territory,Total cases per million,0.0,45
4708,2020-03-07,Northern Territory,New cases,0.0,45
4709,2020-03-07,Northern Territory,css_per_prsn,0.0,45
4710,2020-03-07,Northern Territory,New cases per week,0.0,45
4711,2020-03-07,Northern Territory,log10(Total cases),0.0,45
4712,2020-03-07,Northern Territory,log10(New cases per week),0.0,45
4713,2020-03-07,Northern Territory,Slope of power-law,0.0,45
4714,2020-03-07,Northern Territory,Acceleration of power-law,0.0,45
4715,2020-03-07,Northern Territory,Growth Rate,0.0,45
4716,2020-03-07,Northern Territory,Days since first case,45.0,45
4717,2020-03-07,Northern Territory,Average Growth Rate,0.0,45
4718,2020-03-07,Northern Territory,Doubling time,0.0,45
4719,2020-03-07,Queensland,Total cases,13.0,45
4720,2020-03-07,Queensland,Total cases per million,2.5635969236836917,45
4721,2020-03-07,Queensland,New cases,0.0,45
4722,2020-03-07,Queensland,css_per_prsn,0.0,45
4723,2020-03-07,Queensland,New cases per week,4.0,45
4724,2020-03-07,Queensland,log10(Total cases),1.1139433523068367,45
4725,2020-03-07,Queensland,log10(New cases per week),0.6020599913279624,45
4726,2020-03-07,Queensland,Slope of power-law,1.4508401425585071,45
4727,2020-03-07,Queensland,Acceleration of power-law,-inf,45
4728,2020-03-07,Queensland,Growth Rate,6.557377049180328,45
4729,2020-03-07,Queensland,Days since first case,45.0,45
4730,2020-03-07,Queensland,Average Growth Rate,0.07323966533628212,45
4731,2020-03-07,Queensland,Doubling time,3.2957849401326955,45
4732,2020-03-07,South Australia,Total cases,7.0,45
4733,2020-03-07,South Australia,Total cases per million,4.174120453190221,45
4734,2020-03-07,South Australia,New cases,0.0,45
4735,2020-03-07,South Australia,css_per_prsn,0.0,45
4736,2020-03-07,South Australia,New cases per week,4.0,45
4737,2020-03-07,South Australia,log10(Total cases),0.8450980400142568,45
4738,2020-03-07,South Australia,log10(New cases per week),0.6020599913279624,45
4739,2020-03-07,South Australia,Slope of power-law,1.1065895113302244,45
4740,2020-03-07,South Australia,Acceleration of power-law,-inf,45
4741,2020-03-07,South Australia,Growth Rate,14.814814814814813,45
4742,2020-03-07,South Australia,Days since first case,45.0,45
4743,2020-03-07,South Australia,Average Growth Rate,0.051327239879174785,45
4744,2020-03-07,South Australia,Doubling time,2.3097257945628655,45
4745,2020-03-07,Tasmania,Total cases,1.0,45
4746,2020-03-07,Tasmania,Total cases per million,1.941747572815534,45
4747,2020-03-07,Tasmania,New cases,0.0,45
4748,2020-03-07,Tasmania,css_per_prsn,0.0,45
4749,2020-03-07,Tasmania,New cases per week,1.0,45
4750,2020-03-07,Tasmania,log10(Total cases),0.0,45
4751,2020-03-07,Tasmania,log10(New cases per week),0.0,45
4752,2020-03-07,Tasmania,Slope of power-law,0.0,45
4753,2020-03-07,Tasmania,Acceleration of power-law,0.0,45
4754,2020-03-07,Tasmania,Growth Rate,0.0,45
4755,2020-03-07,Tasmania,Days since first case,45.0,45
4756,2020-03-07,Tasmania,Average Growth Rate,0.027005734307530335,45
4757,2020-03-07,Tasmania,Doubling time,1.2152580438388652,45
4758,2020-03-07,Victoria,Total cases,11.0,45
4759,2020-03-07,Victoria,Total cases per million,1.7298317345494574,45
4760,2020-03-07,Victoria,New cases,1.0,45
4761,2020-03-07,Victoria,css_per_prsn,0.15725743041358703,45
4762,2020-03-07,Victoria,New cases per week,4.0,45
4763,2020-03-07,Victoria,log10(Total cases),1.0413926851582251,45
4764,2020-03-07,Victoria,log10(New cases per week),0.6020599913279624,45
4765,2020-03-07,Victoria,Slope of power-law,1.3703965122171622,45
4766,2020-03-07,Victoria,Acceleration of power-law,-14.13419133424839,45
4767,2020-03-07,Victoria,Growth Rate,4.0,45
4768,2020-03-07,Victoria,Days since first case,45.0,45
4769,2020-03-07,Victoria,Average Growth Rate,0.07686046356644642,45
4770,2020-03-07,Victoria,Doubling time,3.458720860490089,45
4771,2020-03-07,Western Australia,Total cases,3.0,45
4772,2020-03-07,Western Australia,Total cases per million,1.1587485515643106,45
4773,2020-03-07,Western Australia,New cases,0.0,45
4774,2020-03-07,Western Australia,css_per_prsn,0.0,45
4775,2020-03-07,Western Australia,New cases per week,1.0,45
4776,2020-03-07,Western Australia,log10(Total cases),0.47712125471966244,45
4777,2020-03-07,Western Australia,log10(New cases per week),0.0,45
4778,2020-03-07,Western Australia,Slope of power-law,0.0,45
4779,2020-03-07,Western Australia,Acceleration of power-law,-inf,45
4780,2020-03-07,Western Australia,Growth Rate,7.6923076923076925,45
4781,2020-03-07,Western Australia,Days since first case,45.0,45
4782,2020-03-07,Western Australia,Average Growth Rate,0.04942821483713704,45
4783,2020-03-07,Western Australia,Doubling time,2.224269667671167,45
4784,2020-03-08,Australian Capital Territory,Total cases,0.0,46
4785,2020-03-08,Australian Capital Territory,Total cases per million,0.0,46
4786,2020-03-08,Australian Capital Territory,New cases,0.0,46
4787,2020-03-08,Australian Capital Territory,css_per_prsn,0.0,46
4788,2020-03-08,Australian Capital Territory,New cases per week,0.0,46
4789,2020-03-08,Australian Capital Territory,log10(Total cases),0.0,46
4790,2020-03-08,Australian Capital Territory,log10(New cases per week),0.0,46
4791,2020-03-08,Australian Capital Territory,Slope of power-law,0.0,46
4792,2020-03-08,Australian Capital Territory,Acceleration of power-law,0.0,46
4793,2020-03-08,Australian Capital Territory,Growth Rate,0.0,46
4794,2020-03-08,Australian Capital Territory,Days since first case,46.0,46
4795,2020-03-08,Australian Capital Territory,Average Growth Rate,0.0,46
4796,2020-03-08,Australian Capital Territory,Doubling time,0.0,46
4797,2020-03-08,New South Wales,Total cases,38.0,46
4798,2020-03-08,New South Wales,Total cases per million,5.03711558854719,46
4799,2020-03-08,New South Wales,New cases,10.0,46
4800,2020-03-08,New South Wales,css_per_prsn,1.325556733828208,46
4801,2020-03-08,New South Wales,New cases per week,32.0,46
4802,2020-03-08,New South Wales,log10(Total cases),1.5797835966168101,46
4803,2020-03-08,New South Wales,log10(New cases per week),1.505149978319906,46
4804,2020-03-08,New South Wales,Slope of power-law,1.539443223195211,46
4805,2020-03-08,New South Wales,Acceleration of power-law,-0.7069027150860847,46
4806,2020-03-08,New South Wales,Growth Rate,18.38235294117647,46
4807,2020-03-08,New South Wales,Days since first case,46.0,46
4808,2020-03-08,New South Wales,Average Growth Rate,0.028394833834040924,46
4809,2020-03-08,New South Wales,Doubling time,1.3061623563658826,46
4810,2020-03-08,Northern Territory,Total cases,0.0,46
4811,2020-03-08,Northern Territory,Total cases per million,0.0,46
4812,2020-03-08,Northern Territory,New cases,0.0,46
4813,2020-03-08,Northern Territory,css_per_prsn,0.0,46
4814,2020-03-08,Northern Territory,New cases per week,0.0,46
4815,2020-03-08,Northern Territory,log10(Total cases),0.0,46
4816,2020-03-08,Northern Territory,log10(New cases per week),0.0,46
4817,2020-03-08,Northern Territory,Slope of power-law,0.0,46
4818,2020-03-08,Northern Territory,Acceleration of power-law,0.0,46
4819,2020-03-08,Northern Territory,Growth Rate,0.0,46
4820,2020-03-08,Northern Territory,Days since first case,46.0,46
4821,2020-03-08,Northern Territory,Average Growth Rate,0.023104906018664842,46
4822,2020-03-08,Northern Territory,Doubling time,1.0628256768585826,46
4823,2020-03-08,Queensland,Total cases,15.0,46
4824,2020-03-08,Queensland,Total cases per million,2.9579964504042597,46
4825,2020-03-08,Queensland,New cases,2.0,46
4826,2020-03-08,Queensland,css_per_prsn,0.39439952672056794,46
4827,2020-03-08,Queensland,New cases per week,6.0,46
4828,2020-03-08,Queensland,log10(Total cases),1.1760912590556813,46
4829,2020-03-08,Queensland,log10(New cases per week),0.7781512503836436,46
4830,2020-03-08,Queensland,Slope of power-law,1.6309297535714573,46
4831,2020-03-08,Queensland,Acceleration of power-law,2.8977582743170696,46
4832,2020-03-08,Queensland,Growth Rate,6.153846153846154,46
4833,2020-03-08,Queensland,Days since first case,46.0,46
4834,2020-03-08,Queensland,Average Growth Rate,0.08769389405433407,46
4835,2020-03-08,Queensland,Doubling time,4.0339191264993675,46
4836,2020-03-08,South Australia,Total cases,7.0,46
4837,2020-03-08,South Australia,Total cases per million,4.174120453190221,46
4838,2020-03-08,South Australia,New cases,0.0,46
4839,2020-03-08,South Australia,css_per_prsn,0.0,46
4840,2020-03-08,South Australia,New cases per week,4.0,46
4841,2020-03-08,South Australia,log10(Total cases),0.8450980400142568,46
4842,2020-03-08,South Australia,log10(New cases per week),0.6020599913279624,46
4843,2020-03-08,South Australia,Slope of power-law,1.1065895113302244,46
4844,2020-03-08,South Australia,Acceleration of power-law,0.0,46
4845,2020-03-08,South Australia,Growth Rate,12.903225806451612,46
4846,2020-03-08,South Australia,Days since first case,46.0,46
4847,2020-03-08,South Australia,Average Growth Rate,0.04729267585269137,46
4848,2020-03-08,South Australia,Doubling time,2.175463089223803,46
4849,2020-03-08,Tasmania,Total cases,2.0,46
4850,2020-03-08,Tasmania,Total cases per million,3.883495145631068,46
4851,2020-03-08,Tasmania,New cases,1.0,46
4852,2020-03-08,Tasmania,css_per_prsn,1.941747572815534,46
4853,2020-03-08,Tasmania,New cases per week,2.0,46
4854,2020-03-08,Tasmania,log10(Total cases),0.3010299956639812,46
4855,2020-03-08,Tasmania,log10(New cases per week),0.3010299956639812,46
4856,2020-03-08,Tasmania,Slope of power-law,1.0,46
4857,2020-03-08,Tasmania,Acceleration of power-law,0.0,46
4858,2020-03-08,Tasmania,Growth Rate,16.666666666666668,46
4859,2020-03-08,Tasmania,Days since first case,46.0,46
4860,2020-03-08,Tasmania,Average Growth Rate,0.03648143055578659,46
4861,2020-03-08,Tasmania,Doubling time,1.6781458055661833,46
4862,2020-03-08,Victoria,Total cases,11.0,46
4863,2020-03-08,Victoria,Total cases per million,1.7298317345494574,46
4864,2020-03-08,Victoria,New cases,0.0,46
4865,2020-03-08,Victoria,css_per_prsn,0.0,46
4866,2020-03-08,Victoria,New cases per week,4.0,46
4867,2020-03-08,Victoria,log10(Total cases),1.0413926851582251,46
4868,2020-03-08,Victoria,log10(New cases per week),0.6020599913279624,46
4869,2020-03-08,Victoria,Slope of power-law,1.3703965122171622,46
4870,2020-03-08,Victoria,Acceleration of power-law,0.0,46
4871,2020-03-08,Victoria,Growth Rate,3.8461538461538463,46
4872,2020-03-08,Victoria,Days since first case,46.0,46
4873,2020-03-08,Victoria,Average Growth Rate,0.098883902643046,46
4874,2020-03-08,Victoria,Doubling time,4.548659521580116,46
4875,2020-03-08,Western Australia,Total cases,3.0,46
4876,2020-03-08,Western Australia,Total cases per million,1.1587485515643106,46
4877,2020-03-08,Western Australia,New cases,0.0,46
4878,2020-03-08,Western Australia,css_per_prsn,0.0,46
4879,2020-03-08,Western Australia,New cases per week,1.0,46
4880,2020-03-08,Western Australia,log10(Total cases),0.47712125471966244,46
4881,2020-03-08,Western Australia,log10(New cases per week),0.0,46
4882,2020-03-08,Western Australia,Slope of power-law,0.0,46
4883,2020-03-08,Western Australia,Acceleration of power-law,0.0,46
4884,2020-03-08,Western Australia,Growth Rate,7.142857142857144,46
4885,2020-03-08,Western Australia,Days since first case,46.0,46
4886,2020-03-08,Western Australia,Average Growth Rate,0.06631793364200193,46
4887,2020-03-08,Western Australia,Doubling time,3.050624947532089,46
4888,2020-03-09,Australian Capital Territory,Total cases,0.0,47
4889,2020-03-09,Australian Capital Territory,Total cases per million,0.0,47
4890,2020-03-09,Australian Capital Territory,New cases,0.0,47
4891,2020-03-09,Australian Capital Territory,css_per_prsn,0.0,47
4892,2020-03-09,Australian Capital Territory,New cases per week,0.0,47
4893,2020-03-09,Australian Capital Territory,log10(Total cases),0.0,47
4894,2020-03-09,Australian Capital Territory,log10(New cases per week),0.0,47
4895,2020-03-09,Australian Capital Territory,Slope of power-law,0.0,47
4896,2020-03-09,Australian Capital Territory,Acceleration of power-law,0.0,47
4897,2020-03-09,Australian Capital Territory,Growth Rate,0.0,47
4898,2020-03-09,Australian Capital Territory,Days since first case,47.0,47
4899,2020-03-09,Australian Capital Territory,Average Growth Rate,0.0,47
4900,2020-03-09,Australian Capital Territory,Doubling time,0.0,47
4901,2020-03-09,New South Wales,Total cases,48.0,47
4902,2020-03-09,New South Wales,Total cases per million,6.362672322375398,47
4903,2020-03-09,New South Wales,New cases,10.0,47
4904,2020-03-09,New South Wales,css_per_prsn,1.325556733828208,47
4905,2020-03-09,New South Wales,New cases per week,42.0,47
4906,2020-03-09,New South Wales,log10(Total cases),1.6812412373755872,47
4907,2020-03-09,New South Wales,log10(New cases per week),1.6232492903979006,47
4908,2020-03-09,New South Wales,Slope of power-law,1.5041489057958166,47
4909,2020-03-09,New South Wales,Acceleration of power-law,-0.34787244346938145,47
4910,2020-03-09,New South Wales,Growth Rate,16.049382716049383,47
4911,2020-03-09,New South Wales,Days since first case,47.0,47
4912,2020-03-09,New South Wales,Average Growth Rate,0.03370996667101565,47
4913,2020-03-09,New South Wales,Doubling time,1.5843684335377355,47
4914,2020-03-09,Northern Territory,Total cases,0.0,47
4915,2020-03-09,Northern Territory,Total cases per million,0.0,47
4916,2020-03-09,Northern Territory,New cases,0.0,47
4917,2020-03-09,Northern Territory,css_per_prsn,0.0,47
4918,2020-03-09,Northern Territory,New cases per week,0.0,47
4919,2020-03-09,Northern Territory,log10(Total cases),0.0,47
4920,2020-03-09,Northern Territory,log10(New cases per week),0.0,47
4921,2020-03-09,Northern Territory,Slope of power-law,0.0,47
4922,2020-03-09,Northern Territory,Acceleration of power-law,0.0,47
4923,2020-03-09,Northern Territory,Growth Rate,-100.0,47
4924,2020-03-09,Northern Territory,Days since first case,47.0,47
4925,2020-03-09,Northern Territory,Average Growth Rate,-0.06931471805599453,47
4926,2020-03-09,Northern Territory,Doubling time,-3.257791748631743,47
4927,2020-03-09,Queensland,Total cases,15.0,47
4928,2020-03-09,Queensland,Total cases per million,2.9579964504042597,47
4929,2020-03-09,Queensland,New cases,0.0,47
4930,2020-03-09,Queensland,css_per_prsn,0.0,47
4931,2020-03-09,Queensland,New cases per week,6.0,47
4932,2020-03-09,Queensland,log10(Total cases),1.1760912590556813,47
4933,2020-03-09,Queensland,log10(New cases per week),0.7781512503836436,47
4934,2020-03-09,Queensland,Slope of power-law,1.6309297535714573,47
4935,2020-03-09,Queensland,Acceleration of power-law,0.0,47
4936,2020-03-09,Queensland,Growth Rate,5.797101449275362,47
4937,2020-03-09,Queensland,Days since first case,47.0,47
4938,2020-03-09,Queensland,Average Growth Rate,0.10479036939164653,47
4939,2020-03-09,Queensland,Doubling time,4.925147361407387,47
4940,2020-03-09,South Australia,Total cases,7.0,47
4941,2020-03-09,South Australia,Total cases per million,4.174120453190221,47
4942,2020-03-09,South Australia,New cases,0.0,47
4943,2020-03-09,South Australia,css_per_prsn,0.0,47
4944,2020-03-09,South Australia,New cases per week,4.0,47
4945,2020-03-09,South Australia,log10(Total cases),0.8450980400142568,47
4946,2020-03-09,South Australia,log10(New cases per week),0.6020599913279624,47
4947,2020-03-09,South Australia,Slope of power-law,1.1065895113302244,47
4948,2020-03-09,South Australia,Acceleration of power-law,0.0,47
4949,2020-03-09,South Australia,Growth Rate,6.060606060606061,47
4950,2020-03-09,South Australia,Days since first case,47.0,47
4951,2020-03-09,South Australia,Average Growth Rate,0.05617415901285521,47
4952,2020-03-09,South Australia,Doubling time,2.6401854736041948,47
4953,2020-03-09,Tasmania,Total cases,2.0,47
4954,2020-03-09,Tasmania,Total cases per million,3.883495145631068,47
4955,2020-03-09,Tasmania,New cases,0.0,47
4956,2020-03-09,Tasmania,css_per_prsn,0.0,47
4957,2020-03-09,Tasmania,New cases per week,1.0,47
4958,2020-03-09,Tasmania,log10(Total cases),0.3010299956639812,47
4959,2020-03-09,Tasmania,log10(New cases per week),0.0,47
4960,2020-03-09,Tasmania,Slope of power-law,0.0,47
4961,2020-03-09,Tasmania,Acceleration of power-law,-inf,47
4962,2020-03-09,Tasmania,Growth Rate,14.285714285714288,47
4963,2020-03-09,Tasmania,Days since first case,47.0,47
4964,2020-03-09,Tasmania,Average Growth Rate,0.04563037865755125,47
4965,2020-03-09,Tasmania,Doubling time,2.1446277969049086,47
4966,2020-03-09,Victoria,Total cases,15.0,47
4967,2020-03-09,Victoria,Total cases per million,2.3588614562038055,47
4968,2020-03-09,Victoria,New cases,4.0,47
4969,2020-03-09,Victoria,css_per_prsn,0.6290297216543481,47
4970,2020-03-09,Victoria,New cases per week,6.0,47
4971,2020-03-09,Victoria,log10(Total cases),1.1760912590556813,47
4972,2020-03-09,Victoria,log10(New cases per week),0.7781512503836436,47
4973,2020-03-09,Victoria,Slope of power-law,1.3555903556681257,47
4974,2020-03-09,Victoria,Acceleration of power-law,-0.10992066300797051,47
4975,2020-03-09,Victoria,Growth Rate,8.771929824561402,47
4976,2020-03-09,Victoria,Days since first case,47.0,47
4977,2020-03-09,Victoria,Average Growth Rate,0.11734434397480474,47
4978,2020-03-09,Victoria,Doubling time,5.515184166815823,47
4979,2020-03-09,Western Australia,Total cases,4.0,47
4980,2020-03-09,Western Australia,Total cases per million,1.544998068752414,47
4981,2020-03-09,Western Australia,New cases,1.0,47
4982,2020-03-09,Western Australia,css_per_prsn,0.3862495171881035,47
4983,2020-03-09,Western Australia,New cases per week,2.0,47
4984,2020-03-09,Western Australia,log10(Total cases),0.6020599913279624,47
4985,2020-03-09,Western Australia,log10(New cases per week),0.3010299956639812,47
4986,2020-03-09,Western Australia,Slope of power-law,0.5,47
4987,2020-03-09,Western Australia,Acceleration of power-law,4.001961389825547,47
4988,2020-03-09,Western Australia,Growth Rate,12.5,47
4989,2020-03-09,Western Australia,Days since first case,47.0,47
4990,2020-03-09,Western Australia,Average Growth Rate,0.07743033509612256,47
4991,2020-03-09,Western Australia,Doubling time,3.63922574951776,47
4992,2020-03-10,Australian Capital Territory,Total cases,0.0,48
4993,2020-03-10,Australian Capital Territory,Total cases per million,0.0,48
4994,2020-03-10,Australian Capital Territory,New cases,0.0,48
4995,2020-03-10,Australian Capital Territory,css_per_prsn,0.0,48
4996,2020-03-10,Australian Capital Territory,New cases per week,0.0,48
4997,2020-03-10,Australian Capital Territory,log10(Total cases),0.0,48
4998,2020-03-10,Australian Capital Territory,log10(New cases per week),0.0,48
4999,2020-03-10,Australian Capital Territory,Slope of power-law,0.0,48
5000,2020-03-10,Australian Capital Territory,Acceleration of power-law,0.0,48
5001,2020-03-10,Australian Capital Territory,Growth Rate,0.0,48
5002,2020-03-10,Australian Capital Territory,Days since first case,48.0,48
5003,2020-03-10,Australian Capital Territory,Average Growth Rate,0.0,48
5004,2020-03-10,Australian Capital Territory,Doubling time,0.0,48
5005,2020-03-10,New South Wales,Total cases,55.0,48
5006,2020-03-10,New South Wales,Total cases per million,7.290562036055143,48
5007,2020-03-10,New South Wales,New cases,7.0,48
5008,2020-03-10,New South Wales,css_per_prsn,0.9278897136797456,48
5009,2020-03-10,New South Wales,New cases per week,42.0,48
5010,2020-03-10,New South Wales,log10(Total cases),1.7403626894942439,48
5011,2020-03-10,New South Wales,log10(New cases per week),1.6232492903979006,48
5012,2020-03-10,New South Wales,Slope of power-law,1.4260260412391457,48
5013,2020-03-10,New South Wales,Acceleration of power-law,-1.3213962404015114,48
5014,2020-03-10,New South Wales,Growth Rate,16.92307692307692,48
5015,2020-03-10,New South Wales,Days since first case,48.0,48
5016,2020-03-10,New South Wales,Average Growth Rate,0.03700869044191117,48
5017,2020-03-10,New South Wales,Doubling time,1.7764171412117362,48
5018,2020-03-10,Northern Territory,Total cases,1.0,48
5019,2020-03-10,Northern Territory,Total cases per million,4.093327875562832,48
5020,2020-03-10,Northern Territory,New cases,1.0,48
5021,2020-03-10,Northern Territory,css_per_prsn,4.093327875562832,48
5022,2020-03-10,Northern Territory,New cases per week,1.0,48
5023,2020-03-10,Northern Territory,log10(Total cases),0.0,48
5024,2020-03-10,Northern Territory,log10(New cases per week),0.0,48
5025,2020-03-10,Northern Territory,Slope of power-law,0.0,48
5026,2020-03-10,Northern Territory,Acceleration of power-law,0.0,48
5027,2020-03-10,Northern Territory,Growth Rate,0.0,48
5028,2020-03-10,Northern Territory,Days since first case,48.0,48
5029,2020-03-10,Northern Territory,Average Growth Rate,-0.03465735902799726,48
5030,2020-03-10,Northern Territory,Doubling time,-1.6635532333438685,48
5031,2020-03-10,Queensland,Total cases,18.0,48
5032,2020-03-10,Queensland,Total cases per million,3.5495957404851115,48
5033,2020-03-10,Queensland,New cases,3.0,48
5034,2020-03-10,Queensland,css_per_prsn,0.5915992900808519,48
5035,2020-03-10,Queensland,New cases per week,7.0,48
5036,2020-03-10,Queensland,log10(Total cases),1.255272505103306,48
5037,2020-03-10,Queensland,log10(New cases per week),0.8450980400142568,48
5038,2020-03-10,Queensland,Slope of power-law,0.8073549220576042,48
5039,2020-03-10,Queensland,Acceleration of power-law,-10.401135024049793,48
5040,2020-03-10,Queensland,Growth Rate,6.756756756756756,48
5041,2020-03-10,Queensland,Days since first case,48.0,48
5042,2020-03-10,Queensland,Average Growth Rate,0.10735607386178538,48
5043,2020-03-10,Queensland,Doubling time,5.153091545365698,48
5044,2020-03-10,South Australia,Total cases,7.0,48
5045,2020-03-10,South Australia,Total cases per million,4.174120453190221,48
5046,2020-03-10,South Australia,New cases,0.0,48
5047,2020-03-10,South Australia,css_per_prsn,0.0,48
5048,2020-03-10,South Australia,New cases per week,4.0,48
5049,2020-03-10,South Australia,log10(Total cases),0.8450980400142568,48
5050,2020-03-10,South Australia,log10(New cases per week),0.6020599913279624,48
5051,2020-03-10,South Australia,Slope of power-law,1.6361357982025033,48
5052,2020-03-10,South Australia,Acceleration of power-law,inf,48
5053,2020-03-10,South Australia,Growth Rate,5.714285714285714,48
5054,2020-03-10,South Australia,Days since first case,48.0,48
5055,2020-03-10,South Australia,Average Growth Rate,0.060926121209954345,48
5056,2020-03-10,South Australia,Doubling time,2.924453818077809,48
5057,2020-03-10,Tasmania,Total cases,2.0,48
5058,2020-03-10,Tasmania,Total cases per million,3.883495145631068,48
5059,2020-03-10,Tasmania,New cases,0.0,48
5060,2020-03-10,Tasmania,css_per_prsn,0.0,48
5061,2020-03-10,Tasmania,New cases per week,1.0,48
5062,2020-03-10,Tasmania,log10(Total cases),0.3010299956639812,48
5063,2020-03-10,Tasmania,log10(New cases per week),0.0,48
5064,2020-03-10,Tasmania,Slope of power-law,0.0,48
5065,2020-03-10,Tasmania,Acceleration of power-law,0.0,48
5066,2020-03-10,Tasmania,Growth Rate,12.5,48
5067,2020-03-10,Tasmania,Days since first case,48.0,48
5068,2020-03-10,Tasmania,Average Growth Rate,0.054619477642622316,48
5069,2020-03-10,Tasmania,Doubling time,2.621734926845871,48
5070,2020-03-10,Victoria,Total cases,18.0,48
5071,2020-03-10,Victoria,Total cases per million,2.830633747444567,48
5072,2020-03-10,Victoria,New cases,3.0,48
5073,2020-03-10,Victoria,css_per_prsn,0.47177229124076114,48
5074,2020-03-10,Victoria,New cases per week,9.0,48
5075,2020-03-10,Victoria,log10(Total cases),1.255272505103306,48
5076,2020-03-10,Victoria,log10(New cases per week),0.9542425094393249,48
5077,2020-03-10,Victoria,Slope of power-law,1.1632154005883302,48
5078,2020-03-10,Victoria,Acceleration of power-law,-2.4295520048281247,48
5079,2020-03-10,Victoria,Growth Rate,12.307692307692308,48
5080,2020-03-10,Victoria,Days since first case,48.0,48
5081,2020-03-10,Victoria,Average Growth Rate,0.0985262103365437,48
5082,2020-03-10,Victoria,Doubling time,4.729258096154098,48
5083,2020-03-10,Western Australia,Total cases,6.0,48
5084,2020-03-10,Western Australia,Total cases per million,2.317497103128621,48
5085,2020-03-10,Western Australia,New cases,2.0,48
5086,2020-03-10,Western Australia,css_per_prsn,0.772499034376207,48
5087,2020-03-10,Western Australia,New cases per week,4.0,48
5088,2020-03-10,Western Australia,log10(Total cases),0.7781512503836436,48
5089,2020-03-10,Western Australia,log10(New cases per week),0.6020599913279624,48
5090,2020-03-10,Western Australia,Slope of power-law,0.6309297535714574,48
5091,2020-03-10,Western Australia,Acceleration of power-law,0.7435335193444017,48
5092,2020-03-10,Western Australia,Growth Rate,15.789473684210526,48
5093,2020-03-10,Western Australia,Days since first case,48.0,48
5094,2020-03-10,Western Australia,Average Growth Rate,0.06735080645463279,48
5095,2020-03-10,Western Australia,Doubling time,3.232838709822374,48
5096,2020-03-11,Australian Capital Territory,Total cases,0.0,49
5097,2020-03-11,Australian Capital Territory,Total cases per million,0.0,49
5098,2020-03-11,Australian Capital Territory,New cases,0.0,49
5099,2020-03-11,Australian Capital Territory,css_per_prsn,0.0,49
5100,2020-03-11,Australian Capital Territory,New cases per week,0.0,49
5101,2020-03-11,Australian Capital Territory,log10(Total cases),0.0,49
5102,2020-03-11,Australian Capital Territory,log10(New cases per week),0.0,49
5103,2020-03-11,Australian Capital Territory,Slope of power-law,0.0,49
5104,2020-03-11,Australian Capital Territory,Acceleration of power-law,0.0,49
5105,2020-03-11,Australian Capital Territory,Growth Rate,0.0,49
5106,2020-03-11,Australian Capital Territory,Days since first case,49.0,49
5107,2020-03-11,Australian Capital Territory,Average Growth Rate,0.0,49
5108,2020-03-11,Australian Capital Territory,Doubling time,0.0,49
5109,2020-03-11,New South Wales,Total cases,65.0,49
5110,2020-03-11,New South Wales,Total cases per million,8.616118769883352,49
5111,2020-03-11,New South Wales,New cases,10.0,49
5112,2020-03-11,New South Wales,css_per_prsn,1.325556733828208,49
5113,2020-03-11,New South Wales,New cases per week,43.0,49
5114,2020-03-11,New South Wales,log10(Total cases),1.8129133566428555,49
5115,2020-03-11,New South Wales,log10(New cases per week),1.6334684555795864,49
5116,2020-03-11,New South Wales,Slope of power-law,1.2876761256097102,49
5117,2020-03-11,New South Wales,Acceleration of power-law,-1.9069420181352954,49
5118,2020-03-11,New South Wales,Growth Rate,16.666666666666668,49
5119,2020-03-11,New South Wales,Days since first case,49.0,49
5120,2020-03-11,New South Wales,Average Growth Rate,0.03945451558229562,49
5121,2020-03-11,New South Wales,Doubling time,1.9332712635324851,49
5122,2020-03-11,Northern Territory,Total cases,1.0,49
5123,2020-03-11,Northern Territory,Total cases per million,4.093327875562832,49
5124,2020-03-11,Northern Territory,New cases,0.0,49
5125,2020-03-11,Northern Territory,css_per_prsn,0.0,49
5126,2020-03-11,Northern Territory,New cases per week,0.0,49
5127,2020-03-11,Northern Territory,log10(Total cases),0.0,49
5128,2020-03-11,Northern Territory,log10(New cases per week),0.0,49
5129,2020-03-11,Northern Territory,Slope of power-law,0.0,49
5130,2020-03-11,Northern Territory,Acceleration of power-law,0.0,49
5131,2020-03-11,Northern Territory,Growth Rate,50.0,49
5132,2020-03-11,Northern Territory,Days since first case,49.0,49
5133,2020-03-11,Northern Territory,Average Growth Rate,-0.06931471805599453,49
5134,2020-03-11,Northern Territory,Doubling time,-3.3964211847437316,49
5135,2020-03-11,Queensland,Total cases,20.0,49
5136,2020-03-11,Queensland,Total cases per million,3.9439952672056795,49
5137,2020-03-11,Queensland,New cases,2.0,49
5138,2020-03-11,Queensland,css_per_prsn,0.39439952672056794,49
5139,2020-03-11,Queensland,New cases per week,9.0,49
5140,2020-03-11,Queensland,log10(Total cases),1.3010299956639813,49
5141,2020-03-11,Queensland,log10(New cases per week),0.9542425094393249,49
5142,2020-03-11,Queensland,Slope of power-law,1.0155571700277877,49
5143,2020-03-11,Queensland,Acceleration of power-law,4.550123824952848,49
5144,2020-03-11,Queensland,Growth Rate,8.641975308641975,49
5145,2020-03-11,Queensland,Days since first case,49.0,49
5146,2020-03-11,Queensland,Average Growth Rate,0.10221282052448097,49
5147,2020-03-11,Queensland,Doubling time,5.008428205699567,49
5148,2020-03-11,South Australia,Total cases,9.0,49
5149,2020-03-11,South Australia,Total cases per million,5.366726296958855,49
5150,2020-03-11,South Australia,New cases,2.0,49
5151,2020-03-11,South Australia,css_per_prsn,1.1926058437686344,49
5152,2020-03-11,South Australia,New cases per week,4.0,49
5153,2020-03-11,South Australia,log10(Total cases),0.9542425094393249,49
5154,2020-03-11,South Australia,log10(New cases per week),0.6020599913279624,49
5155,2020-03-11,South Australia,Slope of power-law,1.2618595071429148,49
5156,2020-03-11,South Australia,Acceleration of power-law,-3.4291823766347025,49
5157,2020-03-11,South Australia,Growth Rate,5.405405405405405,49
5158,2020-03-11,South Australia,Days since first case,49.0,49
5159,2020-03-11,South Australia,Average Growth Rate,0.07719073962419673,49
5160,2020-03-11,South Australia,Doubling time,3.78234624158564,49
5161,2020-03-11,Tasmania,Total cases,3.0,49
5162,2020-03-11,Tasmania,Total cases per million,5.825242718446602,49
5163,2020-03-11,Tasmania,New cases,1.0,49
5164,2020-03-11,Tasmania,css_per_prsn,1.941747572815534,49
5165,2020-03-11,Tasmania,New cases per week,2.0,49
5166,2020-03-11,Tasmania,log10(Total cases),0.47712125471966244,49
5167,2020-03-11,Tasmania,log10(New cases per week),0.3010299956639812,49
5168,2020-03-11,Tasmania,Slope of power-law,0.6309297535714574,49
5169,2020-03-11,Tasmania,Acceleration of power-law,3.5829703129781882,49
5170,2020-03-11,Tasmania,Growth Rate,20.0,49
5171,2020-03-11,Tasmania,Days since first case,49.0,49
5172,2020-03-11,Tasmania,Average Growth Rate,0.054619477642622316,49
5173,2020-03-11,Tasmania,Doubling time,2.6763544044884933,49
5174,2020-03-11,Victoria,Total cases,21.0,49
5175,2020-03-11,Victoria,Total cases per million,3.302406038685328,49
5176,2020-03-11,Victoria,New cases,3.0,49
5177,2020-03-11,Victoria,css_per_prsn,0.47177229124076114,49
5178,2020-03-11,Victoria,New cases per week,11.0,49
5179,2020-03-11,Victoria,log10(Total cases),1.3222192947339193,49
5180,2020-03-11,Victoria,log10(New cases per week),1.0413926851582251,49
5181,2020-03-11,Victoria,Slope of power-law,1.1826583386441383,49
5182,2020-03-11,Victoria,Acceleration of power-law,0.2904237553897174,49
5183,2020-03-11,Victoria,Growth Rate,14.473684210526317,49
5184,2020-03-11,Victoria,Days since first case,49.0,49
5185,2020-03-11,Victoria,Average Growth Rate,0.07985665922368843,49
5186,2020-03-11,Victoria,Doubling time,3.912976301960733,49
5187,2020-03-11,Western Australia,Total cases,9.0,49
5188,2020-03-11,Western Australia,Total cases per million,3.476245654692932,49
5189,2020-03-11,Western Australia,New cases,3.0,49
5190,2020-03-11,Western Australia,css_per_prsn,1.1587485515643106,49
5191,2020-03-11,Western Australia,New cases per week,7.0,49
5192,2020-03-11,Western Australia,log10(Total cases),0.9542425094393249,49
5193,2020-03-11,Western Australia,log10(New cases per week),0.8450980400142568,49
5194,2020-03-11,Western Australia,Slope of power-law,0.8329112392623182,49
5195,2020-03-11,Western Australia,Acceleration of power-law,1.1470273242068927,49
5196,2020-03-11,Western Australia,Growth Rate,24.0,49
5197,2020-03-11,Western Australia,Days since first case,49.0,49
5198,2020-03-11,Western Australia,Average Growth Rate,0.051631352946494444,49
5199,2020-03-11,Western Australia,Doubling time,2.5299362943782278,49
5200,2020-03-12,Australian Capital Territory,Total cases,0.0,50
5201,2020-03-12,Australian Capital Territory,Total cases per million,0.0,50
5202,2020-03-12,Australian Capital Territory,New cases,0.0,50
5203,2020-03-12,Australian Capital Territory,css_per_prsn,0.0,50
5204,2020-03-12,Australian Capital Territory,New cases per week,0.0,50
5205,2020-03-12,Australian Capital Territory,log10(Total cases),0.0,50
5206,2020-03-12,Australian Capital Territory,log10(New cases per week),0.0,50
5207,2020-03-12,Australian Capital Territory,Slope of power-law,0.0,50
5208,2020-03-12,Australian Capital Territory,Acceleration of power-law,0.0,50
5209,2020-03-12,Australian Capital Territory,Growth Rate,0.0,50
5210,2020-03-12,Australian Capital Territory,Days since first case,50.0,50
5211,2020-03-12,Australian Capital Territory,Average Growth Rate,0.0,50
5212,2020-03-12,Australian Capital Territory,Doubling time,0.0,50
5213,2020-03-12,New South Wales,Total cases,65.0,50
5214,2020-03-12,New South Wales,Total cases per million,8.616118769883352,50
5215,2020-03-12,New South Wales,New cases,0.0,50
5216,2020-03-12,New South Wales,css_per_prsn,0.0,50
5217,2020-03-12,New South Wales,New cases per week,43.0,50
5218,2020-03-12,New South Wales,log10(Total cases),1.8129133566428555,50
5219,2020-03-12,New South Wales,log10(New cases per week),1.6334684555795864,50
5220,2020-03-12,New South Wales,Slope of power-law,1.2876761256097102,50
5221,2020-03-12,New South Wales,Acceleration of power-law,0.0,50
5222,2020-03-12,New South Wales,Growth Rate,13.653136531365314,50
5223,2020-03-12,New South Wales,Days since first case,50.0,50
5224,2020-03-12,New South Wales,Average Growth Rate,0.042433452178162044,50
5225,2020-03-12,New South Wales,Doubling time,2.1216726089081024,50
5226,2020-03-12,Northern Territory,Total cases,1.0,50
5227,2020-03-12,Northern Territory,Total cases per million,4.093327875562832,50
5228,2020-03-12,Northern Territory,New cases,0.0,50
5229,2020-03-12,Northern Territory,css_per_prsn,0.0,50
5230,2020-03-12,Northern Territory,New cases per week,0.0,50
5231,2020-03-12,Northern Territory,log10(Total cases),0.0,50
5232,2020-03-12,Northern Territory,log10(New cases per week),0.0,50
5233,2020-03-12,Northern Territory,Slope of power-law,0.0,50
5234,2020-03-12,Northern Territory,Acceleration of power-law,0.0,50
5235,2020-03-12,Northern Territory,Growth Rate,33.333333333333336,50
5236,2020-03-12,Northern Territory,Days since first case,50.0,50
5237,2020-03-12,Northern Territory,Average Growth Rate,-0.2079441541679836,50
5238,2020-03-12,Northern Territory,Doubling time,-10.39720770839918,50
5239,2020-03-12,Queensland,Total cases,20.0,50
5240,2020-03-12,Queensland,Total cases per million,3.9439952672056795,50
5241,2020-03-12,Queensland,New cases,0.0,50
5242,2020-03-12,Queensland,css_per_prsn,0.0,50
5243,2020-03-12,Queensland,New cases per week,7.0,50
5244,2020-03-12,Queensland,log10(Total cases),1.3010299956639813,50
5245,2020-03-12,Queensland,log10(New cases per week),0.8450980400142568,50
5246,2020-03-12,Queensland,Slope of power-law,0.7008270434788675,50
5247,2020-03-12,Queensland,Acceleration of power-law,-inf,50
5248,2020-03-12,Queensland,Growth Rate,7.954545454545453,50
5249,2020-03-12,Queensland,Days since first case,50.0,50
5250,2020-03-12,Queensland,Average Growth Rate,0.09816773745121567,50
5251,2020-03-12,Queensland,Doubling time,4.908386872560784,50
5252,2020-03-12,South Australia,Total cases,9.0,50
5253,2020-03-12,South Australia,Total cases per million,5.366726296958855,50
5254,2020-03-12,South Australia,New cases,0.0,50
5255,2020-03-12,South Australia,css_per_prsn,0.0,50
5256,2020-03-12,South Australia,New cases per week,4.0,50
5257,2020-03-12,South Australia,log10(Total cases),0.9542425094393249,50
5258,2020-03-12,South Australia,log10(New cases per week),0.6020599913279624,50
5259,2020-03-12,South Australia,Slope of power-law,1.2618595071429148,50
5260,2020-03-12,South Australia,Acceleration of power-law,0.0,50
5261,2020-03-12,South Australia,Growth Rate,5.128205128205129,50
5262,2020-03-12,South Australia,Days since first case,50.0,50
5263,2020-03-12,South Australia,Average Growth Rate,0.09842561238361593,50
5264,2020-03-12,South Australia,Doubling time,4.921280619180797,50
5265,2020-03-12,Tasmania,Total cases,3.0,50
5266,2020-03-12,Tasmania,Total cases per million,5.825242718446602,50
5267,2020-03-12,Tasmania,New cases,0.0,50
5268,2020-03-12,Tasmania,css_per_prsn,0.0,50
5269,2020-03-12,Tasmania,New cases per week,2.0,50
5270,2020-03-12,Tasmania,log10(Total cases),0.47712125471966244,50
5271,2020-03-12,Tasmania,log10(New cases per week),0.3010299956639812,50
5272,2020-03-12,Tasmania,Slope of power-law,0.6309297535714574,50
5273,2020-03-12,Tasmania,Acceleration of power-law,0.0,50
5274,2020-03-12,Tasmania,Growth Rate,16.666666666666668,50
5275,2020-03-12,Tasmania,Days since first case,50.0,50
5276,2020-03-12,Tasmania,Average Growth Rate,0.0432573277615419,50
5277,2020-03-12,Tasmania,Doubling time,2.162866388077095,50
5278,2020-03-12,Victoria,Total cases,21.0,50
5279,2020-03-12,Victoria,Total cases per million,3.302406038685328,50
5280,2020-03-12,Victoria,New cases,0.0,50
5281,2020-03-12,Victoria,css_per_prsn,0.0,50
5282,2020-03-12,Victoria,New cases per week,11.0,50
5283,2020-03-12,Victoria,log10(Total cases),1.3222192947339193,50
5284,2020-03-12,Victoria,log10(New cases per week),1.0413926851582251,50
5285,2020-03-12,Victoria,Slope of power-law,0.9305551178943801,50
5286,2020-03-12,Victoria,Acceleration of power-law,-inf,50
5287,2020-03-12,Victoria,Growth Rate,11.627906976744185,50
5288,2020-03-12,Victoria,Days since first case,50.0,50
5289,2020-03-12,Victoria,Average Growth Rate,0.06791915976278005,50
5290,2020-03-12,Victoria,Doubling time,3.3959579881390027,50
5291,2020-03-12,Western Australia,Total cases,9.0,50
5292,2020-03-12,Western Australia,Total cases per million,3.476245654692932,50
5293,2020-03-12,Western Australia,New cases,0.0,50
5294,2020-03-12,Western Australia,css_per_prsn,0.0,50
5295,2020-03-12,Western Australia,New cases per week,6.0,50
5296,2020-03-12,Western Australia,log10(Total cases),0.9542425094393249,50
5297,2020-03-12,Western Australia,log10(New cases per week),0.7781512503836436,50
5298,2020-03-12,Western Australia,Slope of power-law,0.730422710309185,50
5299,2020-03-12,Western Australia,Acceleration of power-law,-inf,50
5300,2020-03-12,Western Australia,Growth Rate,19.35483870967742,50
5301,2020-03-12,Western Australia,Days since first case,50.0,50
5302,2020-03-12,Western Australia,Average Growth Rate,0.043988582445309975,50
5303,2020-03-12,Western Australia,Doubling time,2.199429122265499,50
5304,2020-03-13,Australian Capital Territory,Total cases,1.0,51
5305,2020-03-13,Australian Capital Territory,Total cases per million,2.6315789473684212,51
5306,2020-03-13,Australian Capital Territory,New cases,1.0,51
5307,2020-03-13,Australian Capital Territory,css_per_prsn,2.6315789473684212,51
5308,2020-03-13,Australian Capital Territory,New cases per week,1.0,51
5309,2020-03-13,Australian Capital Territory,log10(Total cases),0.0,51
5310,2020-03-13,Australian Capital Territory,log10(New cases per week),0.0,51
5311,2020-03-13,Australian Capital Territory,Slope of power-law,0.0,51
5312,2020-03-13,Australian Capital Territory,Acceleration of power-law,0.0,51
5313,2020-03-13,Australian Capital Territory,Growth Rate,100.0,51
5314,2020-03-13,Australian Capital Territory,Days since first case,51.0,51
5315,2020-03-13,Australian Capital Territory,Average Growth Rate,0.0,51
5316,2020-03-13,Australian Capital Territory,Doubling time,0.0,51
5317,2020-03-13,New South Wales,Total cases,92.0,51
5318,2020-03-13,New South Wales,Total cases per million,12.195121951219512,51
5319,2020-03-13,New South Wales,New cases,27.0,51
5320,2020-03-13,New South Wales,css_per_prsn,3.5790031813361614,51
5321,2020-03-13,New South Wales,New cases per week,66.0,51
5322,2020-03-13,New South Wales,log10(Total cases),1.9637878273455553,51
5323,2020-03-13,New South Wales,log10(New cases per week),1.8195439355418688,51
5324,2020-03-13,New South Wales,Slope of power-law,1.0181879761742536,51
5325,2020-03-13,New South Wales,Acceleration of power-law,-1.7861746137720447,51
5326,2020-03-13,New South Wales,Growth Rate,16.615384615384617,51
5327,2020-03-13,New South Wales,Days since first case,51.0,51
5328,2020-03-13,New South Wales,Average Growth Rate,0.043371767450143296,51
5329,2020-03-13,New South Wales,Doubling time,2.211960139957308,51
5330,2020-03-13,Northern Territory,Total cases,1.0,51
5331,2020-03-13,Northern Territory,Total cases per million,4.093327875562832,51
5332,2020-03-13,Northern Territory,New cases,0.0,51
5333,2020-03-13,Northern Territory,css_per_prsn,0.0,51
5334,2020-03-13,Northern Territory,New cases per week,1.0,51
5335,2020-03-13,Northern Territory,log10(Total cases),0.0,51
5336,2020-03-13,Northern Territory,log10(New cases per week),0.0,51
5337,2020-03-13,Northern Territory,Slope of power-law,0.0,51
5338,2020-03-13,Northern Territory,Acceleration of power-law,0.0,51
5339,2020-03-13,Northern Territory,Growth Rate,25.0,51
5340,2020-03-13,Northern Territory,Days since first case,51.0,51
5341,2020-03-13,Northern Territory,Average Growth Rate,0.415888308335967,51
5342,2020-03-13,Northern Territory,Doubling time,21.210303725134317,51
5343,2020-03-13,Queensland,Total cases,35.0,51
5344,2020-03-13,Queensland,Total cases per million,6.901991717609939,51
5345,2020-03-13,Queensland,New cases,15.0,51
5346,2020-03-13,Queensland,css_per_prsn,2.9579964504042597,51
5347,2020-03-13,Queensland,New cases per week,22.0,51
5348,2020-03-13,Queensland,log10(Total cases),1.5440680443502757,51
5349,2020-03-13,Queensland,log10(New cases per week),1.3424226808222062,51
5350,2020-03-13,Queensland,Slope of power-law,1.1225364842738965,51
5351,2020-03-13,Queensland,Acceleration of power-law,1.7351581082654175,51
5352,2020-03-13,Queensland,Growth Rate,18.51851851851852,51
5353,2020-03-13,Queensland,Days since first case,51.0,51
5354,2020-03-13,Queensland,Average Growth Rate,0.0727043436171609,51
5355,2020-03-13,Queensland,Doubling time,3.7079215244752057,51
5356,2020-03-13,South Australia,Total cases,16.0,51
5357,2020-03-13,South Australia,Total cases per million,9.540846750149075,51
5358,2020-03-13,South Australia,New cases,7.0,51
5359,2020-03-13,South Australia,css_per_prsn,4.174120453190221,51
5360,2020-03-13,South Australia,New cases per week,9.0,51
5361,2020-03-13,South Australia,log10(Total cases),1.2041199826559248,51
5362,2020-03-13,South Australia,log10(New cases per week),0.9542425094393249,51
5363,2020-03-13,South Australia,Slope of power-law,1.3125779630290981,51
5364,2020-03-13,South Australia,Acceleration of power-law,0.20297330220807575,51
5365,2020-03-13,South Australia,Growth Rate,18.75,51
5366,2020-03-13,South Australia,Days since first case,51.0,51
5367,2020-03-13,South Australia,Average Growth Rate,0.08440970098614747,51
5368,2020-03-13,South Australia,Doubling time,4.3048947502935215,51
5369,2020-03-13,Tasmania,Total cases,5.0,51
5370,2020-03-13,Tasmania,Total cases per million,9.70873786407767,51
5371,2020-03-13,Tasmania,New cases,2.0,51
5372,2020-03-13,Tasmania,css_per_prsn,3.883495145631068,51
5373,2020-03-13,Tasmania,New cases per week,4.0,51
5374,2020-03-13,Tasmania,log10(Total cases),0.6989700043360189,51
5375,2020-03-13,Tasmania,log10(New cases per week),0.6020599913279624,51
5376,2020-03-13,Tasmania,Slope of power-law,0.861353116146786,51
5377,2020-03-13,Tasmania,Acceleration of power-law,1.038650715741244,51
5378,2020-03-13,Tasmania,Growth Rate,20.0,51
5379,2020-03-13,Tasmania,Days since first case,51.0,51
5380,2020-03-13,Tasmania,Average Growth Rate,0.041529502972207845,51
5381,2020-03-13,Tasmania,Doubling time,2.1180046515826,51
5382,2020-03-13,Victoria,Total cases,36.0,51
5383,2020-03-13,Victoria,Total cases per million,5.661267494889134,51
5384,2020-03-13,Victoria,New cases,15.0,51
5385,2020-03-13,Victoria,css_per_prsn,2.3588614562038055,51
5386,2020-03-13,Victoria,New cases per week,26.0,51
5387,2020-03-13,Victoria,log10(Total cases),1.5563025007672873,51
5388,2020-03-13,Victoria,log10(New cases per week),1.414973347970818,51
5389,2020-03-13,Victoria,Slope of power-law,1.1892558116268648,51
5390,2020-03-13,Victoria,Acceleration of power-law,1.1051655439801504,51
5391,2020-03-13,Victoria,Growth Rate,22.52252252252252,51
5392,2020-03-13,Victoria,Days since first case,51.0,51
5393,2020-03-13,Victoria,Average Growth Rate,0.04972094911316247,51
5394,2020-03-13,Victoria,Doubling time,2.5357684047712863,51
5395,2020-03-13,Western Australia,Total cases,14.0,51
5396,2020-03-13,Western Australia,Total cases per million,5.40749324063345,51
5397,2020-03-13,Western Australia,New cases,5.0,51
5398,2020-03-13,Western Australia,css_per_prsn,1.9312475859405176,51
5399,2020-03-13,Western Australia,New cases per week,11.0,51
5400,2020-03-13,Western Australia,log10(Total cases),1.146128035678238,51
5401,2020-03-13,Western Australia,log10(New cases per week),1.0413926851582251,51
5402,2020-03-13,Western Australia,Slope of power-law,0.8760672187593218,51
5403,2020-03-13,Western Australia,Acceleration of power-law,0.7590176878103746,51
5404,2020-03-13,Western Australia,Growth Rate,26.190476190476193,51
5405,2020-03-13,Western Australia,Days since first case,51.0,51
5406,2020-03-13,Western Australia,Average Growth Rate,0.03542437156504078,51
5407,2020-03-13,Western Australia,Doubling time,1.8066429498170797,51
5408,2020-03-14,Australian Capital Territory,Total cases,1.0,52
5409,2020-03-14,Australian Capital Territory,Total cases per million,2.6315789473684212,52
5410,2020-03-14,Australian Capital Territory,New cases,0.0,52
5411,2020-03-14,Australian Capital Territory,css_per_prsn,0.0,52
5412,2020-03-14,Australian Capital Territory,New cases per week,1.0,52
5413,2020-03-14,Australian Capital Territory,log10(Total cases),0.0,52
5414,2020-03-14,Australian Capital Territory,log10(New cases per week),0.0,52
5415,2020-03-14,Australian Capital Territory,Slope of power-law,0.0,52
5416,2020-03-14,Australian Capital Territory,Acceleration of power-law,0.0,52
5417,2020-03-14,Australian Capital Territory,Growth Rate,50.0,52
5418,2020-03-14,Australian Capital Territory,Days since first case,52.0,52
5419,2020-03-14,Australian Capital Territory,Average Growth Rate,0.0,52
5420,2020-03-14,Australian Capital Territory,Doubling time,0.0,52
5421,2020-03-14,New South Wales,Total cases,112.0,52
5422,2020-03-14,New South Wales,Total cases per million,14.84623541887593,52
5423,2020-03-14,New South Wales,New cases,20.0,52
5424,2020-03-14,New South Wales,css_per_prsn,2.651113467656416,52
5425,2020-03-14,New South Wales,New cases per week,84.0,52
5426,2020-03-14,New South Wales,log10(Total cases),2.0492180226701815,52
5427,2020-03-14,New South Wales,log10(New cases per week),1.9242792860618816,52
5428,2020-03-14,New South Wales,Slope of power-law,0.9465353566272828,52
5429,2020-03-14,New South Wales,Acceleration of power-law,-0.8387270949656387,52
5430,2020-03-14,New South Wales,Growth Rate,16.452442159383036,52
5431,2020-03-14,New South Wales,Days since first case,52.0,52
5432,2020-03-14,New South Wales,Average Growth Rate,0.04315409534737478,52
5433,2020-03-14,New South Wales,Doubling time,2.2440129580634887,52
5434,2020-03-14,Northern Territory,Total cases,1.0,52
5435,2020-03-14,Northern Territory,Total cases per million,4.093327875562832,52
5436,2020-03-14,Northern Territory,New cases,0.0,52
5437,2020-03-14,Northern Territory,css_per_prsn,0.0,52
5438,2020-03-14,Northern Territory,New cases per week,1.0,52
5439,2020-03-14,Northern Territory,log10(Total cases),0.0,52
5440,2020-03-14,Northern Territory,log10(New cases per week),0.0,52
5441,2020-03-14,Northern Territory,Slope of power-law,0.0,52
5442,2020-03-14,Northern Territory,Acceleration of power-law,0.0,52
5443,2020-03-14,Northern Territory,Growth Rate,20.0,52
5444,2020-03-14,Northern Territory,Days since first case,52.0,52
5445,2020-03-14,Northern Territory,Average Growth Rate,0.027005734307530335,52
5446,2020-03-14,Northern Territory,Doubling time,1.4042981839915774,52
5447,2020-03-14,Queensland,Total cases,46.0,52
5448,2020-03-14,Queensland,Total cases per million,9.071189114573063,52
5449,2020-03-14,Queensland,New cases,11.0,52
5450,2020-03-14,Queensland,css_per_prsn,2.1691973969631237,52
5451,2020-03-14,Queensland,New cases per week,33.0,52
5452,2020-03-14,Queensland,log10(Total cases),1.662757831681574,52
5453,2020-03-14,Queensland,log10(New cases per week),1.5185139398778875,52
5454,2020-03-14,Queensland,Slope of power-law,1.191509845115562,52
5455,2020-03-14,Queensland,Acceleration of power-law,0.5811229625775659,52
5456,2020-03-14,Queensland,Growth Rate,22.302158273381295,52
5457,2020-03-14,Queensland,Days since first case,52.0,52
5458,2020-03-14,Queensland,Average Growth Rate,0.05400533502982357,52
5459,2020-03-14,Queensland,Doubling time,2.8082774215508257,52
5460,2020-03-14,South Australia,Total cases,19.0,52
5461,2020-03-14,South Australia,Total cases per million,11.329755515802027,52
5462,2020-03-14,South Australia,New cases,3.0,52
5463,2020-03-14,South Australia,css_per_prsn,1.7889087656529516,52
5464,2020-03-14,South Australia,New cases per week,12.0,52
5465,2020-03-14,South Australia,log10(Total cases),1.2787536009528289,52
5466,2020-03-14,South Australia,log10(New cases per week),1.0791812460476249,52
5467,2020-03-14,South Australia,Slope of power-law,1.0384219126604153,52
5468,2020-03-14,South Australia,Acceleration of power-law,-3.673358690423499,52
5469,2020-03-14,South Australia,Growth Rate,20.0,52
5470,2020-03-14,South Australia,Days since first case,52.0,52
5471,2020-03-14,South Australia,Average Growth Rate,0.06301579040729754,52
5472,2020-03-14,South Australia,Doubling time,3.2768211011794723,52
5473,2020-03-14,Tasmania,Total cases,5.0,52
5474,2020-03-14,Tasmania,Total cases per million,9.70873786407767,52
5475,2020-03-14,Tasmania,New cases,0.0,52
5476,2020-03-14,Tasmania,css_per_prsn,0.0,52
5477,2020-03-14,Tasmania,New cases per week,4.0,52
5478,2020-03-14,Tasmania,log10(Total cases),0.6989700043360189,52
5479,2020-03-14,Tasmania,log10(New cases per week),0.6020599913279624,52
5480,2020-03-14,Tasmania,Slope of power-law,0.861353116146786,52
5481,2020-03-14,Tasmania,Acceleration of power-law,0.0,52
5482,2020-03-14,Tasmania,Growth Rate,16.666666666666664,52
5483,2020-03-14,Tasmania,Days since first case,52.0,52
5484,2020-03-14,Tasmania,Average Growth Rate,0.04037750566368614,52
5485,2020-03-14,Tasmania,Doubling time,2.0996302945116794,52
5486,2020-03-14,Victoria,Total cases,49.0,52
5487,2020-03-14,Victoria,Total cases per million,7.705614090265765,52
5488,2020-03-14,Victoria,New cases,13.0,52
5489,2020-03-14,Victoria,css_per_prsn,2.0443465953766315,52
5490,2020-03-14,Victoria,New cases per week,38.0,52
5491,2020-03-14,Victoria,log10(Total cases),1.6901960800285136,52
5492,2020-03-14,Victoria,log10(New cases per week),1.5797835966168101,52
5493,2020-03-14,Victoria,Slope of power-law,1.161455953502444,52
5494,2020-03-14,Victoria,Acceleration of power-law,-0.2076265215838561,52
5495,2020-03-14,Victoria,Growth Rate,23.448275862068964,52
5496,2020-03-14,Victoria,Days since first case,52.0,52
5497,2020-03-14,Victoria,Average Growth Rate,0.041072914668971054,52
5498,2020-03-14,Victoria,Doubling time,2.135791562786495,52
5499,2020-03-14,Western Australia,Total cases,17.0,52
5500,2020-03-14,Western Australia,Total cases per million,6.56624179219776,52
5501,2020-03-14,Western Australia,New cases,3.0,52
5502,2020-03-14,Western Australia,css_per_prsn,1.1587485515643106,52
5503,2020-03-14,Western Australia,New cases per week,14.0,52
5504,2020-03-14,Western Australia,log10(Total cases),1.2304489213782739,52
5505,2020-03-14,Western Australia,log10(New cases per week),1.146128035678238,52
5506,2020-03-14,Western Australia,Slope of power-law,0.9092756954187992,52
5507,2020-03-14,Western Australia,Acceleration of power-law,0.39383453320940626,52
5508,2020-03-14,Western Australia,Growth Rate,23.636363636363637,52
5509,2020-03-14,Western Australia,Days since first case,52.0,52
5510,2020-03-14,Western Australia,Average Growth Rate,0.03180415946946825,52
5511,2020-03-14,Western Australia,Doubling time,1.653816292412349,52
5512,2020-03-15,Australian Capital Territory,Total cases,1.0,53
5513,2020-03-15,Australian Capital Territory,Total cases per million,2.6315789473684212,53
5514,2020-03-15,Australian Capital Territory,New cases,0.0,53
5515,2020-03-15,Australian Capital Territory,css_per_prsn,0.0,53
5516,2020-03-15,Australian Capital Territory,New cases per week,1.0,53
5517,2020-03-15,Australian Capital Territory,log10(Total cases),0.0,53
5518,2020-03-15,Australian Capital Territory,log10(New cases per week),0.0,53
5519,2020-03-15,Australian Capital Territory,Slope of power-law,0.0,53
5520,2020-03-15,Australian Capital Territory,Acceleration of power-law,0.0,53
5521,2020-03-15,Australian Capital Territory,Growth Rate,33.333333333333336,53
5522,2020-03-15,Australian Capital Territory,Days since first case,53.0,53
5523,2020-03-15,Australian Capital Territory,Average Growth Rate,0.0,53
5524,2020-03-15,Australian Capital Territory,Doubling time,0.0,53
5525,2020-03-15,New South Wales,Total cases,134.0,53
5526,2020-03-15,New South Wales,Total cases per million,17.762460233297986,53
5527,2020-03-15,New South Wales,New cases,22.0,53
5528,2020-03-15,New South Wales,css_per_prsn,2.9162248144220575,53
5529,2020-03-15,New South Wales,New cases per week,96.0,53
5530,2020-03-15,New South Wales,log10(Total cases),2.1271047983648077,53
5531,2020-03-15,New South Wales,log10(New cases per week),1.9822712330395684,53
5532,2020-03-15,New South Wales,Slope of power-law,0.9264882067314254,53
5533,2020-03-15,New South Wales,Acceleration of power-law,-0.25738836557385675,53
5534,2020-03-15,New South Wales,Growth Rate,16.88034188034188,53
5535,2020-03-15,New South Wales,Days since first case,53.0,53
5536,2020-03-15,New South Wales,Average Growth Rate,0.04317707078908939,53
5537,2020-03-15,New South Wales,Doubling time,2.2883847518217375,53
5538,2020-03-15,Northern Territory,Total cases,1.0,53
5539,2020-03-15,Northern Territory,Total cases per million,4.093327875562832,53
5540,2020-03-15,Northern Territory,New cases,0.0,53
5541,2020-03-15,Northern Territory,css_per_prsn,0.0,53
5542,2020-03-15,Northern Territory,New cases per week,1.0,53
5543,2020-03-15,Northern Territory,log10(Total cases),0.0,53
5544,2020-03-15,Northern Territory,log10(New cases per week),0.0,53
5545,2020-03-15,Northern Territory,Slope of power-law,0.0,53
5546,2020-03-15,Northern Territory,Acceleration of power-law,0.0,53
5547,2020-03-15,Northern Territory,Growth Rate,0.0,53
5548,2020-03-15,Northern Territory,Days since first case,53.0,53
5549,2020-03-15,Northern Territory,Average Growth Rate,0.027005734307530335,53
5550,2020-03-15,Northern Territory,Doubling time,1.4313039182991076,53
5551,2020-03-15,Queensland,Total cases,61.0,53
5552,2020-03-15,Queensland,Total cases per million,12.029185564977322,53
5553,2020-03-15,Queensland,New cases,15.0,53
5554,2020-03-15,Queensland,css_per_prsn,2.9579964504042597,53
5555,2020-03-15,Queensland,New cases per week,46.0,53
5556,2020-03-15,Queensland,log10(Total cases),1.7853298350107671,53
5557,2020-03-15,Queensland,log10(New cases per week),1.662757831681574,53
5558,2020-03-15,Queensland,Slope of power-law,1.1314911221181536,53
5559,2020-03-15,Queensland,Acceleration of power-law,-0.4896609451361851,53
5560,2020-03-15,Queensland,Growth Rate,23.626373626373624,53
5561,2020-03-15,Queensland,Days since first case,53.0,53
5562,2020-03-15,Queensland,Average Growth Rate,0.04276385964088082,53
5563,2020-03-15,Queensland,Doubling time,2.2664845609666835,53
5564,2020-03-15,South Australia,Total cases,20.0,53
5565,2020-03-15,South Australia,Total cases per million,11.926058437686345,53
5566,2020-03-15,South Australia,New cases,1.0,53
5567,2020-03-15,South Australia,css_per_prsn,0.5963029218843172,53
5568,2020-03-15,South Australia,New cases per week,13.0,53
5569,2020-03-15,South Australia,log10(Total cases),1.3010299956639813,53
5570,2020-03-15,South Australia,log10(New cases per week),1.1139433523068367,53
5571,2020-03-15,South Australia,Slope of power-law,1.057738608709968,53
5572,2020-03-15,South Australia,Acceleration of power-law,0.8671374475099473,53
5573,2020-03-15,South Australia,Growth Rate,17.808219178082194,53
5574,2020-03-15,South Australia,Days since first case,53.0,53
5575,2020-03-15,South Australia,Average Growth Rate,0.05165660137296448,53
5576,2020-03-15,South Australia,Doubling time,2.7377998727671176,53
5577,2020-03-15,Tasmania,Total cases,6.0,53
5578,2020-03-15,Tasmania,Total cases per million,11.650485436893204,53
5579,2020-03-15,Tasmania,New cases,1.0,53
5580,2020-03-15,Tasmania,css_per_prsn,1.941747572815534,53
5581,2020-03-15,Tasmania,New cases per week,4.0,53
5582,2020-03-15,Tasmania,log10(Total cases),0.7781512503836436,53
5583,2020-03-15,Tasmania,log10(New cases per week),0.6020599913279624,53
5584,2020-03-15,Tasmania,Slope of power-law,0.7737056144690831,53
5585,2020-03-15,Tasmania,Acceleration of power-law,-1.1069224854706874,53
5586,2020-03-15,Tasmania,Growth Rate,18.181818181818183,53
5587,2020-03-15,Tasmania,Days since first case,53.0,53
5588,2020-03-15,Tasmania,Average Growth Rate,0.03787062410344071,53
5589,2020-03-15,Tasmania,Doubling time,2.007143077482358,53
5590,2020-03-15,Victoria,Total cases,57.0,53
5591,2020-03-15,Victoria,Total cases per million,8.963673533574461,53
5592,2020-03-15,Victoria,New cases,8.0,53
5593,2020-03-15,Victoria,css_per_prsn,1.2580594433086962,53
5594,2020-03-15,Victoria,New cases per week,46.0,53
5595,2020-03-15,Victoria,log10(Total cases),1.7558748556724915,53
5596,2020-03-15,Victoria,log10(New cases per week),1.662757831681574,53
5597,2020-03-15,Victoria,Slope of power-law,1.1703082522978068,53
5598,2020-03-15,Victoria,Acceleration of power-law,0.13478172679935507,53
5599,2020-03-15,Victoria,Growth Rate,21.195652173913047,53
5600,2020-03-15,Victoria,Days since first case,53.0,53
5601,2020-03-15,Victoria,Average Growth Rate,0.03715887926806097,53
5602,2020-03-15,Victoria,Doubling time,1.9694206012072313,53
5603,2020-03-15,Western Australia,Total cases,17.0,53
5604,2020-03-15,Western Australia,Total cases per million,6.56624179219776,53
5605,2020-03-15,Western Australia,New cases,0.0,53
5606,2020-03-15,Western Australia,css_per_prsn,0.0,53
5607,2020-03-15,Western Australia,New cases per week,14.0,53
5608,2020-03-15,Western Australia,log10(Total cases),1.2304489213782739,53
5609,2020-03-15,Western Australia,log10(New cases per week),1.146128035678238,53
5610,2020-03-15,Western Australia,Slope of power-law,0.8880687787904543,53
5611,2020-03-15,Western Australia,Acceleration of power-law,-inf,53
5612,2020-03-15,Western Australia,Growth Rate,16.666666666666668,53
5613,2020-03-15,Western Australia,Days since first case,53.0,53
5614,2020-03-15,Western Australia,Average Growth Rate,0.03155018763723053,53
5615,2020-03-15,Western Australia,Doubling time,1.6721599447732183,53
5616,2020-03-16,Australian Capital Territory,Total cases,2.0,54
5617,2020-03-16,Australian Capital Territory,Total cases per million,5.2631578947368425,54
5618,2020-03-16,Australian Capital Territory,New cases,1.0,54
5619,2020-03-16,Australian Capital Territory,css_per_prsn,2.6315789473684212,54
5620,2020-03-16,Australian Capital Territory,New cases per week,2.0,54
5621,2020-03-16,Australian Capital Territory,log10(Total cases),0.3010299956639812,54
5622,2020-03-16,Australian Capital Territory,log10(New cases per week),0.3010299956639812,54
5623,2020-03-16,Australian Capital Territory,Slope of power-law,1.0,54
5624,2020-03-16,Australian Capital Territory,Acceleration of power-law,0.0,54
5625,2020-03-16,Australian Capital Territory,Growth Rate,40.0,54
5626,2020-03-16,Australian Capital Territory,Days since first case,54.0,54
5627,2020-03-16,Australian Capital Territory,Average Growth Rate,0.0,54
5628,2020-03-16,Australian Capital Territory,Doubling time,0.0,54
5629,2020-03-16,New South Wales,Total cases,171.0,54
5630,2020-03-16,New South Wales,Total cases per million,22.667020148462356,54
5631,2020-03-16,New South Wales,New cases,37.0,54
5632,2020-03-16,New South Wales,css_per_prsn,4.904559915164369,54
5633,2020-03-16,New South Wales,New cases per week,123.0,54
5634,2020-03-16,New South Wales,log10(Total cases),2.2329961103921536,54
5635,2020-03-16,New South Wales,log10(New cases per week),2.089905111439398,54
5636,2020-03-16,New South Wales,Slope of power-law,0.9137672751362744,54
5637,2020-03-16,New South Wales,Acceleration of power-law,-0.12013196693479307,54
5638,2020-03-16,New South Wales,Growth Rate,18.466898954703833,54
5639,2020-03-16,New South Wales,Days since first case,54.0,54
5640,2020-03-16,New South Wales,Average Growth Rate,0.04222994689682447,54
5641,2020-03-16,New South Wales,Doubling time,2.2804171324285214,54
5642,2020-03-16,Northern Territory,Total cases,1.0,54
5643,2020-03-16,Northern Territory,Total cases per million,4.093327875562832,54
5644,2020-03-16,Northern Territory,New cases,0.0,54
5645,2020-03-16,Northern Territory,css_per_prsn,0.0,54
5646,2020-03-16,Northern Territory,New cases per week,1.0,54
5647,2020-03-16,Northern Territory,log10(Total cases),0.0,54
5648,2020-03-16,Northern Territory,log10(New cases per week),0.0,54
5649,2020-03-16,Northern Territory,Slope of power-law,0.0,54
5650,2020-03-16,Northern Territory,Acceleration of power-law,0.0,54
5651,2020-03-16,Northern Territory,Growth Rate,0.0,54
5652,2020-03-16,Northern Territory,Days since first case,54.0,54
5653,2020-03-16,Northern Territory,Average Growth Rate,0.04424343705701778,54
5654,2020-03-16,Northern Territory,Doubling time,2.3891456010789605,54
5655,2020-03-16,Queensland,Total cases,68.0,54
5656,2020-03-16,Queensland,Total cases per million,13.409583908499311,54
5657,2020-03-16,Queensland,New cases,7.0,54
5658,2020-03-16,Queensland,css_per_prsn,1.3803983435219878,54
5659,2020-03-16,Queensland,New cases per week,53.0,54
5660,2020-03-16,Queensland,log10(Total cases),1.8325089127062364,54
5661,2020-03-16,Queensland,log10(New cases per week),1.724275869600789,54
5662,2020-03-16,Queensland,Slope of power-law,1.1428127478756516,54
5663,2020-03-16,Queensland,Acceleration of power-law,0.2399713243776532,54
5664,2020-03-16,Queensland,Growth Rate,20.869565217391305,54
5665,2020-03-16,Queensland,Days since first case,54.0,54
5666,2020-03-16,Queensland,Average Growth Rate,0.037157636532987176,54
5667,2020-03-16,Queensland,Doubling time,2.0065123727813075,54
5668,2020-03-16,South Australia,Total cases,29.0,54
5669,2020-03-16,South Australia,Total cases per million,17.2927847346452,54
5670,2020-03-16,South Australia,New cases,9.0,54
5671,2020-03-16,South Australia,css_per_prsn,5.366726296958855,54
5672,2020-03-16,South Australia,New cases per week,22.0,54
5673,2020-03-16,South Australia,log10(Total cases),1.462397997898956,54
5674,2020-03-16,South Australia,log10(New cases per week),1.3424226808222062,54
5675,2020-03-16,South Australia,Slope of power-law,1.0423663055009844,54
5676,2020-03-16,South Australia,Acceleration of power-law,-0.09526240020372424,54
5677,2020-03-16,South Australia,Growth Rate,21.50537634408602,54
5678,2020-03-16,South Australia,Days since first case,54.0,54
5679,2020-03-16,South Australia,Average Growth Rate,0.04165958514788047,54
5680,2020-03-16,South Australia,Doubling time,2.2496175979855453,54
5681,2020-03-16,Tasmania,Total cases,7.0,54
5682,2020-03-16,Tasmania,Total cases per million,13.592233009708737,54
5683,2020-03-16,Tasmania,New cases,1.0,54
5684,2020-03-16,Tasmania,css_per_prsn,1.941747572815534,54
5685,2020-03-16,Tasmania,New cases per week,5.0,54
5686,2020-03-16,Tasmania,log10(Total cases),0.8450980400142568,54
5687,2020-03-16,Tasmania,log10(New cases per week),0.6989700043360189,54
5688,2020-03-16,Tasmania,Slope of power-law,0.8270874753469162,54
5689,2020-03-16,Tasmania,Acceleration of power-law,0.7973774571174175,54
5690,2020-03-16,Tasmania,Growth Rate,15.384615384615385,54
5691,2020-03-16,Tasmania,Days since first case,54.0,54
5692,2020-03-16,Tasmania,Average Growth Rate,0.03988199308747539,54
5693,2020-03-16,Tasmania,Doubling time,2.1536276267236714,54
5694,2020-03-16,Victoria,Total cases,71.0,54
5695,2020-03-16,Victoria,Total cases per million,11.16527755936468,54
5696,2020-03-16,Victoria,New cases,14.0,54
5697,2020-03-16,Victoria,css_per_prsn,2.2016040257902185,54
5698,2020-03-16,Victoria,New cases per week,56.0,54
5699,2020-03-16,Victoria,log10(Total cases),1.8512583487190752,54
5700,2020-03-16,Victoria,log10(New cases per week),1.7481880270062005,54
5701,2020-03-16,Victoria,Slope of power-law,1.1395327612142807,54
5702,2020-03-16,Victoria,Acceleration of power-law,-0.32265007393360823,54
5703,2020-03-16,Victoria,Growth Rate,21.36752136752137,54
5704,2020-03-16,Victoria,Days since first case,54.0,54
5705,2020-03-16,Victoria,Average Growth Rate,0.03460134674753866,54
5706,2020-03-16,Victoria,Doubling time,1.8684727243670878,54
5707,2020-03-16,Western Australia,Total cases,28.0,54
5708,2020-03-16,Western Australia,Total cases per million,10.8149864812669,54
5709,2020-03-16,Western Australia,New cases,11.0,54
5710,2020-03-16,Western Australia,css_per_prsn,4.248744689069139,54
5711,2020-03-16,Western Australia,New cases per week,24.0,54
5712,2020-03-16,Western Australia,log10(Total cases),1.4471580313422192,54
5713,2020-03-16,Western Australia,log10(New cases per week),1.380211241711606,54
5714,2020-03-16,Western Australia,Slope of power-law,0.9309853077285312,54
5715,2020-03-16,Western Australia,Acceleration of power-law,0.19803749341786797,54
5716,2020-03-16,Western Australia,Growth Rate,22.352941176470587,54
5717,2020-03-16,Western Australia,Days since first case,54.0,54
5718,2020-03-16,Western Australia,Average Growth Rate,0.0320304500876193,54
5719,2020-03-16,Western Australia,Doubling time,1.7296443047314423,54
5720,2020-03-17,Australian Capital Territory,Total cases,2.0,55
5721,2020-03-17,Australian Capital Territory,Total cases per million,5.2631578947368425,55
5722,2020-03-17,Australian Capital Territory,New cases,0.0,55
5723,2020-03-17,Australian Capital Territory,css_per_prsn,0.0,55
5724,2020-03-17,Australian Capital Territory,New cases per week,2.0,55
5725,2020-03-17,Australian Capital Territory,log10(Total cases),0.3010299956639812,55
5726,2020-03-17,Australian Capital Territory,log10(New cases per week),0.3010299956639812,55
5727,2020-03-17,Australian Capital Territory,Slope of power-law,1.0,55
5728,2020-03-17,Australian Capital Territory,Acceleration of power-law,0.0,55
5729,2020-03-17,Australian Capital Territory,Growth Rate,28.571428571428577,55
5730,2020-03-17,Australian Capital Territory,Days since first case,55.0,55
5731,2020-03-17,Australian Capital Territory,Average Growth Rate,0.0137581198409819,55
5732,2020-03-17,Australian Capital Territory,Doubling time,0.7566965912540045,55
5733,2020-03-17,New South Wales,Total cases,210.0,55
5734,2020-03-17,New South Wales,Total cases per million,27.836691410392365,55
5735,2020-03-17,New South Wales,New cases,39.0,55
5736,2020-03-17,New South Wales,css_per_prsn,5.169671261930011,55
5737,2020-03-17,New South Wales,New cases per week,155.0,55
5738,2020-03-17,New South Wales,log10(Total cases),2.322219294733919,55
5739,2020-03-17,New South Wales,log10(New cases per week),2.1903316981702914,55
5740,2020-03-17,New South Wales,Slope of power-law,0.925787130970343,55
5741,2020-03-17,New South Wales,Acceleration of power-law,0.13471673223438305,55
5742,2020-03-17,New South Wales,Growth Rate,20.166898470097355,55
5743,2020-03-17,New South Wales,Days since first case,55.0,55
5744,2020-03-17,New South Wales,Average Growth Rate,0.039124621592540064,55
5745,2020-03-17,New South Wales,Doubling time,2.1518541875897035,55
5746,2020-03-17,Northern Territory,Total cases,1.0,55
5747,2020-03-17,Northern Territory,Total cases per million,4.093327875562832,55
5748,2020-03-17,Northern Territory,New cases,0.0,55
5749,2020-03-17,Northern Territory,css_per_prsn,0.0,55
5750,2020-03-17,Northern Territory,New cases per week,0.0,55
5751,2020-03-17,Northern Territory,log10(Total cases),0.0,55
5752,2020-03-17,Northern Territory,log10(New cases per week),0.0,55
5753,2020-03-17,Northern Territory,Slope of power-law,0.0,55
5754,2020-03-17,Northern Territory,Acceleration of power-law,0.0,55
5755,2020-03-17,Northern Territory,Growth Rate,0.0,55
5756,2020-03-17,Northern Territory,Days since first case,55.0,55
5757,2020-03-17,Northern Territory,Average Growth Rate,0.07701635339554946,55
5758,2020-03-17,Northern Territory,Doubling time,4.23589943675522,55
5759,2020-03-17,Queensland,Total cases,78.0,55
5760,2020-03-17,Queensland,Total cases per million,15.38158154210215,55
5761,2020-03-17,Queensland,New cases,10.0,55
5762,2020-03-17,Queensland,css_per_prsn,1.9719976336028398,55
5763,2020-03-17,Queensland,New cases per week,60.0,55
5764,2020-03-17,Queensland,log10(Total cases),1.8920946026904804,55
5765,2020-03-17,Queensland,log10(New cases per week),1.7781512503836436,55
5766,2020-03-17,Queensland,Slope of power-law,1.5113915944693856,55
5767,2020-03-17,Queensland,Acceleration of power-law,6.185694026387814,55
5768,2020-03-17,Queensland,Growth Rate,20.138888888888886,55
5769,2020-03-17,Queensland,Days since first case,55.0,55
5770,2020-03-17,Queensland,Average Growth Rate,0.032864438119423016,55
5771,2020-03-17,Queensland,Doubling time,1.8075440965682659,55
5772,2020-03-17,South Australia,Total cases,29.0,55
5773,2020-03-17,South Australia,Total cases per million,17.2927847346452,55
5774,2020-03-17,South Australia,New cases,0.0,55
5775,2020-03-17,South Australia,css_per_prsn,0.0,55
5776,2020-03-17,South Australia,New cases per week,22.0,55
5777,2020-03-17,South Australia,log10(Total cases),1.462397997898956,55
5778,2020-03-17,South Australia,log10(New cases per week),1.3424226808222062,55
5779,2020-03-17,South Australia,Slope of power-law,1.1993564555410685,55
5780,2020-03-17,South Australia,Acceleration of power-law,inf,55
5781,2020-03-17,South Australia,Growth Rate,17.699115044247787,55
5782,2020-03-17,South Australia,Days since first case,55.0,55
5783,2020-03-17,South Australia,Average Growth Rate,0.03619087097995281,55
5784,2020-03-17,South Australia,Doubling time,1.9904979038974047,55
5785,2020-03-17,Tasmania,Total cases,7.0,55
5786,2020-03-17,Tasmania,Total cases per million,13.592233009708737,55
5787,2020-03-17,Tasmania,New cases,0.0,55
5788,2020-03-17,Tasmania,css_per_prsn,0.0,55
5789,2020-03-17,Tasmania,New cases per week,5.0,55
5790,2020-03-17,Tasmania,log10(Total cases),0.8450980400142568,55
5791,2020-03-17,Tasmania,log10(New cases per week),0.6989700043360189,55
5792,2020-03-17,Tasmania,Slope of power-law,0.8270874753469162,55
5793,2020-03-17,Tasmania,Acceleration of power-law,0.0,55
5794,2020-03-17,Tasmania,Growth Rate,13.333333333333334,55
5795,2020-03-17,Tasmania,Days since first case,55.0,55
5796,2020-03-17,Tasmania,Average Growth Rate,0.04147282293726869,55
5797,2020-03-17,Tasmania,Doubling time,2.2810052615497782,55
5798,2020-03-17,Victoria,Total cases,94.0,55
5799,2020-03-17,Victoria,Total cases per million,14.782198458877183,55
5800,2020-03-17,Victoria,New cases,23.0,55
5801,2020-03-17,Victoria,css_per_prsn,3.616920899512502,55
5802,2020-03-17,Victoria,New cases per week,76.0,55
5803,2020-03-17,Victoria,log10(Total cases),1.9731278535996986,55
5804,2020-03-17,Victoria,log10(New cases per week),1.8808135922807914,55
5805,2020-03-17,Victoria,Slope of power-law,1.3724432051779456,55
5806,2020-03-17,Victoria,Acceleration of power-law,1.9111462230999559,55
5807,2020-03-17,Victoria,Growth Rate,23.778501628664493,55
5808,2020-03-17,Victoria,Days since first case,55.0,55
5809,2020-03-17,Victoria,Average Growth Rate,0.03085797857628066,55
5810,2020-03-17,Victoria,Doubling time,1.6971888216954363,55
5811,2020-03-17,Western Australia,Total cases,31.0,55
5812,2020-03-17,Western Australia,Total cases per million,11.97373503283121,55
5813,2020-03-17,Western Australia,New cases,3.0,55
5814,2020-03-17,Western Australia,css_per_prsn,1.1587485515643106,55
5815,2020-03-17,Western Australia,New cases per week,25.0,55
5816,2020-03-17,Western Australia,log10(Total cases),1.4913616938342726,55
5817,2020-03-17,Western Australia,log10(New cases per week),1.3979400086720377,55
5818,2020-03-17,Western Australia,Slope of power-law,1.378312237177588,55
5819,2020-03-17,Western Australia,Acceleration of power-law,10.119680230783446,55
5820,2020-03-17,Western Australia,Growth Rate,20.560747663551403,55
5821,2020-03-17,Western Australia,Days since first case,55.0,55
5822,2020-03-17,Western Australia,Average Growth Rate,0.03167740377800938,55
5823,2020-03-17,Western Australia,Doubling time,1.7422572077905158,55
5824,2020-03-18,Australian Capital Territory,Total cases,3.0,56
5825,2020-03-18,Australian Capital Territory,Total cases per million,7.894736842105263,56
5826,2020-03-18,Australian Capital Territory,New cases,1.0,56
5827,2020-03-18,Australian Capital Territory,css_per_prsn,2.6315789473684212,56
5828,2020-03-18,Australian Capital Territory,New cases per week,3.0,56
5829,2020-03-18,Australian Capital Territory,log10(Total cases),0.47712125471966244,56
5830,2020-03-18,Australian Capital Territory,log10(New cases per week),0.47712125471966244,56
5831,2020-03-18,Australian Capital Territory,Slope of power-law,1.0,56
5832,2020-03-18,Australian Capital Territory,Acceleration of power-law,0.0,56
5833,2020-03-18,Australian Capital Territory,Growth Rate,22.222222222222225,56
5834,2020-03-18,Australian Capital Territory,Days since first case,56.0,56
5835,2020-03-18,Australian Capital Territory,Average Growth Rate,0.019903496980527142,56
5836,2020-03-18,Australian Capital Territory,Doubling time,1.1145958309095199,56
5837,2020-03-18,New South Wales,Total cases,267.0,56
5838,2020-03-18,New South Wales,Total cases per million,35.392364793213154,56
5839,2020-03-18,New South Wales,New cases,57.0,56
5840,2020-03-18,New South Wales,css_per_prsn,7.555673382820785,56
5841,2020-03-18,New South Wales,New cases per week,202.0,56
5842,2020-03-18,New South Wales,log10(Total cases),2.4265112613645754,56
5843,2020-03-18,New South Wales,log10(New cases per week),2.305351369446624,56
5844,2020-03-18,New South Wales,Slope of power-law,0.9450516670730166,56
5845,2020-03-18,New South Wales,Acceleration of power-law,0.18471735383893684,56
5846,2020-03-18,New South Wales,Growth Rate,19.574944071588366,56
5847,2020-03-18,New South Wales,Days since first case,56.0,56
5848,2020-03-18,New South Wales,Average Growth Rate,0.03785971320122301,56
5849,2020-03-18,New South Wales,Doubling time,2.1201439392684884,56
5850,2020-03-18,Northern Territory,Total cases,1.0,56
5851,2020-03-18,Northern Territory,Total cases per million,4.093327875562832,56
5852,2020-03-18,Northern Territory,New cases,0.0,56
5853,2020-03-18,Northern Territory,css_per_prsn,0.0,56
5854,2020-03-18,Northern Territory,New cases per week,0.0,56
5855,2020-03-18,Northern Territory,log10(Total cases),0.0,56
5856,2020-03-18,Northern Territory,log10(New cases per week),0.0,56
5857,2020-03-18,Northern Territory,Slope of power-law,0.0,56
5858,2020-03-18,Northern Territory,Acceleration of power-law,0.0,56
5859,2020-03-18,Northern Territory,Growth Rate,0.0,56
5860,2020-03-18,Northern Territory,Days since first case,56.0,56
5861,2020-03-18,Northern Territory,Average Growth Rate,0.17328679513998624,56
5862,2020-03-18,Northern Territory,Doubling time,9.704060527839228,56
5863,2020-03-18,Queensland,Total cases,94.0,56
5864,2020-03-18,Queensland,Total cases per million,18.536777755866694,56
5865,2020-03-18,Queensland,New cases,16.0,56
5866,2020-03-18,Queensland,css_per_prsn,3.1551962137645435,56
5867,2020-03-18,Queensland,New cases per week,74.0,56
5868,2020-03-18,Queensland,log10(Total cases),1.9731278535996986,56
5869,2020-03-18,Queensland,log10(New cases per week),1.8692317197309762,56
5870,2020-03-18,Queensland,Slope of power-law,1.3689214232020768,56
5871,2020-03-18,Queensland,Acceleration of power-law,-1.758169265934038,56
5872,2020-03-18,Queensland,Growth Rate,17.0028818443804,56
5873,2020-03-18,Queensland,Days since first case,56.0,56
5874,2020-03-18,Queensland,Average Growth Rate,0.033343662778053756,56
5875,2020-03-18,Queensland,Doubling time,1.8672451155710104,56
5876,2020-03-18,South Australia,Total cases,37.0,56
5877,2020-03-18,South Australia,Total cases per million,22.06320810971974,56
5878,2020-03-18,South Australia,New cases,8.0,56
5879,2020-03-18,South Australia,css_per_prsn,4.770423375074538,56
5880,2020-03-18,South Australia,New cases per week,28.0,56
5881,2020-03-18,South Australia,log10(Total cases),1.568201724066995,56
5882,2020-03-18,South Australia,log10(New cases per week),1.4471580313422192,56
5883,2020-03-18,South Australia,Slope of power-law,1.1687093547605563,56
5884,2020-03-18,South Australia,Acceleration of power-law,-0.2896599381749383,56
5885,2020-03-18,South Australia,Growth Rate,15.671641791044777,56
5886,2020-03-18,South Australia,Days since first case,56.0,56
5887,2020-03-18,South Australia,Average Growth Rate,0.03739289119088014,56
5888,2020-03-18,South Australia,Doubling time,2.094001906689288,56
5889,2020-03-18,Tasmania,Total cases,10.0,56
5890,2020-03-18,Tasmania,Total cases per million,19.41747572815534,56
5891,2020-03-18,Tasmania,New cases,3.0,56
5892,2020-03-18,Tasmania,css_per_prsn,5.825242718446602,56
5893,2020-03-18,Tasmania,New cases per week,7.0,56
5894,2020-03-18,Tasmania,log10(Total cases),1.0,56
5895,2020-03-18,Tasmania,log10(New cases per week),0.8450980400142568,56
5896,2020-03-18,Tasmania,Slope of power-law,0.7783853970487746,56
5897,2020-03-18,Tasmania,Acceleration of power-law,-0.31440582354557667,56
5898,2020-03-18,Tasmania,Growth Rate,14.285714285714285,56
5899,2020-03-18,Tasmania,Days since first case,56.0,56
5900,2020-03-18,Tasmania,Average Growth Rate,0.04451689514567594,56
5901,2020-03-18,Tasmania,Doubling time,2.4929461281578527,56
5902,2020-03-18,Victoria,Total cases,121.0,56
5903,2020-03-18,Victoria,Total cases per million,19.02814908004403,56
5904,2020-03-18,Victoria,New cases,27.0,56
5905,2020-03-18,Victoria,css_per_prsn,4.24595062116685,56
5906,2020-03-18,Victoria,New cases per week,100.0,56
5907,2020-03-18,Victoria,log10(Total cases),2.0827853703164503,56
5908,2020-03-18,Victoria,log10(New cases per week),2.0,56
5909,2020-03-18,Victoria,Slope of power-law,1.342375482942479,56
5910,2020-03-18,Victoria,Acceleration of power-law,-0.27419663636130237,56
5911,2020-03-18,Victoria,Growth Rate,21.683673469387756,56
5912,2020-03-18,Victoria,Days since first case,56.0,56
5913,2020-03-18,Victoria,Average Growth Rate,0.031090187641215166,56
5914,2020-03-18,Victoria,Doubling time,1.7410505079080494,56
5915,2020-03-18,Western Australia,Total cases,35.0,56
5916,2020-03-18,Western Australia,Total cases per million,13.518733101583623,56
5917,2020-03-18,Western Australia,New cases,4.0,56
5918,2020-03-18,Western Australia,css_per_prsn,1.544998068752414,56
5919,2020-03-18,Western Australia,New cases per week,26.0,56
5920,2020-03-18,Western Australia,log10(Total cases),1.5440680443502757,56
5921,2020-03-18,Western Australia,log10(New cases per week),1.414973347970818,56
5922,2020-03-18,Western Australia,Slope of power-law,1.326189236166777,56
5923,2020-03-18,Western Australia,Acceleration of power-law,-0.988932083145939,56
5924,2020-03-18,Western Australia,Growth Rate,16.40625,56
5925,2020-03-18,Western Australia,Days since first case,56.0,56
5926,2020-03-18,Western Australia,Average Growth Rate,0.03478852249247006,56
5927,2020-03-18,Western Australia,Doubling time,1.9481572595783234,56
5928,2020-03-19,Australian Capital Territory,Total cases,4.0,57
5929,2020-03-19,Australian Capital Territory,Total cases per million,10.526315789473685,57
5930,2020-03-19,Australian Capital Territory,New cases,1.0,57
5931,2020-03-19,Australian Capital Territory,css_per_prsn,2.6315789473684212,57
5932,2020-03-19,Australian Capital Territory,New cases per week,4.0,57
5933,2020-03-19,Australian Capital Territory,log10(Total cases),0.6020599913279624,57
5934,2020-03-19,Australian Capital Territory,log10(New cases per week),0.6020599913279624,57
5935,2020-03-19,Australian Capital Territory,Slope of power-law,1.0,57
5936,2020-03-19,Australian Capital Territory,Acceleration of power-law,0.0,57
5937,2020-03-19,Australian Capital Territory,Growth Rate,25.0,57
5938,2020-03-19,Australian Capital Territory,Days since first case,57.0,57
5939,2020-03-19,Australian Capital Territory,Average Growth Rate,0.023240166245490447,57
5940,2020-03-19,Australian Capital Territory,Doubling time,1.3246894759929555,57
5941,2020-03-19,New South Wales,Total cases,307.0,57
5942,2020-03-19,New South Wales,Total cases per million,40.694591728525985,57
5943,2020-03-19,New South Wales,New cases,40.0,57
5944,2020-03-19,New South Wales,css_per_prsn,5.302226935312832,57
5945,2020-03-19,New South Wales,New cases per week,242.0,57
5946,2020-03-19,New South Wales,log10(Total cases),2.4871383754771865,57
5947,2020-03-19,New South Wales,log10(New cases per week),2.383815365980431,57
5948,2020-03-19,New South Wales,Slope of power-law,0.9437508084147658,57
5949,2020-03-19,New South Wales,Acceleration of power-law,-0.02145671416644603,57
5950,2020-03-19,New South Wales,Growth Rate,17.90633608815427,57
5951,2020-03-19,New South Wales,Days since first case,57.0,57
5952,2020-03-19,New South Wales,Average Growth Rate,0.03726781300350346,57
5953,2020-03-19,New South Wales,Doubling time,2.1242653411996972,57
5954,2020-03-19,Northern Territory,Total cases,1.0,57
5955,2020-03-19,Northern Territory,Total cases per million,4.093327875562832,57
5956,2020-03-19,Northern Territory,New cases,0.0,57
5957,2020-03-19,Northern Territory,css_per_prsn,0.0,57
5958,2020-03-19,Northern Territory,New cases per week,0.0,57
5959,2020-03-19,Northern Territory,log10(Total cases),0.0,57
5960,2020-03-19,Northern Territory,log10(New cases per week),0.0,57
5961,2020-03-19,Northern Territory,Slope of power-law,0.0,57
5962,2020-03-19,Northern Territory,Acceleration of power-law,0.0,57
5963,2020-03-19,Northern Territory,Growth Rate,0.0,57
5964,2020-03-19,Northern Territory,Days since first case,57.0,57
5965,2020-03-19,Northern Territory,Average Growth Rate,487758966262918.6,57
5966,2020-03-19,Northern Territory,Doubling time,2.780226107698636e+16,57
5967,2020-03-19,Queensland,Total cases,144.0,57
5968,2020-03-19,Queensland,Total cases per million,28.396765923880892,57
5969,2020-03-19,Queensland,New cases,50.0,57
5970,2020-03-19,Queensland,css_per_prsn,9.8599881680142,57
5971,2020-03-19,Queensland,New cases per week,124.0,57
5972,2020-03-19,Queensland,log10(Total cases),2.1583624920952498,57
5973,2020-03-19,Queensland,log10(New cases per week),2.093421685162235,57
5974,2020-03-19,Queensland,Slope of power-law,1.3390094207570151,57
5975,2020-03-19,Queensland,Acceleration of power-law,-0.16148168986104638,57
5976,2020-03-19,Queensland,Growth Rate,22.022471910112362,57
5977,2020-03-19,Queensland,Days since first case,57.0,57
5978,2020-03-19,Queensland,Average Growth Rate,0.03343362758080318,57
5979,2020-03-19,Queensland,Doubling time,1.905716772105781,57
5980,2020-03-19,South Australia,Total cases,42.0,57
5981,2020-03-19,South Australia,Total cases per million,25.044722719141323,57
5982,2020-03-19,South Australia,New cases,5.0,57
5983,2020-03-19,South Australia,css_per_prsn,2.9815146094215863,57
5984,2020-03-19,South Australia,New cases per week,33.0,57
5985,2020-03-19,South Australia,log10(Total cases),1.6232492903979006,57
5986,2020-03-19,South Australia,log10(New cases per week),1.5185139398778875,57
5987,2020-03-19,South Australia,Slope of power-law,1.1777324114021477,57
5988,2020-03-19,South Australia,Acceleration of power-law,0.1639138156871718,57
5989,2020-03-19,South Australia,Growth Rate,14.64968152866242,57
5990,2020-03-19,South Australia,Days since first case,57.0,57
5991,2020-03-19,South Australia,Average Growth Rate,0.03968368056053355,57
5992,2020-03-19,South Australia,Doubling time,2.2619697919504125,57
5993,2020-03-19,Tasmania,Total cases,10.0,57
5994,2020-03-19,Tasmania,Total cases per million,19.41747572815534,57
5995,2020-03-19,Tasmania,New cases,0.0,57
5996,2020-03-19,Tasmania,css_per_prsn,0.0,57
5997,2020-03-19,Tasmania,New cases per week,7.0,57
5998,2020-03-19,Tasmania,log10(Total cases),1.0,57
5999,2020-03-19,Tasmania,log10(New cases per week),0.8450980400142568,57
6000,2020-03-19,Tasmania,Slope of power-law,1.2090619551221677,57
6001,2020-03-19,Tasmania,Acceleration of power-law,inf,57
6002,2020-03-19,Tasmania,Growth Rate,12.5,57
6003,2020-03-19,Tasmania,Days since first case,57.0,57
6004,2020-03-19,Tasmania,Average Growth Rate,0.04703417616390088,57
6005,2020-03-19,Tasmania,Doubling time,2.6809480413423503,57
6006,2020-03-19,Victoria,Total cases,121.0,57
6007,2020-03-19,Victoria,Total cases per million,19.02814908004403,57
6008,2020-03-19,Victoria,New cases,0.0,57
6009,2020-03-19,Victoria,css_per_prsn,0.0,57
6010,2020-03-19,Victoria,New cases per week,100.0,57
6011,2020-03-19,Victoria,log10(Total cases),2.0827853703164503,57
6012,2020-03-19,Victoria,log10(New cases per week),2.0,57
6013,2020-03-19,Victoria,Slope of power-law,1.347586506233465,57
6014,2020-03-19,Victoria,Acceleration of power-law,inf,57
6015,2020-03-19,Victoria,Growth Rate,15.517241379310345,57
6016,2020-03-19,Victoria,Days since first case,57.0,57
6017,2020-03-19,Victoria,Average Growth Rate,0.033471597553920165,57
6018,2020-03-19,Victoria,Doubling time,1.9078810605734495,57
6019,2020-03-19,Western Australia,Total cases,52.0,57
6020,2020-03-19,Western Australia,Total cases per million,20.084974893781382,57
6021,2020-03-19,Western Australia,New cases,17.0,57
6022,2020-03-19,Western Australia,css_per_prsn,6.56624179219776,57
6023,2020-03-19,Western Australia,New cases per week,43.0,57
6024,2020-03-19,Western Australia,log10(Total cases),1.7160033436347992,57
6025,2020-03-19,Western Australia,log10(New cases per week),1.6334684555795864,57
6026,2020-03-19,Western Australia,Slope of power-law,1.1961456183173877,57
6027,2020-03-19,Western Australia,Acceleration of power-law,-0.7563520602839638,57
6028,2020-03-19,Western Australia,Growth Rate,21.47239263803681,57
6029,2020-03-19,Western Australia,Days since first case,57.0,57
6030,2020-03-19,Western Australia,Average Growth Rate,0.03556096377733278,57
6031,2020-03-19,Western Australia,Doubling time,2.0269749353079685,57
6032,2020-03-20,Australian Capital Territory,Total cases,6.0,58
6033,2020-03-20,Australian Capital Territory,Total cases per million,15.789473684210526,58
6034,2020-03-20,Australian Capital Territory,New cases,2.0,58
6035,2020-03-20,Australian Capital Territory,css_per_prsn,5.2631578947368425,58
6036,2020-03-20,Australian Capital Territory,New cases per week,5.0,58
6037,2020-03-20,Australian Capital Territory,log10(Total cases),0.7781512503836436,58
6038,2020-03-20,Australian Capital Territory,log10(New cases per week),0.6989700043360189,58
6039,2020-03-20,Australian Capital Territory,Slope of power-law,0.8982444017039273,58
6040,2020-03-20,Australian Capital Territory,Acceleration of power-law,-0.5778571795201767,58
6041,2020-03-20,Australian Capital Territory,Growth Rate,29.411764705882355,58
6042,2020-03-20,Australian Capital Territory,Days since first case,58.0,58
6043,2020-03-20,Australian Capital Territory,Average Growth Rate,0.0238678143709514,58
6044,2020-03-20,Australian Capital Territory,Doubling time,1.3843332335151812,58
6045,2020-03-20,New South Wales,Total cases,353.0,58
6046,2020-03-20,New South Wales,Total cases per million,46.79215270413574,58
6047,2020-03-20,New South Wales,New cases,46.0,58
6048,2020-03-20,New South Wales,css_per_prsn,6.097560975609756,58
6049,2020-03-20,New South Wales,New cases per week,261.0,58
6050,2020-03-20,New South Wales,log10(Total cases),2.5477747053878224,58
6051,2020-03-20,New South Wales,log10(New cases per week),2.416640507338281,58
6052,2020-03-20,New South Wales,Slope of power-law,0.982634889403174,58
6053,2020-03-20,New South Wales,Acceleration of power-law,0.6412670596276939,58
6054,2020-03-20,New South Wales,Growth Rate,16.743119266055043,58
6055,2020-03-20,New South Wales,Days since first case,58.0,58
6056,2020-03-20,New South Wales,Average Growth Rate,0.03732288608162194,58
6057,2020-03-20,New South Wales,Doubling time,2.1647273927340724,58
6058,2020-03-20,Northern Territory,Total cases,3.0,58
6059,2020-03-20,Northern Territory,Total cases per million,12.279983626688498,58
6060,2020-03-20,Northern Territory,New cases,2.0,58
6061,2020-03-20,Northern Territory,css_per_prsn,8.186655751125665,58
6062,2020-03-20,Northern Territory,New cases per week,2.0,58
6063,2020-03-20,Northern Territory,log10(Total cases),0.47712125471966244,58
6064,2020-03-20,Northern Territory,log10(New cases per week),0.3010299956639812,58
6065,2020-03-20,Northern Territory,Slope of power-law,0.6309297535714574,58
6066,2020-03-20,Northern Territory,Acceleration of power-law,0.0,58
6067,2020-03-20,Northern Territory,Growth Rate,28.571428571428577,58
6068,2020-03-20,Northern Territory,Days since first case,58.0,58
6069,2020-03-20,Northern Territory,Average Growth Rate,0.12130075659799036,58
6070,2020-03-20,Northern Territory,Doubling time,7.035443882683441,58
6071,2020-03-20,Queensland,Total cases,184.0,58
6072,2020-03-20,Queensland,Total cases per million,36.28475645829225,58
6073,2020-03-20,Queensland,New cases,40.0,58
6074,2020-03-20,Queensland,css_per_prsn,7.887990534411359,58
6075,2020-03-20,Queensland,New cases per week,149.0,58
6076,2020-03-20,Queensland,log10(Total cases),2.2648178230095364,58
6077,2020-03-20,Queensland,log10(New cases per week),2.173186268412274,58
6078,2020-03-20,Queensland,Slope of power-law,1.3155310661560355,58
6079,2020-03-20,Queensland,Acceleration of power-law,-0.2205465372127148,58
6080,2020-03-20,Queensland,Growth Rate,21.65492957746479,58
6081,2020-03-20,Queensland,Days since first case,58.0,58
6082,2020-03-20,Queensland,Average Growth Rate,0.03408180679698866,58
6083,2020-03-20,Queensland,Doubling time,1.9767447942253424,58
6084,2020-03-20,South Australia,Total cases,50.0,58
6085,2020-03-20,South Australia,Total cases per million,29.815146094215862,58
6086,2020-03-20,South Australia,New cases,8.0,58
6087,2020-03-20,South Australia,css_per_prsn,4.770423375074538,58
6088,2020-03-20,South Australia,New cases per week,34.0,58
6089,2020-03-20,South Australia,log10(Total cases),1.6989700043360187,58
6090,2020-03-20,South Australia,log10(New cases per week),1.5314789170422551,58
6091,2020-03-20,South Australia,Slope of power-law,1.088475748764674,58
6092,2020-03-20,South Australia,Acceleration of power-law,-1.1787615038920218,58
6093,2020-03-20,South Australia,Growth Rate,16.0427807486631,58
6094,2020-03-20,South Australia,Days since first case,58.0,58
6095,2020-03-20,South Australia,Average Growth Rate,0.04050242830681163,58
6096,2020-03-20,South Australia,Doubling time,2.3491408417950748,58
6097,2020-03-20,Tasmania,Total cases,10.0,58
6098,2020-03-20,Tasmania,Total cases per million,19.41747572815534,58
6099,2020-03-20,Tasmania,New cases,0.0,58
6100,2020-03-20,Tasmania,css_per_prsn,0.0,58
6101,2020-03-20,Tasmania,New cases per week,5.0,58
6102,2020-03-20,Tasmania,log10(Total cases),1.0,58
6103,2020-03-20,Tasmania,log10(New cases per week),0.6989700043360189,58
6104,2020-03-20,Tasmania,Slope of power-law,1.0000000000000002,58
6105,2020-03-20,Tasmania,Acceleration of power-law,-inf,58
6106,2020-03-20,Tasmania,Growth Rate,9.090909090909092,58
6107,2020-03-20,Tasmania,Days since first case,58.0,58
6108,2020-03-20,Tasmania,Average Growth Rate,0.05365367074071775,58
6109,2020-03-20,Tasmania,Doubling time,3.1119129029616297,58
6110,2020-03-20,Victoria,Total cases,121.0,58
6111,2020-03-20,Victoria,Total cases per million,19.02814908004403,58
6112,2020-03-20,Victoria,New cases,0.0,58
6113,2020-03-20,Victoria,css_per_prsn,0.0,58
6114,2020-03-20,Victoria,New cases per week,85.0,58
6115,2020-03-20,Victoria,log10(Total cases),2.0827853703164503,58
6116,2020-03-20,Victoria,log10(New cases per week),1.9294189257142926,58
6117,2020-03-20,Victoria,Slope of power-law,1.1784426046642664,58
6118,2020-03-20,Victoria,Acceleration of power-law,-inf,58
6119,2020-03-20,Victoria,Growth Rate,12.121212121212123,58
6120,2020-03-20,Victoria,Days since first case,58.0,58
6121,2020-03-20,Victoria,Average Growth Rate,0.03668681882775889,58
6122,2020-03-20,Victoria,Doubling time,2.1278354920100155,58
6123,2020-03-20,Western Australia,Total cases,64.0,58
6124,2020-03-20,Western Australia,Total cases per million,24.719969100038625,58
6125,2020-03-20,Western Australia,New cases,12.0,58
6126,2020-03-20,Western Australia,css_per_prsn,4.634994206257242,58
6127,2020-03-20,Western Australia,New cases per week,50.0,58
6128,2020-03-20,Western Australia,log10(Total cases),1.806179973983887,58
6129,2020-03-20,Western Australia,log10(New cases per week),1.6989700043360187,58
6130,2020-03-20,Western Australia,Slope of power-law,1.0670032731834425,58
6131,2020-03-20,Western Australia,Acceleration of power-law,-1.432104356017907,58
6132,2020-03-20,Western Australia,Growth Rate,22.380952380952383,58
6133,2020-03-20,Western Australia,Days since first case,58.0,58
6134,2020-03-20,Western Australia,Average Growth Rate,0.03359140829069412,58
6135,2020-03-20,Western Australia,Doubling time,1.948301680860259,58
6136,2020-03-21,Australian Capital Territory,Total cases,9.0,59
6137,2020-03-21,Australian Capital Territory,Total cases per million,23.684210526315788,59
6138,2020-03-21,Australian Capital Territory,New cases,3.0,59
6139,2020-03-21,Australian Capital Territory,css_per_prsn,7.894736842105263,59
6140,2020-03-21,Australian Capital Territory,New cases per week,8.0,59
6141,2020-03-21,Australian Capital Territory,log10(Total cases),0.9542425094393249,59
6142,2020-03-21,Australian Capital Territory,log10(New cases per week),0.9030899869919435,59
6143,2020-03-21,Australian Capital Territory,Slope of power-law,0.9463946303571861,59
6144,2020-03-21,Australian Capital Territory,Acceleration of power-law,0.2734390617198857,59
6145,2020-03-21,Australian Capital Territory,Growth Rate,29.166666666666668,59
6146,2020-03-21,Australian Capital Territory,Days since first case,59.0,59
6147,2020-03-21,Australian Capital Territory,Average Growth Rate,0.02579208304975945,59
6148,2020-03-21,Australian Capital Territory,Doubling time,1.5217328999358075,59
6149,2020-03-21,New South Wales,Total cases,436.0,59
6150,2020-03-21,New South Wales,Total cases per million,57.79427359490987,59
6151,2020-03-21,New South Wales,New cases,83.0,59
6152,2020-03-21,New South Wales,css_per_prsn,11.002120890774126,59
6153,2020-03-21,New South Wales,New cases per week,324.0,59
6154,2020-03-21,New South Wales,log10(Total cases),2.639486489268586,59
6155,2020-03-21,New South Wales,log10(New cases per week),2.510545010206612,59
6156,2020-03-21,New South Wales,Slope of power-law,1.0610997623898852,59
6157,2020-03-21,New South Wales,Acceleration of power-law,0.8555593367230226,59
6158,2020-03-21,New South Wales,Growth Rate,16.846789574062303,59
6159,2020-03-21,New South Wales,Days since first case,59.0,59
6160,2020-03-21,New South Wales,Average Growth Rate,0.03798562638592043,59
6161,2020-03-21,New South Wales,Doubling time,2.2411519567693055,59
6162,2020-03-21,Northern Territory,Total cases,3.0,59
6163,2020-03-21,Northern Territory,Total cases per million,12.279983626688498,59
6164,2020-03-21,Northern Territory,New cases,0.0,59
6165,2020-03-21,Northern Territory,css_per_prsn,0.0,59
6166,2020-03-21,Northern Territory,New cases per week,2.0,59
6167,2020-03-21,Northern Territory,log10(Total cases),0.47712125471966244,59
6168,2020-03-21,Northern Territory,log10(New cases per week),0.3010299956639812,59
6169,2020-03-21,Northern Territory,Slope of power-law,0.6309297535714574,59
6170,2020-03-21,Northern Territory,Acceleration of power-law,0.0,59
6171,2020-03-21,Northern Territory,Growth Rate,22.222222222222225,59
6172,2020-03-21,Northern Territory,Days since first case,59.0,59
6173,2020-03-21,Northern Territory,Average Growth Rate,0.0682316755863696,59
6174,2020-03-21,Northern Territory,Doubling time,4.025668859595807,59
6175,2020-03-21,Queensland,Total cases,221.0,59
6176,2020-03-21,Queensland,Total cases per million,43.58114770262276,59
6177,2020-03-21,Queensland,New cases,37.0,59
6178,2020-03-21,Queensland,css_per_prsn,7.296391244330507,59
6179,2020-03-21,Queensland,New cases per week,175.0,59
6180,2020-03-21,Queensland,log10(Total cases),2.3443922736851106,59
6181,2020-03-21,Queensland,log10(New cases per week),2.2430380486862944,59
6182,2020-03-21,Queensland,Slope of power-law,1.23523302154582,59
6183,2020-03-21,Queensland,Acceleration of power-law,-1.009093294750992,59
6184,2020-03-21,Queensland,Growth Rate,21.220527045769767,59
6185,2020-03-21,Queensland,Days since first case,59.0,59
6186,2020-03-21,Queensland,Average Growth Rate,0.033964583664091545,59
6187,2020-03-21,Queensland,Doubling time,2.003910436181401,59
6188,2020-03-21,South Australia,Total cases,67.0,59
6189,2020-03-21,South Australia,Total cases per million,39.95229576624925,59
6190,2020-03-21,South Australia,New cases,17.0,59
6191,2020-03-21,South Australia,css_per_prsn,10.137149672033393,59
6192,2020-03-21,South Australia,New cases per week,48.0,59
6193,2020-03-21,South Australia,log10(Total cases),1.8260748027008264,59
6194,2020-03-21,South Australia,log10(New cases per week),1.6812412373755872,59
6195,2020-03-21,South Australia,Slope of power-law,1.2378312370266031,59
6196,2020-03-21,South Australia,Acceleration of power-law,1.1750578277403745,59
6197,2020-03-21,South Australia,Growth Rate,16.88888888888889,59
6198,2020-03-21,South Australia,Days since first case,59.0,59
6199,2020-03-21,South Australia,Average Growth Rate,0.04281217609225456,59
6200,2020-03-21,South Australia,Doubling time,2.525918389443019,59
6201,2020-03-21,Tasmania,Total cases,16.0,59
6202,2020-03-21,Tasmania,Total cases per million,31.067961165048544,59
6203,2020-03-21,Tasmania,New cases,6.0,59
6204,2020-03-21,Tasmania,css_per_prsn,11.650485436893204,59
6205,2020-03-21,Tasmania,New cases per week,11.0,59
6206,2020-03-21,Tasmania,log10(Total cases),1.2041199826559248,59
6207,2020-03-21,Tasmania,log10(New cases per week),1.0413926851582251,59
6208,2020-03-21,Tasmania,Slope of power-law,1.018382372684362,59
6209,2020-03-21,Tasmania,Acceleration of power-law,0.09005670314673696,59
6210,2020-03-21,Tasmania,Growth Rate,16.9811320754717,59
6211,2020-03-21,Tasmania,Days since first case,59.0,59
6212,2020-03-21,Tasmania,Average Growth Rate,0.052359554229944746,59
6213,2020-03-21,Tasmania,Doubling time,3.08921369956674,59
6214,2020-03-21,Victoria,Total cases,229.0,59
6215,2020-03-21,Victoria,Total cases per million,36.01195156471143,59
6216,2020-03-21,Victoria,New cases,108.0,59
6217,2020-03-21,Victoria,css_per_prsn,16.9838024846674,59
6218,2020-03-21,Victoria,New cases per week,180.0,59
6219,2020-03-21,Victoria,log10(Total cases),2.359835482339888,59
6220,2020-03-21,Victoria,log10(New cases per week),2.255272505103306,59
6221,2020-03-21,Victoria,Slope of power-law,1.1698736338585802,59
6222,2020-03-21,Victoria,Acceleration of power-law,-0.030929317238324316,59
6223,2020-03-21,Victoria,Growth Rate,23.032069970845484,59
6224,2020-03-21,Victoria,Days since first case,59.0,59
6225,2020-03-21,Victoria,Average Growth Rate,0.03605158238949275,59
6226,2020-03-21,Victoria,Doubling time,2.127043360980072,59
6227,2020-03-21,Western Australia,Total cases,90.0,59
6228,2020-03-21,Western Australia,Total cases per million,34.762456546929315,59
6229,2020-03-21,Western Australia,New cases,26.0,59
6230,2020-03-21,Western Australia,css_per_prsn,10.042487446890691,59
6231,2020-03-21,Western Australia,New cases per week,73.0,59
6232,2020-03-21,Western Australia,log10(Total cases),1.954242509439325,59
6233,2020-03-21,Western Australia,log10(New cases per week),1.863322860120456,59
6234,2020-03-21,Western Australia,Slope of power-law,1.018224820106199,59
6235,2020-03-21,Western Australia,Acceleration of power-law,-0.32944493978305706,59
6236,2020-03-21,Western Australia,Growth Rate,22.794117647058826,59
6237,2020-03-21,Western Australia,Days since first case,59.0,59
6238,2020-03-21,Western Australia,Average Growth Rate,0.03344838058100345,59
6239,2020-03-21,Western Australia,Doubling time,1.9734544542792039,59
6240,2020-03-22,Australian Capital Territory,Total cases,19.0,60
6241,2020-03-22,Australian Capital Territory,Total cases per million,50.0,60
6242,2020-03-22,Australian Capital Territory,New cases,10.0,60
6243,2020-03-22,Australian Capital Territory,css_per_prsn,26.31578947368421,60
6244,2020-03-22,Australian Capital Territory,New cases per week,18.0,60
6245,2020-03-22,Australian Capital Territory,log10(Total cases),1.2787536009528289,60
6246,2020-03-22,Australian Capital Territory,log10(New cases per week),1.255272505103306,60
6247,2020-03-22,Australian Capital Territory,Slope of power-law,0.9816375134099121,60
6248,2020-03-22,Australian Capital Territory,Acceleration of power-law,0.10860301534950609,60
6249,2020-03-22,Australian Capital Territory,Growth Rate,41.463414634146346,60
6250,2020-03-22,Australian Capital Territory,Days since first case,60.0,60
6251,2020-03-22,Australian Capital Territory,Average Growth Rate,0.023534158362461807,60
6252,2020-03-22,Australian Capital Territory,Doubling time,1.4120495017477084,60
6253,2020-03-22,New South Wales,Total cases,669.0,60
6254,2020-03-22,New South Wales,Total cases per million,88.6797454931071,60
6255,2020-03-22,New South Wales,New cases,233.0,60
6256,2020-03-22,New South Wales,css_per_prsn,30.885471898197245,60
6257,2020-03-22,New South Wales,New cases per week,535.0,60
6258,2020-03-22,New South Wales,log10(Total cases),2.8254261177678233,60
6259,2020-03-22,New South Wales,log10(New cases per week),2.7283537820212285,60
6260,2020-03-22,New South Wales,Slope of power-law,1.081354594706691,60
6261,2020-03-22,New South Wales,Acceleration of power-law,0.10893230496525794,60
6262,2020-03-22,New South Wales,Growth Rate,22.588582677165356,60
6263,2020-03-22,New South Wales,Days since first case,60.0,60
6264,2020-03-22,New South Wales,Average Growth Rate,0.03700346307431655,60
6265,2020-03-22,New South Wales,Doubling time,2.220207784458993,60
6266,2020-03-22,Northern Territory,Total cases,5.0,60
6267,2020-03-22,Northern Territory,Total cases per million,20.466639377814165,60
6268,2020-03-22,Northern Territory,New cases,2.0,60
6269,2020-03-22,Northern Territory,css_per_prsn,8.186655751125665,60
6270,2020-03-22,Northern Territory,New cases per week,4.0,60
6271,2020-03-22,Northern Territory,log10(Total cases),0.6989700043360189,60
6272,2020-03-22,Northern Territory,log10(New cases per week),0.6020599913279624,60
6273,2020-03-22,Northern Territory,Slope of power-law,0.861353116146786,60
6274,2020-03-22,Northern Territory,Acceleration of power-law,1.038650715741244,60
6275,2020-03-22,Northern Territory,Growth Rate,30.76923076923077,60
6276,2020-03-22,Northern Territory,Days since first case,60.0,60
6277,2020-03-22,Northern Territory,Average Growth Rate,0.04249158240109244,60
6278,2020-03-22,Northern Territory,Doubling time,2.5494949440655463,60
6279,2020-03-22,Queensland,Total cases,259.0,60
6280,2020-03-22,Queensland,Total cases per million,51.074738710313554,60
6281,2020-03-22,Queensland,New cases,38.0,60
6282,2020-03-22,Queensland,css_per_prsn,7.4935910076907915,60
6283,2020-03-22,Queensland,New cases per week,198.0,60
6284,2020-03-22,Queensland,log10(Total cases),2.413299764081252,60
6285,2020-03-22,Queensland,log10(New cases per week),2.296665190261531,60
6286,2020-03-22,Queensland,Slope of power-law,1.3050495405559879,60
6287,2020-03-22,Queensland,Acceleration of power-law,1.0131920145226685,60
6288,2020-03-22,Queensland,Growth Rate,20.066518847006655,60
6289,2020-03-22,Queensland,Days since first case,60.0,60
6290,2020-03-22,Queensland,Average Growth Rate,0.033988689604307606,60
6291,2020-03-22,Queensland,Doubling time,2.0393213762584566,60
6292,2020-03-22,South Australia,Total cases,100.0,60
6293,2020-03-22,South Australia,Total cases per million,59.630292188431724,60
6294,2020-03-22,South Australia,New cases,33.0,60
6295,2020-03-22,South Australia,css_per_prsn,19.677996422182467,60
6296,2020-03-22,South Australia,New cases per week,80.0,60
6297,2020-03-22,South Australia,log10(Total cases),2.0,60
6298,2020-03-22,South Australia,log10(New cases per week),1.9030899869919435,60
6299,2020-03-22,South Australia,Slope of power-law,1.2441029659433216,60
6300,2020-03-22,South Australia,Acceleration of power-law,0.0360599212426379,60
6301,2020-03-22,South Australia,Growth Rate,23.986486486486484,60
6302,2020-03-22,South Australia,Days since first case,60.0,60
6303,2020-03-22,South Australia,Average Growth Rate,0.039726691687042036,60
6304,2020-03-22,South Australia,Doubling time,2.3836015012225222,60
6305,2020-03-22,Tasmania,Total cases,22.0,60
6306,2020-03-22,Tasmania,Total cases per million,42.71844660194175,60
6307,2020-03-22,Tasmania,New cases,6.0,60
6308,2020-03-22,Tasmania,css_per_prsn,11.650485436893204,60
6309,2020-03-22,Tasmania,New cases per week,16.0,60
6310,2020-03-22,Tasmania,log10(Total cases),1.3424226808222062,60
6311,2020-03-22,Tasmania,log10(New cases per week),1.2041199826559248,60
6312,2020-03-22,Tasmania,Slope of power-law,1.0436709795563444,60
6313,2020-03-22,Tasmania,Acceleration of power-law,0.18284970002232293,60
6314,2020-03-22,Tasmania,Growth Rate,22.058823529411764,60
6315,2020-03-22,Tasmania,Days since first case,60.0,60
6316,2020-03-22,Tasmania,Average Growth Rate,0.04626126753138639,60
6317,2020-03-22,Tasmania,Doubling time,2.7756760518831833,60
6318,2020-03-22,Victoria,Total cases,355.0,60
6319,2020-03-22,Victoria,Total cases per million,55.8263877968234,60
6320,2020-03-22,Victoria,New cases,126.0,60
6321,2020-03-22,Victoria,css_per_prsn,19.814436232111966,60
6322,2020-03-22,Victoria,New cases per week,298.0,60
6323,2020-03-22,Victoria,log10(Total cases),2.550228353055094,60
6324,2020-03-22,Victoria,log10(New cases per week),2.4742162640762553,60
6325,2020-03-22,Victoria,Slope of power-law,1.1667858385970373,60
6326,2020-03-22,Victoria,Acceleration of power-law,-0.016218019350954023,60
6327,2020-03-22,Victoria,Growth Rate,27.560718057022175,60
6328,2020-03-22,Victoria,Days since first case,60.0,60
6329,2020-03-22,Victoria,Average Growth Rate,0.03468687235411052,60
6330,2020-03-22,Victoria,Doubling time,2.0812123412466312,60
6331,2020-03-22,Western Australia,Total cases,120.0,60
6332,2020-03-22,Western Australia,Total cases per million,46.349942062572424,60
6333,2020-03-22,Western Australia,New cases,30.0,60
6334,2020-03-22,Western Australia,css_per_prsn,11.587485515643106,60
6335,2020-03-22,Western Australia,New cases per week,103.0,60
6336,2020-03-22,Western Australia,log10(Total cases),2.0791812460476247,60
6337,2020-03-22,Western Australia,log10(New cases per week),2.012837224705172,60
6338,2020-03-22,Western Australia,Slope of power-law,1.0975584128644351,60
6339,2020-03-22,Western Australia,Acceleration of power-law,0.6349799502692107,60
6340,2020-03-22,Western Australia,Growth Rate,24.653739612188367,60
6341,2020-03-22,Western Australia,Days since first case,60.0,60
6342,2020-03-22,Western Australia,Average Growth Rate,0.03217730834303673,60
6343,2020-03-22,Western Australia,Doubling time,1.930638500582204,60
6344,2020-03-23,Australian Capital Territory,Total cases,32.0,61
6345,2020-03-23,Australian Capital Territory,Total cases per million,84.21052631578948,61
6346,2020-03-23,Australian Capital Territory,New cases,13.0,61
6347,2020-03-23,Australian Capital Territory,css_per_prsn,34.21052631578947,61
6348,2020-03-23,Australian Capital Territory,New cases per week,30.0,61
6349,2020-03-23,Australian Capital Territory,log10(Total cases),1.505149978319906,61
6350,2020-03-23,Australian Capital Territory,log10(New cases per week),1.4771212547196624,61
6351,2020-03-23,Australian Capital Territory,Slope of power-law,0.9813781191217036,61
6352,2020-03-23,Australian Capital Territory,Acceleration of power-law,-0.001145752821777518,61
6353,2020-03-23,Australian Capital Territory,Growth Rate,41.42857142857142,61
6354,2020-03-23,Australian Capital Territory,Days since first case,61.0,61
6355,2020-03-23,Australian Capital Territory,Average Growth Rate,0.02081892961040602,61
6356,2020-03-23,Australian Capital Territory,Doubling time,1.2699547062347674,61
6357,2020-03-23,New South Wales,Total cases,669.0,61
6358,2020-03-23,New South Wales,Total cases per million,88.6797454931071,61
6359,2020-03-23,New South Wales,New cases,0.0,61
6360,2020-03-23,New South Wales,css_per_prsn,0.0,61
6361,2020-03-23,New South Wales,New cases per week,498.0,61
6362,2020-03-23,New South Wales,log10(Total cases),2.8254261177678233,61
6363,2020-03-23,New South Wales,log10(New cases per week),2.6972293427597176,61
6364,2020-03-23,New South Wales,Slope of power-law,1.0186239596985838,61
6365,2020-03-23,New South Wales,Acceleration of power-law,-inf,61
6366,2020-03-23,New South Wales,Growth Rate,16.516023007395237,61
6367,2020-03-23,New South Wales,Days since first case,61.0,61
6368,2020-03-23,New South Wales,Average Growth Rate,0.038252796517440846,61
6369,2020-03-23,New South Wales,Doubling time,2.3334205875638916,61
6370,2020-03-23,Northern Territory,Total cases,5.0,61
6371,2020-03-23,Northern Territory,Total cases per million,20.466639377814165,61
6372,2020-03-23,Northern Territory,New cases,0.0,61
6373,2020-03-23,Northern Territory,css_per_prsn,0.0,61
6374,2020-03-23,Northern Territory,New cases per week,4.0,61
6375,2020-03-23,Northern Territory,log10(Total cases),0.6989700043360189,61
6376,2020-03-23,Northern Territory,log10(New cases per week),0.6020599913279624,61
6377,2020-03-23,Northern Territory,Slope of power-law,0.861353116146786,61
6378,2020-03-23,Northern Territory,Acceleration of power-law,0.0,61
6379,2020-03-23,Northern Territory,Growth Rate,23.529411764705884,61
6380,2020-03-23,Northern Territory,Days since first case,61.0,61
6381,2020-03-23,Northern Territory,Average Growth Rate,0.03297802144250997,61
6382,2020-03-23,Northern Territory,Doubling time,2.011659307993108,61
6383,2020-03-23,Queensland,Total cases,319.0,61
6384,2020-03-23,Queensland,Total cases per million,62.90672451193059,61
6385,2020-03-23,Queensland,New cases,60.0,61
6386,2020-03-23,Queensland,css_per_prsn,11.831985801617039,61
6387,2020-03-23,Queensland,New cases per week,251.0,61
6388,2020-03-23,Queensland,log10(Total cases),2.503790683057181,61
6389,2020-03-23,Queensland,log10(New cases per week),2.399673721481038,61
6390,2020-03-23,Queensland,Slope of power-law,1.1016214456328055,61
6391,2020-03-23,Queensland,Acceleration of power-law,-2.2480498289258724,61
6392,2020-03-23,Queensland,Growth Rate,19.964507542147295,61
6393,2020-03-23,Queensland,Days since first case,61.0,61
6394,2020-03-23,Queensland,Average Growth Rate,0.033029356914490125,61
6395,2020-03-23,Queensland,Doubling time,2.0147907717838978,61
6396,2020-03-23,South Australia,Total cases,134.0,61
6397,2020-03-23,South Australia,Total cases per million,79.9045915324985,61
6398,2020-03-23,South Australia,New cases,34.0,61
6399,2020-03-23,South Australia,css_per_prsn,20.274299344066787,61
6400,2020-03-23,South Australia,New cases per week,105.0,61
6401,2020-03-23,South Australia,log10(Total cases),2.1271047983648077,61
6402,2020-03-23,South Australia,log10(New cases per week),2.0211892990699383,61
6403,2020-03-23,South Australia,Slope of power-law,1.155974368669503,61
6404,2020-03-23,South Australia,Acceleration of power-law,-0.6933538183261799,61
6405,2020-03-23,South Australia,Growth Rate,24.681933842239186,61
6406,2020-03-23,South Australia,Days since first case,61.0,61
6407,2020-03-23,South Australia,Average Growth Rate,0.03600773122855592,61
6408,2020-03-23,South Australia,Doubling time,2.196471604941911,61
6409,2020-03-23,Tasmania,Total cases,28.0,61
6410,2020-03-23,Tasmania,Total cases per million,54.36893203883495,61
6411,2020-03-23,Tasmania,New cases,6.0,61
6412,2020-03-23,Tasmania,css_per_prsn,11.650485436893204,61
6413,2020-03-23,Tasmania,New cases per week,21.0,61
6414,2020-03-23,Tasmania,log10(Total cases),1.4471580313422192,61
6415,2020-03-23,Tasmania,log10(New cases per week),1.3222192947339193,61
6416,2020-03-23,Tasmania,Slope of power-law,0.9625378613549891,61
6417,2020-03-23,Tasmania,Acceleration of power-law,-0.7746488439531426,61
6418,2020-03-23,Tasmania,Growth Rate,20.930232558139537,61
6419,2020-03-23,Tasmania,Days since first case,61.0,61
6420,2020-03-23,Tasmania,Average Growth Rate,0.04249251198778645,61
6421,2020-03-23,Tasmania,Doubling time,2.5920432312549733,61
6422,2020-03-23,Victoria,Total cases,355.0,61
6423,2020-03-23,Victoria,Total cases per million,55.8263877968234,61
6424,2020-03-23,Victoria,New cases,0.0,61
6425,2020-03-23,Victoria,css_per_prsn,0.0,61
6426,2020-03-23,Victoria,New cases per week,284.0,61
6427,2020-03-23,Victoria,log10(Total cases),2.550228353055094,61
6428,2020-03-23,Victoria,log10(New cases per week),2.4533183400470375,61
6429,2020-03-23,Victoria,Slope of power-law,1.0446905970764007,61
6430,2020-03-23,Victoria,Acceleration of power-law,-inf,61
6431,2020-03-23,Victoria,Growth Rate,19.813717188823034,61
6432,2020-03-23,Victoria,Days since first case,61.0,61
6433,2020-03-23,Victoria,Average Growth Rate,0.03534843553553627,61
6434,2020-03-23,Victoria,Doubling time,2.1562545676677125,61
6435,2020-03-23,Western Australia,Total cases,140.0,61
6436,2020-03-23,Western Australia,Total cases per million,54.07493240633449,61
6437,2020-03-23,Western Australia,New cases,20.0,61
6438,2020-03-23,Western Australia,css_per_prsn,7.72499034376207,61
6439,2020-03-23,Western Australia,New cases per week,112.0,61
6440,2020-03-23,Western Australia,log10(Total cases),2.146128035678238,61
6441,2020-03-23,Western Australia,log10(New cases per week),2.0492180226701815,61
6442,2020-03-23,Western Australia,Slope of power-law,1.0078253375119561,61
6443,2020-03-23,Western Australia,Acceleration of power-law,-1.340364128699694,61
6444,2020-03-23,Western Australia,Growth Rate,22.532188841201716,61
6445,2020-03-23,Western Australia,Days since first case,61.0,61
6446,2020-03-23,Western Australia,Average Growth Rate,0.03044568793670876,61
6447,2020-03-23,Western Australia,Doubling time,1.8571869641392345,61
6448,2020-03-24,Australian Capital Territory,Total cases,39.0,62
6449,2020-03-24,Australian Capital Territory,Total cases per million,102.63157894736842,62
6450,2020-03-24,Australian Capital Territory,New cases,7.0,62
6451,2020-03-24,Australian Capital Territory,css_per_prsn,18.42105263157895,62
6452,2020-03-24,Australian Capital Territory,New cases per week,37.0,62
6453,2020-03-24,Australian Capital Territory,log10(Total cases),1.591064607026499,62
6454,2020-03-24,Australian Capital Territory,log10(New cases per week),1.568201724066995,62
6455,2020-03-24,Australian Capital Territory,Slope of power-law,0.985630449663366,62
6456,2020-03-24,Australian Capital Territory,Acceleration of power-law,0.04949483697572083,62
6457,2020-03-24,Australian Capital Territory,Growth Rate,33.33333333333333,62
6458,2020-03-24,Australian Capital Territory,Days since first case,62.0,62
6459,2020-03-24,Australian Capital Territory,Average Growth Rate,0.01982643900694993,62
6460,2020-03-24,Australian Capital Territory,Doubling time,1.2292392184308958,62
6461,2020-03-24,New South Wales,Total cases,818.0,62
6462,2020-03-24,New South Wales,Total cases per million,108.43054082714741,62
6463,2020-03-24,New South Wales,New cases,149.0,62
6464,2020-03-24,New South Wales,css_per_prsn,19.750795334040298,62
6465,2020-03-24,New South Wales,New cases per week,608.0,62
6466,2020-03-24,New South Wales,log10(Total cases),2.912753303671323,62
6467,2020-03-24,New South Wales,log10(New cases per week),2.783903579272735,62
6468,2020-03-24,New South Wales,Slope of power-law,0.9954709577288448,62
6469,2020-03-24,New South Wales,Acceleration of power-law,-0.2651293721444779,62
6470,2020-03-24,New South Wales,Growth Rate,17.351443123938882,62
6471,2020-03-24,New South Wales,Days since first case,62.0,62
6472,2020-03-24,New South Wales,Average Growth Rate,0.03848852289765129,62
6473,2020-03-24,New South Wales,Doubling time,2.38628841965438,62
6474,2020-03-24,Northern Territory,Total cases,6.0,62
6475,2020-03-24,Northern Territory,Total cases per million,24.559967253376996,62
6476,2020-03-24,Northern Territory,New cases,1.0,62
6477,2020-03-24,Northern Territory,css_per_prsn,4.093327875562832,62
6478,2020-03-24,Northern Territory,New cases per week,5.0,62
6479,2020-03-24,Northern Territory,log10(Total cases),0.7781512503836436,62
6480,2020-03-24,Northern Territory,log10(New cases per week),0.6989700043360189,62
6481,2020-03-24,Northern Territory,Slope of power-law,0.8982444017039273,62
6482,2020-03-24,Northern Territory,Acceleration of power-law,0.46590938383253583,62
6483,2020-03-24,Northern Territory,Growth Rate,22.727272727272727,62
6484,2020-03-24,Northern Territory,Days since first case,62.0,62
6485,2020-03-24,Northern Territory,Average Growth Rate,0.027114283124011165,62
6486,2020-03-24,Northern Territory,Doubling time,1.6810855536886922,62
6487,2020-03-24,Queensland,Total cases,397.0,62
6488,2020-03-24,Queensland,Total cases per million,78.28830605403274,62
6489,2020-03-24,Queensland,New cases,78.0,62
6490,2020-03-24,Queensland,css_per_prsn,15.38158154210215,62
6491,2020-03-24,Queensland,New cases per week,319.0,62
6492,2020-03-24,Queensland,log10(Total cases),2.598790506763115,62
6493,2020-03-24,Queensland,log10(New cases per week),2.503790683057181,62
6494,2020-03-24,Queensland,Slope of power-law,1.0526093473109392,62
6495,2020-03-24,Queensland,Acceleration of power-law,-0.5159177818432594,62
6496,2020-03-24,Queensland,Growth Rate,18.333333333333336,62
6497,2020-03-24,Queensland,Days since first case,62.0,62
6498,2020-03-24,Queensland,Average Growth Rate,0.03423293352256442,62
6499,2020-03-24,Queensland,Doubling time,2.1224418783989942,62
6500,2020-03-24,South Australia,Total cases,170.0,62
6501,2020-03-24,South Australia,Total cases per million,101.37149672033392,62
6502,2020-03-24,South Australia,New cases,36.0,62
6503,2020-03-24,South Australia,css_per_prsn,21.46690518783542,62
6504,2020-03-24,South Australia,New cases per week,141.0,62
6505,2020-03-24,South Australia,log10(Total cases),2.230448921378274,62
6506,2020-03-24,South Australia,log10(New cases per week),2.1492191126553797,62
6507,2020-03-24,South Australia,Slope of power-law,1.1243491941616417,62
6508,2020-03-24,South Australia,Acceleration of power-law,-0.3060181226148711,62
6509,2020-03-24,South Australia,Growth Rate,24.568138195777355,62
6510,2020-03-24,South Australia,Days since first case,62.0,62
6511,2020-03-24,South Australia,Average Growth Rate,0.032643814093889105,62
6512,2020-03-24,South Australia,Doubling time,2.0239164738211244,62
6513,2020-03-24,Tasmania,Total cases,28.0,62
6514,2020-03-24,Tasmania,Total cases per million,54.36893203883495,62
6515,2020-03-24,Tasmania,New cases,0.0,62
6516,2020-03-24,Tasmania,css_per_prsn,0.0,62
6517,2020-03-24,Tasmania,New cases per week,21.0,62
6518,2020-03-24,Tasmania,log10(Total cases),1.4471580313422192,62
6519,2020-03-24,Tasmania,log10(New cases per week),1.3222192947339193,62
6520,2020-03-24,Tasmania,Slope of power-law,0.9625378613549891,62
6521,2020-03-24,Tasmania,Acceleration of power-law,0.0,62
6522,2020-03-24,Tasmania,Growth Rate,17.307692307692307,62
6523,2020-03-24,Tasmania,Days since first case,62.0,62
6524,2020-03-24,Tasmania,Average Growth Rate,0.0401271792784234,62
6525,2020-03-24,Tasmania,Doubling time,2.4878851152622508,62
6526,2020-03-24,Victoria,Total cases,411.0,62
6527,2020-03-24,Victoria,Total cases per million,64.63280389998427,62
6528,2020-03-24,Victoria,New cases,56.0,62
6529,2020-03-24,Victoria,css_per_prsn,8.806416103160874,62
6530,2020-03-24,Victoria,New cases per week,317.0,62
6531,2020-03-24,Victoria,log10(Total cases),2.6138418218760693,62
6532,2020-03-24,Victoria,log10(New cases per week),2.5010592622177517,62
6533,2020-03-24,Victoria,Slope of power-law,0.9974339986217299,62
6534,2020-03-24,Victoria,Acceleration of power-law,-0.7428709568985021,62
6535,2020-03-24,Victoria,Growth Rate,19.714479945615228,62
6536,2020-03-24,Victoria,Days since first case,62.0,62
6537,2020-03-24,Victoria,Average Growth Rate,0.033897314366095097,62
6538,2020-03-24,Victoria,Doubling time,2.101633490697896,62
6539,2020-03-24,Western Australia,Total cases,175.0,62
6540,2020-03-24,Western Australia,Total cases per million,67.59366550791812,62
6541,2020-03-24,Western Australia,New cases,35.0,62
6542,2020-03-24,Western Australia,css_per_prsn,13.518733101583623,62
6543,2020-03-24,Western Australia,New cases per week,144.0,62
6544,2020-03-24,Western Australia,log10(Total cases),2.2430380486862944,62
6545,2020-03-24,Western Australia,log10(New cases per week),2.1583624920952498,62
6546,2020-03-24,Western Australia,Slope of power-law,0.9996497385944173,62
6547,2020-03-24,Western Australia,Acceleration of power-law,-0.08436278836180924,62
6548,2020-03-24,Western Australia,Growth Rate,20.882852292020377,62
6549,2020-03-24,Western Australia,Days since first case,62.0,62
6550,2020-03-24,Western Australia,Average Growth Rate,0.030604186268214883,62
6551,2020-03-24,Western Australia,Doubling time,1.8974595486293226,62
6552,2020-03-25,Australian Capital Territory,Total cases,39.0,63
6553,2020-03-25,Australian Capital Territory,Total cases per million,102.63157894736842,63
6554,2020-03-25,Australian Capital Territory,New cases,0.0,63
6555,2020-03-25,Australian Capital Territory,css_per_prsn,0.0,63
6556,2020-03-25,Australian Capital Territory,New cases per week,36.0,63
6557,2020-03-25,Australian Capital Territory,log10(Total cases),1.591064607026499,63
6558,2020-03-25,Australian Capital Territory,log10(New cases per week),1.5563025007672873,63
6559,2020-03-25,Australian Capital Territory,Slope of power-law,0.9781516689481404,63
6560,2020-03-25,Australian Capital Territory,Acceleration of power-law,-inf,63
6561,2020-03-25,Australian Capital Territory,Growth Rate,23.913043478260867,63
6562,2020-03-25,Australian Capital Territory,Days since first case,63.0,63
6563,2020-03-25,Australian Capital Territory,Average Growth Rate,0.02047036589637096,63
6564,2020-03-25,Australian Capital Territory,Doubling time,1.2896330514713705,63
6565,2020-03-25,New South Wales,Total cases,1029.0,63
6566,2020-03-25,New South Wales,Total cases per million,136.39978791092258,63
6567,2020-03-25,New South Wales,New cases,211.0,63
6568,2020-03-25,New South Wales,css_per_prsn,27.969247083775187,63
6569,2020-03-25,New South Wales,New cases per week,762.0,63
6570,2020-03-25,New South Wales,log10(Total cases),3.012415374762433,63
6571,2020-03-25,New South Wales,log10(New cases per week),2.8819549713396007,63
6572,2020-03-25,New South Wales,Slope of power-law,1.0162351634393572,63
6573,2020-03-25,New South Wales,Acceleration of power-law,0.20834611887134105,63
6574,2020-03-25,New South Wales,Growth Rate,18.668876001104664,63
6575,2020-03-25,New South Wales,Days since first case,63.0,63
6576,2020-03-25,New South Wales,Average Growth Rate,0.0376826280343342,63
6577,2020-03-25,New South Wales,Doubling time,2.3740055661630546,63
6578,2020-03-25,Northern Territory,Total cases,6.0,63
6579,2020-03-25,Northern Territory,Total cases per million,24.559967253376996,63
6580,2020-03-25,Northern Territory,New cases,0.0,63
6581,2020-03-25,Northern Territory,css_per_prsn,0.0,63
6582,2020-03-25,Northern Territory,New cases per week,5.0,63
6583,2020-03-25,Northern Territory,log10(Total cases),0.7781512503836436,63
6584,2020-03-25,Northern Territory,log10(New cases per week),0.6989700043360189,63
6585,2020-03-25,Northern Territory,Slope of power-law,0.8982444017039273,63
6586,2020-03-25,Northern Territory,Acceleration of power-law,0.0,63
6587,2020-03-25,Northern Territory,Growth Rate,12.0,63
6588,2020-03-25,Northern Territory,Days since first case,63.0,63
6589,2020-03-25,Northern Territory,Average Growth Rate,0.031153203830633882,63
6590,2020-03-25,Northern Territory,Doubling time,1.9626518413299345,63
6591,2020-03-25,Queensland,Total cases,443.0,63
6592,2020-03-25,Queensland,Total cases per million,87.3594951686058,63
6593,2020-03-25,Queensland,New cases,46.0,63
6594,2020-03-25,Queensland,css_per_prsn,9.071189114573063,63
6595,2020-03-25,Queensland,New cases per week,349.0,63
6596,2020-03-25,Queensland,log10(Total cases),2.6464037262230695,63
6597,2020-03-25,Queensland,log10(New cases per week),2.5428254269591797,63
6598,2020-03-25,Queensland,Slope of power-law,1.0220581581431554,63
6599,2020-03-25,Queensland,Acceleration of power-law,-0.641653505356413,63
6600,2020-03-25,Queensland,Growth Rate,15.802318486882244,63
6601,2020-03-25,Queensland,Days since first case,63.0,63
6602,2020-03-25,Queensland,Average Growth Rate,0.036333341495116286,63
6603,2020-03-25,Queensland,Doubling time,2.289000514192326,63
6604,2020-03-25,South Australia,Total cases,170.0,63
6605,2020-03-25,South Australia,Total cases per million,101.37149672033392,63
6606,2020-03-25,South Australia,New cases,0.0,63
6607,2020-03-25,South Australia,css_per_prsn,0.0,63
6608,2020-03-25,South Australia,New cases per week,133.0,63
6609,2020-03-25,South Australia,log10(Total cases),2.230448921378274,63
6610,2020-03-25,South Australia,log10(New cases per week),2.123851640967086,63
6611,2020-03-25,South Australia,Slope of power-law,1.0866018118622849,63
6612,2020-03-25,South Australia,Acceleration of power-law,-inf,63
6613,2020-03-25,South Australia,Growth Rate,18.720748829953198,63
6614,2020-03-25,South Australia,Days since first case,63.0,63
6615,2020-03-25,South Australia,Average Growth Rate,0.031840670803520356,63
6616,2020-03-25,South Australia,Doubling time,2.0059622606217826,63
6617,2020-03-25,Tasmania,Total cases,36.0,63
6618,2020-03-25,Tasmania,Total cases per million,69.90291262135922,63
6619,2020-03-25,Tasmania,New cases,8.0,63
6620,2020-03-25,Tasmania,css_per_prsn,15.533980582524272,63
6621,2020-03-25,Tasmania,New cases per week,26.0,63
6622,2020-03-25,Tasmania,log10(Total cases),1.5563025007672873,63
6623,2020-03-25,Tasmania,log10(New cases per week),1.414973347970818,63
6624,2020-03-25,Tasmania,Slope of power-law,1.0446726857305357,63
6625,2020-03-25,Tasmania,Acceleration of power-law,0.7525330858100456,63
6626,2020-03-25,Tasmania,Growth Rate,20.0,63
6627,2020-03-25,Tasmania,Days since first case,63.0,63
6628,2020-03-25,Tasmania,Average Growth Rate,0.03562717326929278,63
6629,2020-03-25,Tasmania,Doubling time,2.244511915965445,63
6630,2020-03-25,Victoria,Total cases,466.0,63
6631,2020-03-25,Victoria,Total cases per million,73.28196257273156,63
6632,2020-03-25,Victoria,New cases,55.0,63
6633,2020-03-25,Victoria,css_per_prsn,8.649158672747287,63
6634,2020-03-25,Victoria,New cases per week,345.0,63
6635,2020-03-25,Victoria,log10(Total cases),2.66838591669,63
6636,2020-03-25,Victoria,log10(New cases per week),2.537819095073274,63
6637,2020-03-25,Victoria,Slope of power-law,0.9589596233671405,63
6638,2020-03-25,Victoria,Acceleration of power-law,-0.7053811303650573,63
6639,2020-03-25,Victoria,Growth Rate,18.997797356828194,63
6640,2020-03-25,Victoria,Days since first case,63.0,63
6641,2020-03-25,Victoria,Average Growth Rate,0.031761130602717305,63
6642,2020-03-25,Victoria,Doubling time,2.00095122797119,63
6643,2020-03-25,Western Australia,Total cases,175.0,63
6644,2020-03-25,Western Australia,Total cases per million,67.59366550791812,63
6645,2020-03-25,Western Australia,New cases,0.0,63
6646,2020-03-25,Western Australia,css_per_prsn,0.0,63
6647,2020-03-25,Western Australia,New cases per week,140.0,63
6648,2020-03-25,Western Australia,log10(Total cases),2.2430380486862944,63
6649,2020-03-25,Western Australia,log10(New cases per week),2.146128035678238,63
6650,2020-03-25,Western Australia,Slope of power-law,0.9875673884219075,63
6651,2020-03-25,Western Australia,Acceleration of power-law,-inf,63
6652,2020-03-25,Western Australia,Growth Rate,15.857142857142856,63
6653,2020-03-25,Western Australia,Days since first case,63.0,63
6654,2020-03-25,Western Australia,Average Growth Rate,0.032475024018155746,63
6655,2020-03-25,Western Australia,Doubling time,2.045926513143812,63
6656,2020-03-26,Australian Capital Territory,Total cases,53.0,64
6657,2020-03-26,Australian Capital Territory,Total cases per million,139.4736842105263,64
6658,2020-03-26,Australian Capital Territory,New cases,14.0,64
6659,2020-03-26,Australian Capital Territory,css_per_prsn,36.8421052631579,64
6660,2020-03-26,Australian Capital Territory,New cases per week,49.0,64
6661,2020-03-26,Australian Capital Territory,log10(Total cases),1.724275869600789,64
6662,2020-03-26,Australian Capital Territory,log10(New cases per week),1.6901960800285136,64
6663,2020-03-26,Australian Capital Territory,Slope of power-law,0.9760548825776617,64
6664,2020-03-26,Australian Capital Territory,Acceleration of power-law,-0.015740308514149662,64
6665,2020-03-26,Australian Capital Territory,Growth Rate,24.17582417582418,64
6666,2020-03-26,Australian Capital Territory,Days since first case,64.0,64
6667,2020-03-26,Australian Capital Territory,Average Growth Rate,0.02109212822713993,64
6668,2020-03-26,Australian Capital Territory,Doubling time,1.3498962065369555,64
6669,2020-03-26,New South Wales,Total cases,1219.0,64
6670,2020-03-26,New South Wales,Total cases per million,161.58536585365854,64
6671,2020-03-26,New South Wales,New cases,190.0,64
6672,2020-03-26,New South Wales,css_per_prsn,25.18557794273595,64
6673,2020-03-26,New South Wales,New cases per week,912.0,64
6674,2020-03-26,New South Wales,log10(Total cases),3.0860037056183818,64
6675,2020-03-26,New South Wales,log10(New cases per week),2.959994838328416,64
6676,2020-03-26,New South Wales,Slope of power-law,1.0200257673652477,64
6677,2020-03-26,New South Wales,Acceleration of power-law,0.05151093769623338,64
6678,2020-03-26,New South Wales,Growth Rate,17.77929155313352,64
6679,2020-03-26,New South Wales,Days since first case,64.0,64
6680,2020-03-26,New South Wales,Average Growth Rate,0.03730439842760221,64
6681,2020-03-26,New South Wales,Doubling time,2.3874814993665416,64
6682,2020-03-26,Northern Territory,Total cases,12.0,64
6683,2020-03-26,Northern Territory,Total cases per million,49.11993450675399,64
6684,2020-03-26,Northern Territory,New cases,6.0,64
6685,2020-03-26,Northern Territory,css_per_prsn,24.559967253376996,64
6686,2020-03-26,Northern Territory,New cases per week,11.0,64
6687,2020-03-26,Northern Territory,log10(Total cases),1.0791812460476249,64
6688,2020-03-26,Northern Territory,log10(New cases per week),1.0413926851582251,64
6689,2020-03-26,Northern Territory,Slope of power-law,0.9649840459813438,64
6690,2020-03-26,Northern Territory,Acceleration of power-law,0.22170429936793848,64
6691,2020-03-26,Northern Territory,Growth Rate,26.47058823529412,64
6692,2020-03-26,Northern Territory,Days since first case,64.0,64
6693,2020-03-26,Northern Territory,Average Growth Rate,0.030007279855919163,64
6694,2020-03-26,Northern Territory,Doubling time,1.9204659107788264,64
6695,2020-03-26,Queensland,Total cases,493.0,64
6696,2020-03-26,Queensland,Total cases per million,97.21948333662,64
6697,2020-03-26,Queensland,New cases,50.0,64
6698,2020-03-26,Queensland,css_per_prsn,9.8599881680142,64
6699,2020-03-26,Queensland,New cases per week,349.0,64
6700,2020-03-26,Queensland,log10(Total cases),2.69284691927723,64
6701,2020-03-26,Queensland,log10(New cases per week),2.5428254269591797,64
6702,2020-03-26,Queensland,Slope of power-law,0.9514278703330135,64
6703,2020-03-26,Queensland,Acceleration of power-law,-1.520788799507712,64
6704,2020-03-26,Queensland,Growth Rate,14.23338566195709,64
6705,2020-03-26,Queensland,Days since first case,64.0,64
6706,2020-03-26,Queensland,Average Growth Rate,0.03920512894475261,64
6707,2020-03-26,Queensland,Doubling time,2.509128252464167,64
6708,2020-03-26,South Australia,Total cases,235.0,64
6709,2020-03-26,South Australia,Total cases per million,140.13118664281455,64
6710,2020-03-26,South Australia,New cases,65.0,64
6711,2020-03-26,South Australia,css_per_prsn,38.75968992248062,64
6712,2020-03-26,South Australia,New cases per week,193.0,64
6713,2020-03-26,South Australia,log10(Total cases),2.3710678622717363,64
6714,2020-03-26,South Australia,log10(New cases per week),2.285557309007774,64
6715,2020-03-26,South Australia,Slope of power-law,1.037928806890253,64
6716,2020-03-26,South Australia,Acceleration of power-law,-0.3461340603390566,64
6717,2020-03-26,South Australia,Growth Rate,20.7663782447466,64
6718,2020-03-26,South Australia,Days since first case,64.0,64
6719,2020-03-26,South Australia,Average Growth Rate,0.03074540975463133,64
6720,2020-03-26,South Australia,Doubling time,1.9677062242964052,64
6721,2020-03-26,Tasmania,Total cases,47.0,64
6722,2020-03-26,Tasmania,Total cases per million,91.26213592233009,64
6723,2020-03-26,Tasmania,New cases,11.0,64
6724,2020-03-26,Tasmania,css_per_prsn,21.359223300970875,64
6725,2020-03-26,Tasmania,New cases per week,37.0,64
6726,2020-03-26,Tasmania,log10(Total cases),1.6720978579357175,64
6727,2020-03-26,Tasmania,log10(New cases per week),1.568201724066995,64
6728,2020-03-26,Tasmania,Slope of power-law,1.05106639795358,64
6729,2020-03-26,Tasmania,Acceleration of power-law,0.055215618133499164,64
6730,2020-03-26,Tasmania,Growth Rate,19.254658385093165,64
6731,2020-03-26,Tasmania,Days since first case,64.0,64
6732,2020-03-26,Tasmania,Average Growth Rate,0.034813530163837654,64
6733,2020-03-26,Tasmania,Doubling time,2.22806593048561,64
6734,2020-03-26,Victoria,Total cases,520.0,64
6735,2020-03-26,Victoria,Total cases per million,81.77386381506527,64
6736,2020-03-26,Victoria,New cases,54.0,64
6737,2020-03-26,Victoria,css_per_prsn,8.4919012423337,64
6738,2020-03-26,Victoria,New cases per week,399.0,64
6739,2020-03-26,Victoria,log10(Total cases),2.716003343634799,64
6740,2020-03-26,Victoria,log10(New cases per week),2.6009728956867484,64
6741,2020-03-26,Victoria,Slope of power-law,0.9861691870950448,64
6742,2020-03-26,Victoria,Acceleration of power-law,0.5714202860949906,64
6743,2020-03-26,Victoria,Growth Rate,13.811105837683913,64
6744,2020-03-26,Victoria,Days since first case,64.0,64
6745,2020-03-26,Victoria,Average Growth Rate,0.034692808699878244,64
6746,2020-03-26,Victoria,Doubling time,2.2203397567922076,64
6747,2020-03-26,Western Australia,Total cases,231.0,64
6748,2020-03-26,Western Australia,Total cases per million,89.22363847045192,64
6749,2020-03-26,Western Australia,New cases,56.0,64
6750,2020-03-26,Western Australia,css_per_prsn,21.6299729625338,64
6751,2020-03-26,Western Australia,New cases per week,179.0,64
6752,2020-03-26,Western Australia,log10(Total cases),2.3636119798921444,64
6753,2020-03-26,Western Australia,log10(New cases per week),2.2528530309798933,64
6754,2020-03-26,Western Australia,Slope of power-law,0.952193823431106,64
6755,2020-03-26,Western Australia,Acceleration of power-law,-0.29337655857309564,64
6756,2020-03-26,Western Australia,Growth Rate,16.765755053507732,64
6757,2020-03-26,Western Australia,Days since first case,64.0,64
6758,2020-03-26,Western Australia,Average Growth Rate,0.03441928815823858,64
6759,2020-03-26,Western Australia,Doubling time,2.202834442127269,64
6760,2020-03-27,Australian Capital Territory,Total cases,62.0,65
6761,2020-03-27,Australian Capital Territory,Total cases per million,163.1578947368421,65
6762,2020-03-27,Australian Capital Territory,New cases,9.0,65
6763,2020-03-27,Australian Capital Territory,css_per_prsn,23.684210526315788,65
6764,2020-03-27,Australian Capital Territory,New cases per week,56.0,65
6765,2020-03-27,Australian Capital Territory,log10(Total cases),1.792391689498254,65
6766,2020-03-27,Australian Capital Territory,log10(New cases per week),1.7481880270062005,65
6767,2020-03-27,Australian Capital Territory,Slope of power-law,0.9703601998932893,65
6768,2020-03-27,Australian Capital Territory,Acceleration of power-law,-0.08360293824466453,65
6769,2020-03-27,Australian Capital Territory,Growth Rate,19.11111111111111,65
6770,2020-03-27,Australian Capital Territory,Days since first case,65.0,65
6771,2020-03-27,Australian Capital Territory,Average Growth Rate,0.024413143984089985,65
6772,2020-03-27,Australian Capital Territory,Doubling time,1.586854358965849,65
6773,2020-03-27,New South Wales,Total cases,1405.0,65
6774,2020-03-27,New South Wales,Total cases per million,186.2407211028632,65
6775,2020-03-27,New South Wales,New cases,186.0,65
6776,2020-03-27,New South Wales,css_per_prsn,24.655355249204668,65
6777,2020-03-27,New South Wales,New cases per week,1052.0,65
6778,2020-03-27,New South Wales,log10(Total cases),3.1476763242410986,65
6779,2020-03-27,New South Wales,log10(New cases per week),3.02201573981772,65
6780,2020-03-27,New South Wales,Slope of power-law,1.0075437144728987,65
6781,2020-03-27,New South Wales,Acceleration of power-law,-0.20239213399885297,65
6782,2020-03-27,New South Wales,Growth Rate,14.319066147859921,65
6783,2020-03-27,New South Wales,Days since first case,65.0,65
6784,2020-03-27,New South Wales,Average Growth Rate,0.04094934949400859,65
6785,2020-03-27,New South Wales,Doubling time,2.6617077171105583,65
6786,2020-03-27,Northern Territory,Total cases,12.0,65
6787,2020-03-27,Northern Territory,Total cases per million,49.11993450675399,65
6788,2020-03-27,Northern Territory,New cases,0.0,65
6789,2020-03-27,Northern Territory,css_per_prsn,0.0,65
6790,2020-03-27,Northern Territory,New cases per week,9.0,65
6791,2020-03-27,Northern Territory,log10(Total cases),1.0791812460476249,65
6792,2020-03-27,Northern Territory,log10(New cases per week),0.9542425094393249,65
6793,2020-03-27,Northern Territory,Slope of power-law,0.8842282173954805,65
6794,2020-03-27,Northern Territory,Acceleration of power-law,-inf,65
6795,2020-03-27,Northern Territory,Growth Rate,17.073170731707318,65
6796,2020-03-27,Northern Territory,Days since first case,65.0,65
6797,2020-03-27,Northern Territory,Average Growth Rate,0.03404440869843781,65
6798,2020-03-27,Northern Territory,Doubling time,2.212886565398458,65
6799,2020-03-27,Queensland,Total cases,555.0,65
6800,2020-03-27,Queensland,Total cases per million,109.4458686649576,65
6801,2020-03-27,Queensland,New cases,62.0,65
6802,2020-03-27,Queensland,css_per_prsn,12.226385328337606,65
6803,2020-03-27,Queensland,New cases per week,371.0,65
6804,2020-03-27,Queensland,log10(Total cases),2.7442929831226763,65
6805,2020-03-27,Queensland,log10(New cases per week),2.569373909615046,65
6806,2020-03-27,Queensland,Slope of power-law,0.9284489121302139,65
6807,2020-03-27,Queensland,Acceleration of power-law,-0.446661153160965,65
6808,2020-03-27,Queensland,Growth Rate,13.411871318531945,65
6809,2020-03-27,Queensland,Days since first case,65.0,65
6810,2020-03-27,Queensland,Average Growth Rate,0.042396700119110495,65
6811,2020-03-27,Queensland,Doubling time,2.755785507742182,65
6812,2020-03-27,South Australia,Total cases,257.0,65
6813,2020-03-27,South Australia,Total cases per million,153.24985092426954,65
6814,2020-03-27,South Australia,New cases,22.0,65
6815,2020-03-27,South Australia,css_per_prsn,13.11866428145498,65
6816,2020-03-27,South Australia,New cases per week,207.0,65
6817,2020-03-27,South Australia,log10(Total cases),2.4099331233312946,65
6818,2020-03-27,South Australia,log10(New cases per week),2.315970345456918,65
6819,2020-03-27,South Australia,Slope of power-law,1.0274528495083537,65
6820,2020-03-27,South Australia,Acceleration of power-law,-0.26954552976874746,65
6821,2020-03-27,South Australia,Growth Rate,16.252587991718425,65
6822,2020-03-27,South Australia,Days since first case,65.0,65
6823,2020-03-27,South Australia,Average Growth Rate,0.03301021935926312,65
6824,2020-03-27,South Australia,Doubling time,2.145664258352103,65
6825,2020-03-27,Tasmania,Total cases,47.0,65
6826,2020-03-27,Tasmania,Total cases per million,91.26213592233009,65
6827,2020-03-27,Tasmania,New cases,0.0,65
6828,2020-03-27,Tasmania,css_per_prsn,0.0,65
6829,2020-03-27,Tasmania,New cases per week,37.0,65
6830,2020-03-27,Tasmania,log10(Total cases),1.6720978579357175,65
6831,2020-03-27,Tasmania,log10(New cases per week),1.568201724066995,65
6832,2020-03-27,Tasmania,Slope of power-law,1.05106639795358,65
6833,2020-03-27,Tasmania,Acceleration of power-law,0.0,65
6834,2020-03-27,Tasmania,Growth Rate,13.440860215053762,65
6835,2020-03-27,Tasmania,Days since first case,65.0,65
6836,2020-03-27,Tasmania,Average Growth Rate,0.03811288532250924,65
6837,2020-03-27,Tasmania,Doubling time,2.477337545963101,65
6838,2020-03-27,Victoria,Total cases,574.0,65
6839,2020-03-27,Victoria,Total cases per million,90.26576505739897,65
6840,2020-03-27,Victoria,New cases,54.0,65
6841,2020-03-27,Victoria,css_per_prsn,8.4919012423337,65
6842,2020-03-27,Victoria,New cases per week,453.0,65
6843,2020-03-27,Victoria,log10(Total cases),2.7589118923979736,65
6844,2020-03-27,Victoria,log10(New cases per week),2.656098202012832,65
6845,2020-03-27,Victoria,Slope of power-law,0.9866382764884208,65
6846,2020-03-27,Victoria,Acceleration of power-law,0.010932306192995131,65
6847,2020-03-27,Victoria,Growth Rate,9.41530524505589,65
6848,2020-03-27,Victoria,Days since first case,65.0,65
6849,2020-03-27,Victoria,Average Growth Rate,0.042393075512161794,65
6850,2020-03-27,Victoria,Doubling time,2.755549908290517,65
6851,2020-03-27,Western Australia,Total cases,231.0,65
6852,2020-03-27,Western Australia,Total cases per million,89.22363847045192,65
6853,2020-03-27,Western Australia,New cases,0.0,65
6854,2020-03-27,Western Australia,css_per_prsn,0.0,65
6855,2020-03-27,Western Australia,New cases per week,167.0,65
6856,2020-03-27,Western Australia,log10(Total cases),2.3636119798921444,65
6857,2020-03-27,Western Australia,log10(New cases per week),2.2227164711475833,65
6858,2020-03-27,Western Australia,Slope of power-law,0.9455731636421884,65
6859,2020-03-27,Western Australia,Acceleration of power-law,-inf,65
6860,2020-03-27,Western Australia,Growth Rate,11.659663865546218,65
6861,2020-03-27,Western Australia,Days since first case,65.0,65
6862,2020-03-27,Western Australia,Average Growth Rate,0.039519163441438826,65
6863,2020-03-27,Western Australia,Doubling time,2.5687456236935238,65
6864,2020-03-28,Australian Capital Territory,Total cases,71.0,66
6865,2020-03-28,Australian Capital Territory,Total cases per million,186.8421052631579,66
6866,2020-03-28,Australian Capital Territory,New cases,9.0,66
6867,2020-03-28,Australian Capital Territory,css_per_prsn,23.684210526315788,66
6868,2020-03-28,Australian Capital Territory,New cases per week,62.0,66
6869,2020-03-28,Australian Capital Territory,log10(Total cases),1.8512583487190752,66
6870,2020-03-28,Australian Capital Territory,log10(New cases per week),1.792391689498254,66
6871,2020-03-28,Australian Capital Territory,Slope of power-law,0.9571609998173541,66
6872,2020-03-28,Australian Capital Territory,Acceleration of power-law,-0.22422200020595884,66
6873,2020-03-28,Australian Capital Territory,Growth Rate,14.772727272727273,66
6874,2020-03-28,Australian Capital Territory,Days since first case,66.0,66
6875,2020-03-28,Australian Capital Territory,Average Growth Rate,0.03005684629961939,66
6876,2020-03-28,Australian Capital Territory,Doubling time,1.9837518557748797,66
6877,2020-03-28,New South Wales,Total cases,1617.0,66
6878,2020-03-28,New South Wales,Total cases per million,214.34252386002123,66
6879,2020-03-28,New South Wales,New cases,212.0,66
6880,2020-03-28,New South Wales,css_per_prsn,28.10180275715801,66
6881,2020-03-28,New South Wales,New cases per week,1181.0,66
6882,2020-03-28,New South Wales,log10(Total cases),3.208710019906401,66
6883,2020-03-28,New South Wales,log10(New cases per week),3.072249897613515,66
6884,2020-03-28,New South Wales,Slope of power-law,0.9804394596541457,66
6885,2020-03-28,New South Wales,Acceleration of power-law,-0.44408673804365023,66
6886,2020-03-28,New South Wales,Growth Rate,15.57161629434954,66
6887,2020-03-28,New South Wales,Days since first case,66.0,66
6888,2020-03-28,New South Wales,Average Growth Rate,0.04141144419000119,66
6889,2020-03-28,New South Wales,Doubling time,2.733155316540078,66
6890,2020-03-28,Northern Territory,Total cases,15.0,66
6891,2020-03-28,Northern Territory,Total cases per million,61.39991813344249,66
6892,2020-03-28,Northern Territory,New cases,3.0,66
6893,2020-03-28,Northern Territory,css_per_prsn,12.279983626688498,66
6894,2020-03-28,Northern Territory,New cases per week,12.0,66
6895,2020-03-28,Northern Territory,log10(Total cases),1.1760912590556813,66
6896,2020-03-28,Northern Territory,log10(New cases per week),1.0791812460476249,66
6897,2020-03-28,Northern Territory,Slope of power-law,0.9175999207018438,66
6898,2020-03-28,Northern Territory,Acceleration of power-law,0.3443576393245246,66
6899,2020-03-28,Northern Territory,Growth Rate,19.607843137254903,66
6900,2020-03-28,Northern Territory,Days since first case,66.0,66
6901,2020-03-28,Northern Territory,Average Growth Rate,0.03540841584831268,66
6902,2020-03-28,Northern Territory,Doubling time,2.3369554459886372,66
6903,2020-03-28,Queensland,Total cases,625.0,66
6904,2020-03-28,Queensland,Total cases per million,123.24985210017749,66
6905,2020-03-28,Queensland,New cases,70.0,66
6906,2020-03-28,Queensland,css_per_prsn,13.803983435219878,66
6907,2020-03-28,Queensland,New cases per week,404.0,66
6908,2020-03-28,Queensland,log10(Total cases),2.7958800173440754,66
6909,2020-03-28,Queensland,log10(New cases per week),2.606381365110605,66
6910,2020-03-28,Queensland,Slope of power-law,0.8959558878883191,66
6911,2020-03-28,Queensland,Acceleration of power-law,-0.629868042082871,66
6912,2020-03-28,Queensland,Growth Rate,12.176681257461201,66
6913,2020-03-28,Queensland,Days since first case,66.0,66
6914,2020-03-28,Queensland,Average Growth Rate,0.046861125410847096,66
6915,2020-03-28,Queensland,Doubling time,3.0928342771159083,66
6916,2020-03-28,South Australia,Total cases,287.0,66
6917,2020-03-28,South Australia,Total cases per million,171.13893858079905,66
6918,2020-03-28,South Australia,New cases,30.0,66
6919,2020-03-28,South Australia,css_per_prsn,17.889087656529515,66
6920,2020-03-28,South Australia,New cases per week,220.0,66
6921,2020-03-28,South Australia,log10(Total cases),2.4578818967339924,66
6922,2020-03-28,South Australia,log10(New cases per week),2.342422680822206,66
6923,2020-03-28,South Australia,Slope of power-law,1.0062769487109609,66
6924,2020-03-28,South Australia,Acceleration of power-law,-0.441635922978614,66
6925,2020-03-28,South Australia,Growth Rate,13.672922252010725,66
6926,2020-03-28,South Australia,Days since first case,66.0,66
6927,2020-03-28,South Australia,Average Growth Rate,0.03687707282513156,66
6928,2020-03-28,South Australia,Doubling time,2.4338868064586827,66
6929,2020-03-28,Tasmania,Total cases,62.0,66
6930,2020-03-28,Tasmania,Total cases per million,120.3883495145631,66
6931,2020-03-28,Tasmania,New cases,15.0,66
6932,2020-03-28,Tasmania,css_per_prsn,29.126213592233007,66
6933,2020-03-28,Tasmania,New cases per week,46.0,66
6934,2020-03-28,Tasmania,log10(Total cases),1.792391689498254,66
6935,2020-03-28,Tasmania,log10(New cases per week),1.662757831681574,66
6936,2020-03-28,Tasmania,Slope of power-law,1.031888398760294,66
6937,2020-03-28,Tasmania,Acceleration of power-law,-0.15942628931323005,66
6938,2020-03-28,Tasmania,Growth Rate,15.454545454545453,66
6939,2020-03-28,Tasmania,Days since first case,66.0,66
6940,2020-03-28,Tasmania,Average Growth Rate,0.04055496013847157,66
6941,2020-03-28,Tasmania,Doubling time,2.6766273691391236,66
6942,2020-03-28,Victoria,Total cases,685.0,66
6943,2020-03-28,Victoria,Total cases per million,107.72133983330713,66
6944,2020-03-28,Victoria,New cases,111.0,66
6945,2020-03-28,Victoria,css_per_prsn,17.45557477590816,66
6946,2020-03-28,Victoria,New cases per week,456.0,66
6947,2020-03-28,Victoria,log10(Total cases),2.8356905714924254,66
6948,2020-03-28,Victoria,log10(New cases per week),2.658964842664435,66
6949,2020-03-28,Victoria,Slope of power-law,0.8752294998562723,66
6950,2020-03-28,Victoria,Acceleration of power-law,-1.4510379436861034,66
6951,2020-03-28,Victoria,Growth Rate,12.424698795180722,66
6952,2020-03-28,Victoria,Days since first case,66.0,66
6953,2020-03-28,Victoria,Average Growth Rate,0.046605406695552874,66
6954,2020-03-28,Victoria,Doubling time,3.0759568419064895,66
6955,2020-03-28,Western Australia,Total cases,278.0,66
6956,2020-03-28,Western Australia,Total cases per million,107.37736577829278,66
6957,2020-03-28,Western Australia,New cases,47.0,66
6958,2020-03-28,Western Australia,css_per_prsn,18.153727307840864,66
6959,2020-03-28,Western Australia,New cases per week,188.0,66
6960,2020-03-28,Western Australia,log10(Total cases),2.444044795918076,66
6961,2020-03-28,Western Australia,log10(New cases per week),2.27415784926368,66
6962,2020-03-28,Western Australia,Slope of power-law,0.9546741066323363,66
6963,2020-03-28,Western Australia,Acceleration of power-law,0.11314962523771135,66
6964,2020-03-28,Western Australia,Growth Rate,12.660550458715598,66
6965,2020-03-28,Western Australia,Days since first case,66.0,66
6966,2020-03-28,Western Australia,Average Growth Rate,0.04453187215688615,66
6967,2020-03-28,Western Australia,Doubling time,2.939103562354486,66
6968,2020-03-29,Australian Capital Territory,Total cases,77.0,67
6969,2020-03-29,Australian Capital Territory,Total cases per million,202.6315789473684,67
6970,2020-03-29,Australian Capital Territory,New cases,6.0,67
6971,2020-03-29,Australian Capital Territory,css_per_prsn,15.789473684210526,67
6972,2020-03-29,Australian Capital Territory,New cases per week,58.0,67
6973,2020-03-29,Australian Capital Territory,log10(Total cases),1.8864907251724818,67
6974,2020-03-29,Australian Capital Territory,log10(New cases per week),1.7634279935629373,67
6975,2020-03-29,Australian Capital Territory,Slope of power-law,0.9041888921162787,67
6976,2020-03-29,Australian Capital Territory,Acceleration of power-law,-1.5035065196674682,67
6977,2020-03-29,Australian Capital Territory,Growth Rate,12.582781456953644,67
6978,2020-03-29,Australian Capital Territory,Days since first case,67.0,67
6979,2020-03-29,Australian Capital Territory,Average Growth Rate,0.036652932522689356,67
6980,2020-03-29,Australian Capital Territory,Doubling time,2.455746479020187,67
6981,2020-03-29,New South Wales,Total cases,1791.0,67
6982,2020-03-29,New South Wales,Total cases per million,237.40721102863205,67
6983,2020-03-29,New South Wales,New cases,174.0,67
6984,2020-03-29,New South Wales,css_per_prsn,23.064687168610817,67
6985,2020-03-29,New South Wales,New cases per week,1122.0,67
6986,2020-03-29,New South Wales,log10(Total cases),3.2530955858490316,67
6987,2020-03-29,New South Wales,log10(New cases per week),3.0499928569201424,67
6988,2020-03-29,New South Wales,Slope of power-law,0.8697319927523182,67
6989,2020-03-29,New South Wales,Acceleration of power-law,-2.4942222668720597,67
6990,2020-03-29,New South Wales,Growth Rate,13.779917858660246,67
6991,2020-03-29,New South Wales,Days since first case,67.0,67
6992,2020-03-29,New South Wales,Average Growth Rate,0.04325747881030065,67
6993,2020-03-29,New South Wales,Doubling time,2.8982510802901436,67
6994,2020-03-29,Northern Territory,Total cases,15.0,67
6995,2020-03-29,Northern Territory,Total cases per million,61.39991813344249,67
6996,2020-03-29,Northern Territory,New cases,0.0,67
6997,2020-03-29,Northern Territory,css_per_prsn,0.0,67
6998,2020-03-29,Northern Territory,New cases per week,10.0,67
6999,2020-03-29,Northern Territory,log10(Total cases),1.1760912590556813,67
7000,2020-03-29,Northern Territory,log10(New cases per week),1.0,67
7001,2020-03-29,Northern Territory,Slope of power-law,0.8502741537276025,67
7002,2020-03-29,Northern Territory,Acceleration of power-law,-inf,67
7003,2020-03-29,Northern Territory,Growth Rate,15.0,67
7004,2020-03-29,Northern Territory,Days since first case,67.0,67
7005,2020-03-29,Northern Territory,Average Growth Rate,0.03844341999370968,67
7006,2020-03-29,Northern Territory,Doubling time,2.5757091395785485,67
7007,2020-03-29,Queensland,Total cases,656.0,67
7008,2020-03-29,Queensland,Total cases per million,129.36304476434628,67
7009,2020-03-29,Queensland,New cases,31.0,67
7010,2020-03-29,Queensland,css_per_prsn,6.113192664168803,67
7011,2020-03-29,Queensland,New cases per week,397.0,67
7012,2020-03-29,Queensland,log10(Total cases),2.8169038393756605,67
7013,2020-03-29,Queensland,log10(New cases per week),2.598790506763115,67
7014,2020-03-29,Queensland,Slope of power-law,0.7674063651248478,67
7015,2020-03-29,Queensland,Acceleration of power-law,-6.11446969872298,67
7016,2020-03-29,Queensland,Growth Rate,9.343434343434344,67
7017,2020-03-29,Queensland,Days since first case,67.0,67
7018,2020-03-29,Queensland,Average Growth Rate,0.053345529844334424,67
7019,2020-03-29,Queensland,Doubling time,3.5741504995704063,67
7020,2020-03-29,South Australia,Total cases,299.0,67
7021,2020-03-29,South Australia,Total cases per million,178.29457364341084,67
7022,2020-03-29,South Australia,New cases,12.0,67
7023,2020-03-29,South Australia,css_per_prsn,7.155635062611807,67
7024,2020-03-29,South Australia,New cases per week,199.0,67
7025,2020-03-29,South Australia,log10(Total cases),2.4756711883244296,67
7026,2020-03-29,South Australia,log10(New cases per week),2.298853076409707,67
7027,2020-03-29,South Australia,Slope of power-law,0.9154376939751933,67
7028,2020-03-29,South Australia,Acceleration of power-law,-5.1064009083194275,67
7029,2020-03-29,South Australia,Growth Rate,10.336538461538462,67
7030,2020-03-29,South Australia,Days since first case,67.0,67
7031,2020-03-29,South Australia,Average Growth Rate,0.043457952623383735,67
7032,2020-03-29,South Australia,Doubling time,2.91168282576671,67
7033,2020-03-29,Tasmania,Total cases,66.0,67
7034,2020-03-29,Tasmania,Total cases per million,128.15533980582524,67
7035,2020-03-29,Tasmania,New cases,4.0,67
7036,2020-03-29,Tasmania,css_per_prsn,7.766990291262136,67
7037,2020-03-29,Tasmania,New cases per week,44.0,67
7038,2020-03-29,Tasmania,log10(Total cases),1.8195439355418688,67
7039,2020-03-29,Tasmania,log10(New cases per week),1.6434526764861874,67
7040,2020-03-29,Tasmania,Slope of power-law,0.9741450114496569,67
7041,2020-03-29,Tasmania,Acceleration of power-law,-2.126652329898728,67
7042,2020-03-29,Tasmania,Growth Rate,14.728682170542633,67
7043,2020-03-29,Tasmania,Days since first case,67.0,67
7044,2020-03-29,Tasmania,Average Growth Rate,0.04181694415816917,67
7045,2020-03-29,Tasmania,Doubling time,2.801735258597334,67
7046,2020-03-29,Victoria,Total cases,769.0,67
7047,2020-03-29,Victoria,Total cases per million,120.93096398804843,67
7048,2020-03-29,Victoria,New cases,84.0,67
7049,2020-03-29,Victoria,css_per_prsn,13.209624154741311,67
7050,2020-03-29,Victoria,New cases per week,414.0,67
7051,2020-03-29,Victoria,log10(Total cases),2.885926339801431,67
7052,2020-03-29,Victoria,log10(New cases per week),2.617000341120899,67
7053,2020-03-29,Victoria,Slope of power-law,0.7682341762698951,67
7054,2020-03-29,Victoria,Acceleration of power-law,-2.1298633859491822,67
7055,2020-03-29,Victoria,Growth Rate,11.877903118779031,67
7056,2020-03-29,Victoria,Days since first case,67.0,67
7057,2020-03-29,Victoria,Average Growth Rate,0.05209532644632413,67
7058,2020-03-29,Victoria,Doubling time,3.4903868719037168,67
7059,2020-03-29,Western Australia,Total cases,311.0,67
7060,2020-03-29,Western Australia,Total cases per million,120.1235998455002,67
7061,2020-03-29,Western Australia,New cases,33.0,67
7062,2020-03-29,Western Australia,css_per_prsn,12.746234067207416,67
7063,2020-03-29,Western Australia,New cases per week,191.0,67
7064,2020-03-29,Western Australia,log10(Total cases),2.4927603890268375,67
7065,2020-03-29,Western Australia,log10(New cases per week),2.2810333672477277,67
7066,2020-03-29,Western Australia,Slope of power-law,0.8336775514424948,67
7067,2020-03-29,Western Australia,Acceleration of power-law,-2.483733594697441,67
7068,2020-03-29,Western Australia,Growth Rate,11.092985318107667,67
7069,2020-03-29,Western Australia,Days since first case,67.0,67
7070,2020-03-29,Western Australia,Average Growth Rate,0.050939663317680774,67
7071,2020-03-29,Western Australia,Doubling time,3.4129574422846116,67
7072,2020-03-30,Australian Capital Territory,Total cases,78.0,68
7073,2020-03-30,Australian Capital Territory,Total cases per million,205.26315789473685,68
7074,2020-03-30,Australian Capital Territory,New cases,1.0,68
7075,2020-03-30,Australian Capital Territory,css_per_prsn,2.6315789473684212,68
7076,2020-03-30,Australian Capital Territory,New cases per week,46.0,68
7077,2020-03-30,Australian Capital Territory,log10(Total cases),1.8920946026904804,68
7078,2020-03-30,Australian Capital Territory,log10(New cases per week),1.662757831681574,68
7079,2020-03-30,Australian Capital Territory,Slope of power-law,0.8652036257945,68
7080,2020-03-30,Australian Capital Territory,Acceleration of power-law,-6.956837689004791,68
7081,2020-03-30,Australian Capital Territory,Growth Rate,11.436950146627565,68
7082,2020-03-30,Australian Capital Territory,Days since first case,68.0,68
7083,2020-03-30,Australian Capital Territory,Average Growth Rate,0.042224189617029714,68
7084,2020-03-30,Australian Capital Territory,Doubling time,2.8712448939580204,68
7085,2020-03-30,New South Wales,Total cases,2032.0,68
7086,2020-03-30,New South Wales,Total cases per million,269.35312831389183,68
7087,2020-03-30,New South Wales,New cases,241.0,68
7088,2020-03-30,New South Wales,css_per_prsn,31.94591728525981,68
7089,2020-03-30,New South Wales,New cases per week,1363.0,68
7090,2020-03-30,New South Wales,log10(Total cases),3.307923703611882,68
7091,2020-03-30,New South Wales,log10(New cases per week),3.1344958558346736,68
7092,2020-03-30,New South Wales,Slope of power-law,0.9443613688546882,68
7093,2020-03-30,New South Wales,Acceleration of power-law,1.361151524937749,68
7094,2020-03-30,New South Wales,Growth Rate,12.437996031746032,68
7095,2020-03-30,New South Wales,Days since first case,68.0,68
7096,2020-03-30,New South Wales,Average Growth Rate,0.04690533187467336,68
7097,2020-03-30,New South Wales,Doubling time,3.1895625674777888,68
7098,2020-03-30,Northern Territory,Total cases,15.0,68
7099,2020-03-30,Northern Territory,Total cases per million,61.39991813344249,68
7100,2020-03-30,Northern Territory,New cases,0.0,68
7101,2020-03-30,Northern Territory,css_per_prsn,0.0,68
7102,2020-03-30,Northern Territory,New cases per week,10.0,68
7103,2020-03-30,Northern Territory,log10(Total cases),1.1760912590556813,68
7104,2020-03-30,Northern Territory,log10(New cases per week),1.0,68
7105,2020-03-30,Northern Territory,Slope of power-law,0.9999999999999997,68
7106,2020-03-30,Northern Territory,Acceleration of power-law,inf,68
7107,2020-03-30,Northern Territory,Growth Rate,13.043478260869565,68
7108,2020-03-30,Northern Territory,Days since first case,68.0,68
7109,2020-03-30,Northern Territory,Average Growth Rate,0.038003540201112275,68
7110,2020-03-30,Northern Territory,Doubling time,2.584240733675635,68
7111,2020-03-30,Queensland,Total cases,689.0,68
7112,2020-03-30,Queensland,Total cases per million,135.87063695523565,68
7113,2020-03-30,Queensland,New cases,33.0,68
7114,2020-03-30,Queensland,css_per_prsn,6.507592190889372,68
7115,2020-03-30,Queensland,New cases per week,370.0,68
7116,2020-03-30,Queensland,log10(Total cases),2.8382192219076257,68
7117,2020-03-30,Queensland,log10(New cases per week),2.568201724066995,68
7118,2020-03-30,Queensland,Slope of power-law,0.6888986605436014,68
7119,2020-03-30,Queensland,Acceleration of power-law,-3.6831478141907112,68
7120,2020-03-30,Queensland,Growth Rate,8.151093439363818,68
7121,2020-03-30,Queensland,Days since first case,68.0,68
7122,2020-03-30,Queensland,Average Growth Rate,0.060466671157728746,68
7123,2020-03-30,Queensland,Doubling time,4.111733638725555,68
7124,2020-03-30,South Australia,Total cases,305.0,68
7125,2020-03-30,South Australia,Total cases per million,181.87239117471674,68
7126,2020-03-30,South Australia,New cases,6.0,68
7127,2020-03-30,South Australia,css_per_prsn,3.5778175313059033,68
7128,2020-03-30,South Australia,New cases per week,171.0,68
7129,2020-03-30,South Australia,log10(Total cases),2.484299839346786,68
7130,2020-03-30,South Australia,log10(New cases per week),2.2329961103921536,68
7131,2020-03-30,South Australia,Slope of power-law,0.8932771455706638,68
7132,2020-03-30,South Australia,Acceleration of power-law,-2.5682517866480796,68
7133,2020-03-30,South Australia,Growth Rate,9.761388286334055,68
7134,2020-03-30,South Australia,Days since first case,68.0,68
7135,2020-03-30,South Australia,Average Growth Rate,0.048958114825255014,68
7136,2020-03-30,South Australia,Doubling time,3.329151808117341,68
7137,2020-03-30,Tasmania,Total cases,66.0,68
7138,2020-03-30,Tasmania,Total cases per million,128.15533980582524,68
7139,2020-03-30,Tasmania,New cases,0.0,68
7140,2020-03-30,Tasmania,css_per_prsn,0.0,68
7141,2020-03-30,Tasmania,New cases per week,38.0,68
7142,2020-03-30,Tasmania,log10(Total cases),1.8195439355418688,68
7143,2020-03-30,Tasmania,log10(New cases per week),1.5797835966168101,68
7144,2020-03-30,Tasmania,Slope of power-law,1.0747606736890951,68
7145,2020-03-30,Tasmania,Acceleration of power-law,inf,68
7146,2020-03-30,Tasmania,Growth Rate,10.416666666666666,68
7147,2020-03-30,Tasmania,Days since first case,68.0,68
7148,2020-03-30,Tasmania,Average Growth Rate,0.04728448570050488,68
7149,2020-03-30,Tasmania,Doubling time,3.215345027634332,68
7150,2020-03-30,Victoria,Total cases,821.0,68
7151,2020-03-30,Victoria,Total cases per million,129.10835036955496,68
7152,2020-03-30,Victoria,New cases,52.0,68
7153,2020-03-30,Victoria,css_per_prsn,8.177386381506526,68
7154,2020-03-30,Victoria,New cases per week,466.0,68
7155,2020-03-30,Victoria,log10(Total cases),2.9143431571194407,68
7156,2020-03-30,Victoria,log10(New cases per week),2.66838591669,68
7157,2020-03-30,Victoria,Slope of power-law,0.8886538045861397,68
7158,2020-03-30,Victoria,Acceleration of power-law,4.237618413372646,68
7159,2020-03-30,Victoria,Growth Rate,10.537251409913921,68
7160,2020-03-30,Victoria,Days since first case,68.0,68
7161,2020-03-30,Victoria,Average Growth Rate,0.05968587678605673,68
7162,2020-03-30,Victoria,Doubling time,4.058639621451857,68
7163,2020-03-30,Western Australia,Total cases,355.0,68
7164,2020-03-30,Western Australia,Total cases per million,137.11857860177676,68
7165,2020-03-30,Western Australia,New cases,44.0,68
7166,2020-03-30,Western Australia,css_per_prsn,16.994978756276556,68
7167,2020-03-30,Western Australia,New cases per week,215.0,68
7168,2020-03-30,Western Australia,log10(Total cases),2.550228353055094,68
7169,2020-03-30,Western Australia,log10(New cases per week),2.3324384599156054,68
7170,2020-03-30,Western Australia,Slope of power-law,0.8513807346376361,68
7171,2020-03-30,Western Australia,Acceleration of power-law,0.3080530778232675,68
7172,2020-03-30,Western Australia,Growth Rate,12.802275960170698,68
7173,2020-03-30,Western Australia,Days since first case,68.0,68
7174,2020-03-30,Western Australia,Average Growth Rate,0.053334414688823155,68
7175,2020-03-30,Western Australia,Doubling time,3.6267401988399746,68
7176,2020-03-31,Australian Capital Territory,Total cases,80.0,69
7177,2020-03-31,Australian Capital Territory,Total cases per million,210.52631578947367,69
7178,2020-03-31,Australian Capital Territory,New cases,2.0,69
7179,2020-03-31,Australian Capital Territory,css_per_prsn,5.2631578947368425,69
7180,2020-03-31,Australian Capital Territory,New cases per week,41.0,69
7181,2020-03-31,Australian Capital Territory,log10(Total cases),1.9030899869919435,69
7182,2020-03-31,Australian Capital Territory,log10(New cases per week),1.6127838567197355,69
7183,2020-03-31,Australian Capital Territory,Slope of power-law,0.7479535821271502,69
7184,2020-03-31,Australian Capital Territory,Acceleration of power-law,-10.663569408096727,69
7185,2020-03-31,Australian Capital Territory,Growth Rate,7.336956521739131,69
7186,2020-03-31,Australian Capital Territory,Days since first case,69.0,69
7187,2020-03-31,Australian Capital Territory,Average Growth Rate,0.053122439199094956,69
7188,2020-03-31,Australian Capital Territory,Doubling time,3.665448304737552,69
7189,2020-03-31,New South Wales,Total cases,2032.0,69
7190,2020-03-31,New South Wales,Total cases per million,269.35312831389183,69
7191,2020-03-31,New South Wales,New cases,0.0,69
7192,2020-03-31,New South Wales,css_per_prsn,0.0,69
7193,2020-03-31,New South Wales,New cases per week,1214.0,69
7194,2020-03-31,New South Wales,log10(Total cases),3.307923703611882,69
7195,2020-03-31,New South Wales,log10(New cases per week),3.0842186867392387,69
7196,2020-03-31,New South Wales,Slope of power-law,0.8582312058975211,69
7197,2020-03-31,New South Wales,Acceleration of power-law,-inf,69
7198,2020-03-31,New South Wales,Growth Rate,9.158499493071982,69
7199,2020-03-31,New South Wales,Days since first case,69.0,69
7200,2020-03-31,New South Wales,Average Growth Rate,0.05310081380142683,69
7201,2020-03-31,New South Wales,Doubling time,3.6639561522984514,69
7202,2020-03-31,Northern Territory,Total cases,17.0,69
7203,2020-03-31,Northern Territory,Total cases per million,69.58657388456815,69
7204,2020-03-31,Northern Territory,New cases,2.0,69
7205,2020-03-31,Northern Territory,css_per_prsn,8.186655751125665,69
7206,2020-03-31,Northern Territory,New cases per week,11.0,69
7207,2020-03-31,Northern Territory,log10(Total cases),1.2304489213782739,69
7208,2020-03-31,Northern Territory,log10(New cases per week),1.0413926851582251,69
7209,2020-03-31,Northern Territory,Slope of power-law,0.9827897238636225,69
7210,2020-03-31,Northern Territory,Acceleration of power-law,-0.3166117783770862,69
7211,2020-03-31,Northern Territory,Growth Rate,6.756756756756756,69
7212,2020-03-31,Northern Territory,Days since first case,69.0,69
7213,2020-03-31,Northern Territory,Average Growth Rate,0.048484546042255515,69
7214,2020-03-31,Northern Territory,Doubling time,3.3454336769156305,69
7215,2020-03-31,Queensland,Total cases,743.0,69
7216,2020-03-31,Queensland,Total cases per million,146.519424176691,69
7217,2020-03-31,Queensland,New cases,54.0,69
7218,2020-03-31,Queensland,css_per_prsn,10.648787221455335,69
7219,2020-03-31,Queensland,New cases per week,346.0,69
7220,2020-03-31,Queensland,log10(Total cases),2.8709888137605755,69
7221,2020-03-31,Queensland,log10(New cases per week),2.5390760987927767,69
7222,2020-03-31,Queensland,Slope of power-law,0.5621724177376062,69
7223,2020-03-31,Queensland,Acceleration of power-law,-3.867190149168359,69
7224,2020-03-31,Queensland,Growth Rate,7.649938800489596,69
7225,2020-03-31,Queensland,Days since first case,69.0,69
7226,2020-03-31,Queensland,Average Growth Rate,0.06831322007307973,69
7227,2020-03-31,Queensland,Doubling time,4.713612185042502,69
7228,2020-03-31,South Australia,Total cases,337.0,69
7229,2020-03-31,South Australia,Total cases per million,200.9540846750149,69
7230,2020-03-31,South Australia,New cases,32.0,69
7231,2020-03-31,South Australia,css_per_prsn,19.08169350029815,69
7232,2020-03-31,South Australia,New cases per week,167.0,69
7233,2020-03-31,South Australia,log10(Total cases),2.5276299008713385,69
7234,2020-03-31,South Australia,log10(New cases per week),2.2227164711475833,69
7235,2020-03-31,South Australia,Slope of power-law,0.7718213939062435,69
7236,2020-03-31,South Australia,Acceleration of power-law,-2.803036676871515,69
7237,2020-03-31,South Australia,Growth Rate,6.8686868686868685,69
7238,2020-03-31,South Australia,Days since first case,69.0,69
7239,2020-03-31,South Australia,Average Growth Rate,0.06091767484916934,69
7240,2020-03-31,South Australia,Doubling time,4.203319564592684,69
7241,2020-03-31,Tasmania,Total cases,69.0,69
7242,2020-03-31,Tasmania,Total cases per million,133.98058252427185,69
7243,2020-03-31,Tasmania,New cases,3.0,69
7244,2020-03-31,Tasmania,css_per_prsn,5.825242718446602,69
7245,2020-03-31,Tasmania,New cases per week,41.0,69
7246,2020-03-31,Tasmania,log10(Total cases),1.8388490907372552,69
7247,2020-03-31,Tasmania,log10(New cases per week),1.6127838567197355,69
7248,2020-03-31,Tasmania,Slope of power-law,0.900212648650573,69
7249,2020-03-31,Tasmania,Acceleration of power-law,-9.04152405261345,69
7250,2020-03-31,Tasmania,Growth Rate,7.096774193548387,69
7251,2020-03-31,Tasmania,Days since first case,69.0,69
7252,2020-03-31,Tasmania,Average Growth Rate,0.05668753671391846,69
7253,2020-03-31,Tasmania,Doubling time,3.911440033260374,69
7254,2020-03-31,Victoria,Total cases,917.0,69
7255,2020-03-31,Victoria,Total cases per million,144.2050636892593,69
7256,2020-03-31,Victoria,New cases,96.0,69
7257,2020-03-31,Victoria,css_per_prsn,15.096713319704357,69
7258,2020-03-31,Victoria,New cases per week,506.0,69
7259,2020-03-31,Victoria,log10(Total cases),2.962369335670021,69
7260,2020-03-31,Victoria,log10(New cases per week),2.7041505168397992,69
7261,2020-03-31,Victoria,Slope of power-law,0.7449838863917734,69
7262,2020-03-31,Victoria,Acceleration of power-law,-2.9914917765746454,69
7263,2020-03-31,Victoria,Growth Rate,10.541688794476899,69
7264,2020-03-31,Victoria,Days since first case,69.0,69
7265,2020-03-31,Victoria,Average Growth Rate,0.06324699448155031,69
7266,2020-03-31,Victoria,Doubling time,4.3640426192269715,69
7267,2020-03-31,Western Australia,Total cases,364.0,69
7268,2020-03-31,Western Australia,Total cases per million,140.59482425646968,69
7269,2020-03-31,Western Australia,New cases,9.0,69
7270,2020-03-31,Western Australia,css_per_prsn,3.476245654692932,69
7271,2020-03-31,Western Australia,New cases per week,189.0,69
7272,2020-03-31,Western Australia,log10(Total cases),2.561101383649056,69
7273,2020-03-31,Western Australia,log10(New cases per week),2.2764618041732443,69
7274,2020-03-31,Western Australia,Slope of power-law,0.6807825700675297,69
7275,2020-03-31,Western Australia,Acceleration of power-law,-15.690028929454789,69
7276,2020-03-31,Western Australia,Growth Rate,8.641975308641975,69
7277,2020-03-31,Western Australia,Days since first case,69.0,69
7278,2020-03-31,Western Australia,Average Growth Rate,0.06095482381392024,69
7279,2020-03-31,Western Australia,Doubling time,4.205882843160497,69
7280,2020-04-01,Australian Capital Territory,Total cases,84.0,70
7281,2020-04-01,Australian Capital Territory,Total cases per million,221.05263157894737,70
7282,2020-04-01,Australian Capital Territory,New cases,4.0,70
7283,2020-04-01,Australian Capital Territory,css_per_prsn,10.526315789473685,70
7284,2020-04-01,Australian Capital Territory,New cases per week,45.0,70
7285,2020-04-01,Australian Capital Territory,log10(Total cases),1.9242792860618816,70
7286,2020-04-01,Australian Capital Territory,log10(New cases per week),1.6532125137753437,70
7287,2020-04-01,Australian Capital Territory,Slope of power-law,0.6164588301467991,70
7288,2020-04-01,Australian Capital Territory,Acceleration of power-law,-6.205715042594637,70
7289,2020-04-01,Australian Capital Territory,Growth Rate,5.641025641025641,70
7290,2020-04-01,Australian Capital Territory,Days since first case,70.0,70
7291,2020-04-01,Australian Capital Territory,Average Growth Rate,0.0669442993576971,70
7292,2020-04-01,Australian Capital Territory,Doubling time,4.686100955038797,70
7293,2020-04-01,New South Wales,Total cases,2182.0,70
7294,2020-04-01,New South Wales,Total cases per million,289.23647932131496,70
7295,2020-04-01,New South Wales,New cases,150.0,70
7296,2020-04-01,New South Wales,css_per_prsn,19.88335100742312,70
7297,2020-04-01,New South Wales,New cases per week,1153.0,70
7298,2020-04-01,New South Wales,log10(Total cases),3.338854746252323,70
7299,2020-04-01,New South Wales,log10(New cases per week),3.061829307294699,70
7300,2020-04-01,New South Wales,Slope of power-law,0.6495070722055344,70
7301,2020-04-01,New South Wales,Acceleration of power-law,-6.74804713563349,70
7302,2020-04-01,New South Wales,Growth Rate,8.048477315102549,70
7303,2020-04-01,New South Wales,Days since first case,70.0,70
7304,2020-04-01,New South Wales,Average Growth Rate,0.05874476438435637,70
7305,2020-04-01,New South Wales,Doubling time,4.112133506904946,70
7306,2020-04-01,Northern Territory,Total cases,19.0,70
7307,2020-04-01,Northern Territory,Total cases per million,77.77322963569382,70
7308,2020-04-01,Northern Territory,New cases,2.0,70
7309,2020-04-01,Northern Territory,css_per_prsn,8.186655751125665,70
7310,2020-04-01,Northern Territory,New cases per week,13.0,70
7311,2020-04-01,Northern Territory,log10(Total cases),1.2787536009528289,70
7312,2020-04-01,Northern Territory,log10(New cases per week),1.1139433523068367,70
7313,2020-04-01,Northern Territory,Slope of power-law,0.8828869322379049,70
7314,2020-04-01,Northern Territory,Acceleration of power-law,-2.068180402097988,70
7315,2020-04-01,Northern Territory,Growth Rate,8.641975308641975,70
7316,2020-04-01,Northern Territory,Days since first case,70.0,70
7317,2020-04-01,Northern Territory,Average Growth Rate,0.05496800894554015,70
7318,2020-04-01,Northern Territory,Doubling time,3.8477606261878106,70
7319,2020-04-01,Queensland,Total cases,781.0,70
7320,2020-04-01,Queensland,Total cases per million,154.0130151843818,70
7321,2020-04-01,Queensland,New cases,38.0,70
7322,2020-04-01,Queensland,css_per_prsn,7.4935910076907915,70
7323,2020-04-01,Queensland,New cases per week,338.0,70
7324,2020-04-01,Queensland,log10(Total cases),2.8926510338773004,70
7325,2020-04-01,Queensland,log10(New cases per week),2.5289167002776547,70
7326,2020-04-01,Queensland,Slope of power-law,0.48451214099201356,70
7327,2020-04-01,Queensland,Acceleration of power-law,-3.585056209711065,70
7328,2020-04-01,Queensland,Growth Rate,6.468231253577563,70
7329,2020-04-01,Queensland,Days since first case,70.0,70
7330,2020-04-01,Queensland,Average Growth Rate,0.07914558220463,70
7331,2020-04-01,Queensland,Doubling time,5.5401907543241,70
7332,2020-04-01,South Australia,Total cases,367.0,70
7333,2020-04-01,South Australia,Total cases per million,218.84317233154442,70
7334,2020-04-01,South Australia,New cases,30.0,70
7335,2020-04-01,South Australia,css_per_prsn,17.889087656529515,70
7336,2020-04-01,South Australia,New cases per week,197.0,70
7337,2020-04-01,South Australia,log10(Total cases),2.5646660642520893,70
7338,2020-04-01,South Australia,log10(New cases per week),2.294466226161593,70
7339,2020-04-01,South Australia,Slope of power-law,0.6931109622959801,70
7340,2020-04-01,South Australia,Acceleration of power-law,-2.125231784974046,70
7341,2020-04-01,South Australia,Growth Rate,6.896551724137931,70
7342,2020-04-01,South Australia,Days since first case,70.0,70
7343,2020-04-01,South Australia,Average Growth Rate,0.07290747047788938,70
7344,2020-04-01,South Australia,Doubling time,5.103522933452257,70
7345,2020-04-01,Tasmania,Total cases,69.0,70
7346,2020-04-01,Tasmania,Total cases per million,133.98058252427185,70
7347,2020-04-01,Tasmania,New cases,0.0,70
7348,2020-04-01,Tasmania,css_per_prsn,0.0,70
7349,2020-04-01,Tasmania,New cases per week,33.0,70
7350,2020-04-01,Tasmania,log10(Total cases),1.8388490907372552,70
7351,2020-04-01,Tasmania,log10(New cases per week),1.5185139398778875,70
7352,2020-04-01,Tasmania,Slope of power-law,0.6333143260362868,70
7353,2020-04-01,Tasmania,Acceleration of power-law,-inf,70
7354,2020-04-01,Tasmania,Growth Rate,6.626506024096386,70
7355,2020-04-01,Tasmania,Days since first case,70.0,70
7356,2020-04-01,Tasmania,Average Growth Rate,0.06379847890148707,70
7357,2020-04-01,Tasmania,Doubling time,4.465893523104095,70
7358,2020-04-01,Victoria,Total cases,968.0,70
7359,2020-04-01,Victoria,Total cases per million,152.22519264035225,70
7360,2020-04-01,Victoria,New cases,51.0,70
7361,2020-04-01,Victoria,css_per_prsn,8.02012895109294,70
7362,2020-04-01,Victoria,New cases per week,502.0,70
7363,2020-04-01,Victoria,log10(Total cases),2.9858753573083936,70
7364,2020-04-01,Victoria,log10(New cases per week),2.7007037171450192,70
7365,2020-04-01,Victoria,Slope of power-law,0.5198875485370645,70
7366,2020-04-01,Victoria,Acceleration of power-law,-9.576113785552197,70
7367,2020-04-01,Victoria,Growth Rate,9.471153846153847,70
7368,2020-04-01,Victoria,Days since first case,70.0,70
7369,2020-04-01,Victoria,Average Growth Rate,0.06318259917511485,70
7370,2020-04-01,Victoria,Doubling time,4.422781942258039,70
7371,2020-04-01,Western Australia,Total cases,392.0,70
7372,2020-04-01,Western Australia,Total cases per million,151.4098107377366,70
7373,2020-04-01,Western Australia,New cases,28.0,70
7374,2020-04-01,Western Australia,css_per_prsn,10.8149864812669,70
7375,2020-04-01,Western Australia,New cases per week,217.0,70
7376,2020-04-01,Western Australia,log10(Total cases),2.593286067020457,70
7377,2020-04-01,Western Australia,log10(New cases per week),2.3364597338485296,70
7378,2020-04-01,Western Australia,Slope of power-law,0.6294874040102789,70
7379,2020-04-01,Western Australia,Acceleration of power-law,-1.593775693404237,70
7380,2020-04-01,Western Australia,Growth Rate,9.470588235294118,70
7381,2020-04-01,Western Australia,Days since first case,70.0,70
7382,2020-04-01,Western Australia,Average Growth Rate,0.06339562653892658,70
7383,2020-04-01,Western Australia,Doubling time,4.43769385772486,70
7384,2020-04-02,Australian Capital Territory,Total cases,87.0,71
7385,2020-04-02,Australian Capital Territory,Total cases per million,228.94736842105263,71
7386,2020-04-02,Australian Capital Territory,New cases,3.0,71
7387,2020-04-02,Australian Capital Territory,css_per_prsn,7.894736842105263,71
7388,2020-04-02,Australian Capital Territory,New cases per week,34.0,71
7389,2020-04-02,Australian Capital Territory,log10(Total cases),1.9395192526186185,71
7390,2020-04-02,Australian Capital Territory,log10(New cases per week),1.5314789170422551,71
7391,2020-04-02,Australian Capital Territory,Slope of power-law,0.12514159158783272,71
7392,2020-04-02,Australian Capital Territory,Acceleration of power-law,-32.23873469340247,71
7393,2020-04-02,Australian Capital Territory,Growth Rate,3.9408866995073892,71
7394,2020-04-02,Australian Capital Territory,Days since first case,71.0,71
7395,2020-04-02,Australian Capital Territory,Average Growth Rate,0.08465692191139941,71
7396,2020-04-02,Australian Capital Territory,Doubling time,6.010641455709358,71
7397,2020-04-02,New South Wales,Total cases,2298.0,71
7398,2020-04-02,New South Wales,Total cases per million,304.61293743372215,71
7399,2020-04-02,New South Wales,New cases,116.0,71
7400,2020-04-02,New South Wales,css_per_prsn,15.376458112407212,71
7401,2020-04-02,New South Wales,New cases per week,1079.0,71
7402,2020-04-02,New South Wales,log10(Total cases),3.3613500243522663,71
7403,2020-04-02,New South Wales,log10(New cases per week),3.0330214446829107,71
7404,2020-04-02,New South Wales,Slope of power-law,0.6265667528497983,71
7405,2020-04-02,New South Wales,Acceleration of power-law,-1.0197837632331352,71
7406,2020-04-02,New South Wales,Growth Rate,6.589259796806966,71
7407,2020-04-02,New South Wales,Days since first case,71.0,71
7408,2020-04-02,New South Wales,Average Growth Rate,0.0692951068541958,71
7409,2020-04-02,New South Wales,Doubling time,4.919952586647902,71
7410,2020-04-02,Northern Territory,Total cases,21.0,71
7411,2020-04-02,Northern Territory,Total cases per million,85.9598853868195,71
7412,2020-04-02,Northern Territory,New cases,2.0,71
7413,2020-04-02,Northern Territory,css_per_prsn,8.186655751125665,71
7414,2020-04-02,Northern Territory,New cases per week,9.0,71
7415,2020-04-02,Northern Territory,log10(Total cases),1.3222192947339193,71
7416,2020-04-02,Northern Territory,log10(New cases per week),0.9542425094393249,71
7417,2020-04-02,Northern Territory,Slope of power-law,0.5650748802080768,71
7418,2020-04-02,Northern Territory,Acceleration of power-law,-7.311790618837214,71
7419,2020-04-02,Northern Territory,Growth Rate,6.896551724137931,71
7420,2020-04-02,Northern Territory,Days since first case,71.0,71
7421,2020-04-02,Northern Territory,Average Growth Rate,0.06884825453850747,71
7422,2020-04-02,Northern Territory,Doubling time,4.888226072234031,71
7423,2020-04-02,Queensland,Total cases,835.0,71
7424,2020-04-02,Queensland,Total cases per million,164.6618024058371,71
7425,2020-04-02,Queensland,New cases,54.0,71
7426,2020-04-02,Queensland,css_per_prsn,10.648787221455335,71
7427,2020-04-02,Queensland,New cases per week,342.0,71
7428,2020-04-02,Queensland,log10(Total cases),2.921686475483602,71
7429,2020-04-02,Queensland,log10(New cases per week),2.534026106056135,71
7430,2020-04-02,Queensland,Slope of power-law,0.32149733739841935,71
7431,2020-04-02,Queensland,Acceleration of power-law,-5.614338703848558,71
7432,2020-04-02,Queensland,Growth Rate,5.669546436285097,71
7433,2020-04-02,Queensland,Days since first case,71.0,71
7434,2020-04-02,Queensland,Average Growth Rate,0.092959422651915,71
7435,2020-04-02,Queensland,Doubling time,6.600119008285964,71
7436,2020-04-02,South Australia,Total cases,367.0,71
7437,2020-04-02,South Australia,Total cases per million,218.84317233154442,71
7438,2020-04-02,South Australia,New cases,0.0,71
7439,2020-04-02,South Australia,css_per_prsn,0.0,71
7440,2020-04-02,South Australia,New cases per week,132.0,71
7441,2020-04-02,South Australia,log10(Total cases),2.5646660642520893,71
7442,2020-04-02,South Australia,log10(New cases per week),2.12057393120585,71
7443,2020-04-02,South Australia,Slope of power-law,0.22713306657613022,71
7444,2020-04-02,South Australia,Acceleration of power-law,-inf,71
7445,2020-04-02,South Australia,Growth Rate,4.776119402985075,71
7446,2020-04-02,South Australia,Days since first case,71.0,71
7447,2020-04-02,South Australia,Average Growth Rate,0.089694618463826,71
7448,2020-04-02,South Australia,Doubling time,6.368317910931646,71
7449,2020-04-02,Tasmania,Total cases,72.0,71
7450,2020-04-02,Tasmania,Total cases per million,139.80582524271844,71
7451,2020-04-02,Tasmania,New cases,3.0,71
7452,2020-04-02,Tasmania,css_per_prsn,5.825242718446602,71
7453,2020-04-02,Tasmania,New cases per week,25.0,71
7454,2020-04-02,Tasmania,log10(Total cases),1.8573324964312685,71
7455,2020-04-02,Tasmania,log10(New cases per week),1.3979400086720377,71
7456,2020-04-02,Tasmania,Slope of power-law,0.18460611369769048,71
7457,2020-04-02,Tasmania,Acceleration of power-law,-24.276273527011913,71
7458,2020-04-02,Tasmania,Growth Rate,2.923976608187134,71
7459,2020-04-02,Tasmania,Days since first case,71.0,71
7460,2020-04-02,Tasmania,Average Growth Rate,0.0829270117958835,71
7461,2020-04-02,Tasmania,Doubling time,5.887817837507729,71
7462,2020-04-02,Victoria,Total cases,1036.0,71
7463,2020-04-02,Victoria,Total cases per million,162.91869790847616,71
7464,2020-04-02,Victoria,New cases,68.0,71
7465,2020-04-02,Victoria,css_per_prsn,10.69350526812392,71
7466,2020-04-02,Victoria,New cases per week,516.0,71
7467,2020-04-02,Victoria,log10(Total cases),3.0153597554092144,71
7468,2020-04-02,Victoria,log10(New cases per week),2.7126497016272113,71
7469,2020-04-02,Victoria,Slope of power-law,0.5575442988102878,71
7470,2020-04-02,Victoria,Acceleration of power-law,1.2771754791960603,71
7471,2020-04-02,Victoria,Growth Rate,7.780979827089338,71
7472,2020-04-02,Victoria,Days since first case,71.0,71
7473,2020-04-02,Victoria,Average Growth Rate,0.06902622021251931,71
7474,2020-04-02,Victoria,Doubling time,4.900861635088871,71
7475,2020-04-02,Western Australia,Total cases,400.0,71
7476,2020-04-02,Western Australia,Total cases per million,154.4998068752414,71
7477,2020-04-02,Western Australia,New cases,8.0,71
7478,2020-04-02,Western Australia,css_per_prsn,3.089996137504828,71
7479,2020-04-02,Western Australia,New cases per week,169.0,71
7480,2020-04-02,Western Australia,log10(Total cases),2.6020599913279625,71
7481,2020-04-02,Western Australia,log10(New cases per week),2.2278867046136734,71
7482,2020-04-02,Western Australia,Slope of power-law,0.39187576069082664,71
7483,2020-04-02,Western Australia,Acceleration of power-law,-27.08156977331065,71
7484,2020-04-02,Western Australia,Growth Rate,6.695938529088913,71
7485,2020-04-02,Western Australia,Days since first case,71.0,71
7486,2020-04-02,Western Australia,Average Growth Rate,0.07115950933403549,71
7487,2020-04-02,Western Australia,Doubling time,5.05232516271652,71
7488,2020-04-03,Australian Capital Territory,Total cases,91.0,72
7489,2020-04-03,Australian Capital Territory,Total cases per million,239.4736842105263,72
7490,2020-04-03,Australian Capital Territory,New cases,4.0,72
7491,2020-04-03,Australian Capital Territory,css_per_prsn,10.526315789473685,72
7492,2020-04-03,Australian Capital Territory,New cases per week,29.0,72
7493,2020-04-03,Australian Capital Territory,log10(Total cases),1.9590413923210936,72
7494,2020-04-03,Australian Capital Territory,log10(New cases per week),1.462397997898956,72
7495,2020-04-03,Australian Capital Territory,Slope of power-law,-0.2875282637281986,72
7496,2020-04-03,Australian Capital Territory,Acceleration of power-law,-21.138556613428474,72
7497,2020-04-03,Australian Capital Territory,Growth Rate,3.3333333333333335,72
7498,2020-04-03,Australian Capital Territory,Days since first case,72.0,72
7499,2020-04-03,Australian Capital Territory,Average Growth Rate,0.10936663326840841,72
7500,2020-04-03,Australian Capital Territory,Doubling time,7.874397595325406,72
7501,2020-04-03,New South Wales,Total cases,2389.0,72
7502,2020-04-03,New South Wales,Total cases per million,316.67550371155886,72
7503,2020-04-03,New South Wales,New cases,91.0,72
7504,2020-04-03,New South Wales,css_per_prsn,12.062566277836693,72
7505,2020-04-03,New South Wales,New cases per week,984.0,72
7506,2020-04-03,New South Wales,log10(Total cases),3.378216149749878,72
7507,2020-04-03,New South Wales,log10(New cases per week),2.9929950984313414,72
7508,2020-04-03,New South Wales,Slope of power-law,0.44921204972677553,72
7509,2020-04-03,New South Wales,Acceleration of power-law,-10.515438427140895,72
7510,2020-04-03,New South Wales,Growth Rate,5.469678953626635,72
7511,2020-04-03,New South Wales,Days since first case,72.0,72
7512,2020-04-03,New South Wales,Average Growth Rate,0.0831033773724316,72
7513,2020-04-03,New South Wales,Doubling time,5.983443170815075,72
7514,2020-04-03,Northern Territory,Total cases,22.0,72
7515,2020-04-03,Northern Territory,Total cases per million,90.05321326238231,72
7516,2020-04-03,Northern Territory,New cases,1.0,72
7517,2020-04-03,Northern Territory,css_per_prsn,4.093327875562832,72
7518,2020-04-03,Northern Territory,New cases per week,10.0,72
7519,2020-04-03,Northern Territory,log10(Total cases),1.3424226808222062,72
7520,2020-04-03,Northern Territory,log10(New cases per week),1.0,72
7521,2020-04-03,Northern Territory,Slope of power-law,0.5334843825603839,72
7522,2020-04-03,Northern Territory,Acceleration of power-law,-1.5636239148054436,72
7523,2020-04-03,Northern Territory,Growth Rate,7.446808510638298,72
7524,2020-04-03,Northern Territory,Days since first case,72.0,72
7525,2020-04-03,Northern Territory,Average Growth Rate,0.08100244679114359,72
7526,2020-04-03,Northern Territory,Doubling time,5.832176168962338,72
7527,2020-04-03,Queensland,Total cases,873.0,72
7528,2020-04-03,Queensland,Total cases per million,172.15539341352792,72
7529,2020-04-03,Queensland,New cases,38.0,72
7530,2020-04-03,Queensland,css_per_prsn,7.4935910076907915,72
7531,2020-04-03,Queensland,New cases per week,318.0,72
7532,2020-04-03,Queensland,log10(Total cases),2.9410142437055695,72
7533,2020-04-03,Queensland,log10(New cases per week),2.5024271199844326,72
7534,2020-04-03,Queensland,Slope of power-law,-0.003984419914676218,72
7535,2020-04-03,Queensland,Acceleration of power-law,-16.840110745076146,72
7536,2020-04-03,Queensland,Growth Rate,5.534302473858709,72
7537,2020-04-03,Queensland,Days since first case,72.0,72
7538,2020-04-03,Queensland,Average Growth Rate,0.10353790412479247,72
7539,2020-04-03,Queensland,Doubling time,7.454729096985058,72
7540,2020-04-03,South Australia,Total cases,396.0,72
7541,2020-04-03,South Australia,Total cases per million,236.1359570661896,72
7542,2020-04-03,South Australia,New cases,29.0,72
7543,2020-04-03,South Australia,css_per_prsn,17.2927847346452,72
7544,2020-04-03,South Australia,New cases per week,139.0,72
7545,2020-04-03,South Australia,log10(Total cases),2.597695185925512,72
7546,2020-04-03,South Australia,log10(New cases per week),2.143014800254095,72
7547,2020-04-03,South Australia,Slope of power-law,-0.016894147062145735,72
7548,2020-04-03,South Australia,Acceleration of power-law,-7.3882441092774895,72
7549,2020-04-03,South Australia,Growth Rate,5.474040632054176,72
7550,2020-04-03,South Australia,Days since first case,72.0,72
7551,2020-04-03,South Australia,Average Growth Rate,0.102607033392596,72
7552,2020-04-03,South Australia,Doubling time,7.387706404266912,72
7553,2020-04-03,Tasmania,Total cases,74.0,72
7554,2020-04-03,Tasmania,Total cases per million,143.6893203883495,72
7555,2020-04-03,Tasmania,New cases,2.0,72
7556,2020-04-03,Tasmania,css_per_prsn,3.883495145631068,72
7557,2020-04-03,Tasmania,New cases per week,27.0,72
7558,2020-04-03,Tasmania,log10(Total cases),1.8692317197309762,72
7559,2020-04-03,Tasmania,log10(New cases per week),1.4313637641589874,72
7560,2020-04-03,Tasmania,Slope of power-law,0.2585910290729589,72
7561,2020-04-03,Tasmania,Acceleration of power-law,6.217625597217401,72
7562,2020-04-03,Tasmania,Growth Rate,2.2857142857142856,72
7563,2020-04-03,Tasmania,Days since first case,72.0,72
7564,2020-04-03,Tasmania,Average Growth Rate,0.11808445231894645,72
7565,2020-04-03,Tasmania,Doubling time,8.502080566964144,72
7566,2020-04-03,Victoria,Total cases,1085.0,72
7567,2020-04-03,Victoria,Total cases per million,170.62431199874194,72
7568,2020-04-03,Victoria,New cases,49.0,72
7569,2020-04-03,Victoria,css_per_prsn,7.705614090265765,72
7570,2020-04-03,Victoria,New cases per week,511.0,72
7571,2020-04-03,Victoria,log10(Total cases),3.0354297381845483,72
7572,2020-04-03,Victoria,log10(New cases per week),2.708420900134713,72
7573,2020-04-03,Victoria,Slope of power-law,0.4918585896215135,72
7574,2020-04-03,Victoria,Acceleration of power-law,-3.2728333613470912,72
7575,2020-04-03,Victoria,Growth Rate,6.54650921897659,72
7576,2020-04-03,Victoria,Days since first case,72.0,72
7577,2020-04-03,Victoria,Average Growth Rate,0.07722643831640465,72
7578,2020-04-03,Victoria,Doubling time,5.5603035587811345,72
7579,2020-04-03,Western Australia,Total cases,400.0,72
7580,2020-04-03,Western Australia,Total cases per million,154.4998068752414,72
7581,2020-04-03,Western Australia,New cases,0.0,72
7582,2020-04-03,Western Australia,css_per_prsn,0.0,72
7583,2020-04-03,Western Australia,New cases per week,169.0,72
7584,2020-04-03,Western Australia,log10(Total cases),2.6020599913279625,72
7585,2020-04-03,Western Australia,log10(New cases per week),2.2278867046136734,72
7586,2020-04-03,Western Australia,Slope of power-law,0.1936489229791012,72
7587,2020-04-03,Western Australia,Acceleration of power-law,-inf,72
7588,2020-04-03,Western Australia,Growth Rate,4.657247514390372,72
7589,2020-04-03,Western Australia,Days since first case,72.0,72
7590,2020-04-03,Western Australia,Average Growth Rate,0.08199427008715944,72
7591,2020-04-03,Western Australia,Doubling time,5.90358744627548,72
7592,2020-04-04,Australian Capital Territory,Total cases,93.0,73
7593,2020-04-04,Australian Capital Territory,Total cases per million,244.73684210526315,73
7594,2020-04-04,Australian Capital Territory,New cases,2.0,73
7595,2020-04-04,Australian Capital Territory,css_per_prsn,5.2631578947368425,73
7596,2020-04-04,Australian Capital Territory,New cases per week,22.0,73
7597,2020-04-04,Australian Capital Territory,log10(Total cases),1.968482948553935,73
7598,2020-04-04,Australian Capital Territory,log10(New cases per week),1.3424226808222062,73
7599,2020-04-04,Australian Capital Territory,Slope of power-law,-0.5666916426994404,73
7600,2020-04-04,Australian Capital Territory,Acceleration of power-law,-29.567517481938395,73
7601,2020-04-04,Australian Capital Territory,Growth Rate,3.4482758620689653,73
7602,2020-04-04,Australian Capital Territory,Days since first case,73.0,73
7603,2020-04-04,Australian Capital Territory,Average Growth Rate,0.14623063274782713,73
7604,2020-04-04,Australian Capital Territory,Doubling time,10.67483619059138,73
7605,2020-04-04,New South Wales,Total cases,2493.0,73
7606,2020-04-04,New South Wales,Total cases per million,330.4612937433722,73
7607,2020-04-04,New South Wales,New cases,104.0,73
7608,2020-04-04,New South Wales,css_per_prsn,13.785790031813363,73
7609,2020-04-04,New South Wales,New cases per week,876.0,73
7610,2020-04-04,New South Wales,log10(Total cases),3.3967222785037734,73
7611,2020-04-04,New South Wales,log10(New cases per week),2.9425041061680806,73
7612,2020-04-04,New South Wales,Slope of power-law,0.15755411687642432,73
7613,2020-04-04,New South Wales,Acceleration of power-law,-15.760072607781817,73
7614,2020-04-04,New South Wales,Growth Rate,4.045989117079165,73
7615,2020-04-04,New South Wales,Days since first case,73.0,73
7616,2020-04-04,New South Wales,Average Growth Rate,0.10403895954136763,73
7617,2020-04-04,New South Wales,Doubling time,7.594844046519837,73
7618,2020-04-04,Northern Territory,Total cases,26.0,73
7619,2020-04-04,Northern Territory,Total cases per million,106.42652476463365,73
7620,2020-04-04,Northern Territory,New cases,4.0,73
7621,2020-04-04,Northern Territory,css_per_prsn,16.37331150225133,73
7622,2020-04-04,Northern Territory,New cases per week,11.0,73
7623,2020-04-04,Northern Territory,log10(Total cases),1.414973347970818,73
7624,2020-04-04,Northern Territory,log10(New cases per week),1.0413926851582251,73
7625,2020-04-04,Northern Territory,Slope of power-law,0.5377054001731342,73
7626,2020-04-04,Northern Territory,Acceleration of power-law,0.058180272885761525,73
7627,2020-04-04,Northern Territory,Growth Rate,10.476190476190476,73
7628,2020-04-04,Northern Territory,Days since first case,73.0,73
7629,2020-04-04,Northern Territory,Average Growth Rate,0.08617314473795468,73
7630,2020-04-04,Northern Territory,Doubling time,6.290639565870691,73
7631,2020-04-04,Queensland,Total cases,900.0,73
7632,2020-04-04,Queensland,Total cases per million,177.4797870242556,73
7633,2020-04-04,Queensland,New cases,27.0,73
7634,2020-04-04,Queensland,css_per_prsn,5.324393610727667,73
7635,2020-04-04,Queensland,New cases per week,275.0,73
7636,2020-04-04,Queensland,log10(Total cases),2.9542425094393248,73
7637,2020-04-04,Queensland,log10(New cases per week),2.439332693830263,73
7638,2020-04-04,Queensland,Slope of power-law,-0.33619134031014436,73
7639,2020-04-04,Queensland,Acceleration of power-law,-25.113414493009373,73
7640,2020-04-04,Queensland,Growth Rate,5.106485963213941,73
7641,2020-04-04,Queensland,Days since first case,73.0,73
7642,2020-04-04,Queensland,Average Growth Rate,0.11389767295717822,73
7643,2020-04-04,Queensland,Doubling time,8.31453012587401,73
7644,2020-04-04,South Australia,Total cases,407.0,73
7645,2020-04-04,South Australia,Total cases per million,242.6952892069171,73
7646,2020-04-04,South Australia,New cases,11.0,73
7647,2020-04-04,South Australia,css_per_prsn,6.55933214072749,73
7648,2020-04-04,South Australia,New cases per week,120.0,73
7649,2020-04-04,South Australia,log10(Total cases),2.60959440922522,73
7650,2020-04-04,South Australia,log10(New cases per week),2.0791812460476247,73
7651,2020-04-04,South Australia,Slope of power-law,-0.11781861146002548,73
7652,2020-04-04,South Australia,Acceleration of power-law,-8.48160101343411,73
7653,2020-04-04,South Australia,Growth Rate,5.44290288153682,73
7654,2020-04-04,South Australia,Days since first case,73.0,73
7655,2020-04-04,South Australia,Average Growth Rate,0.11764887061440805,73
7656,2020-04-04,South Australia,Doubling time,8.588367554851787,73
7657,2020-04-04,Tasmania,Total cases,80.0,73
7658,2020-04-04,Tasmania,Total cases per million,155.3398058252427,73
7659,2020-04-04,Tasmania,New cases,6.0,73
7660,2020-04-04,Tasmania,css_per_prsn,11.650485436893204,73
7661,2020-04-04,Tasmania,New cases per week,18.0,73
7662,2020-04-04,Tasmania,log10(Total cases),1.9030899869919435,73
7663,2020-04-04,Tasmania,log10(New cases per week),1.255272505103306,73
7664,2020-04-04,Tasmania,Slope of power-law,-0.46051501052161486,73
7665,2020-04-04,Tasmania,Acceleration of power-law,-21.238713548214502,73
7666,2020-04-04,Tasmania,Growth Rate,3.8461538461538463,73
7667,2020-04-04,Tasmania,Days since first case,73.0,73
7668,2020-04-04,Tasmania,Average Growth Rate,0.15214526059431446,73
7669,2020-04-04,Tasmania,Doubling time,11.106604023384955,73
7670,2020-04-04,Victoria,Total cases,1115.0,73
7671,2020-04-04,Victoria,Total cases per million,175.34203491114954,73
7672,2020-04-04,Victoria,New cases,30.0,73
7673,2020-04-04,Victoria,css_per_prsn,4.717722912407611,73
7674,2020-04-04,Victoria,New cases per week,430.0,73
7675,2020-04-04,Victoria,log10(Total cases),3.0472748673841794,73
7676,2020-04-04,Victoria,log10(New cases per week),2.6334684555795866,73
7677,2020-04-04,Victoria,Slope of power-law,0.25244695135888556,73
7678,2020-04-04,Victoria,Acceleration of power-law,-20.21182160428306,73
7679,2020-04-04,Victoria,Growth Rate,5.741066198008201,73
7680,2020-04-04,Victoria,Days since first case,73.0,73
7681,2020-04-04,Victoria,Average Growth Rate,0.08646744090036472,73
7682,2020-04-04,Victoria,Doubling time,6.312123185726625,73
7683,2020-04-04,Western Australia,Total cases,436.0,73
7684,2020-04-04,Western Australia,Total cases per million,168.40478949401313,73
7685,2020-04-04,Western Australia,New cases,36.0,73
7686,2020-04-04,Western Australia,css_per_prsn,13.904982618771728,73
7687,2020-04-04,Western Australia,New cases per week,158.0,73
7688,2020-04-04,Western Australia,log10(Total cases),2.639486489268586,73
7689,2020-04-04,Western Australia,log10(New cases per week),2.1986570869544226,73
7690,2020-04-04,Western Australia,Slope of power-law,0.13249907402594743,73
7691,2020-04-04,Western Australia,Acceleration of power-law,-1.6338651040812628,73
7692,2020-04-04,Western Australia,Growth Rate,4.066265060240964,73
7693,2020-04-04,Western Australia,Days since first case,73.0,73
7694,2020-04-04,Western Australia,Average Growth Rate,0.10335602972909828,73
7695,2020-04-04,Western Australia,Doubling time,7.544990170224175,73
7696,2020-04-05,Australian Capital Territory,Total cases,96.0,74
7697,2020-04-05,Australian Capital Territory,Total cases per million,252.6315789473684,74
7698,2020-04-05,Australian Capital Territory,New cases,3.0,74
7699,2020-04-05,Australian Capital Territory,css_per_prsn,7.894736842105263,74
7700,2020-04-05,Australian Capital Territory,New cases per week,19.0,74
7701,2020-04-05,Australian Capital Territory,log10(Total cases),1.9822712330395684,74
7702,2020-04-05,Australian Capital Territory,log10(New cases per week),1.2787536009528289,74
7703,2020-04-05,Australian Capital Territory,Slope of power-law,-1.5947669508150568,74
7704,2020-04-05,Australian Capital Territory,Acceleration of power-law,-74.56150975031095,74
7705,2020-04-05,Australian Capital Territory,Growth Rate,3.5476718403547673,74
7706,2020-04-05,Australian Capital Territory,Days since first case,74.0,74
7707,2020-04-05,Australian Capital Territory,Average Growth Rate,0.17405967775526046,74
7708,2020-04-05,Australian Capital Territory,Doubling time,12.880416153889275,74
7709,2020-04-05,New South Wales,Total cases,2580.0,74
7710,2020-04-05,New South Wales,Total cases per million,341.9936373276776,74
7711,2020-04-05,New South Wales,New cases,87.0,74
7712,2020-04-05,New South Wales,css_per_prsn,11.532343584305409,74
7713,2020-04-05,New South Wales,New cases per week,789.0,74
7714,2020-04-05,New South Wales,log10(Total cases),3.41161970596323,74
7715,2020-04-05,New South Wales,log10(New cases per week),2.89707700320942,74
7716,2020-04-05,New South Wales,Slope of power-law,-0.19322709895202267,74
7717,2020-04-05,New South Wales,Acceleration of power-law,-23.546428857136437,74
7718,2020-04-05,New South Wales,Growth Rate,4.588846089432256,74
7719,2020-04-05,New South Wales,Days since first case,74.0,74
7720,2020-04-05,New South Wales,Average Growth Rate,0.12057983454379671,74
7721,2020-04-05,New South Wales,Doubling time,8.922907756240956,74
7722,2020-04-05,Northern Territory,Total cases,27.0,74
7723,2020-04-05,Northern Territory,Total cases per million,110.51985264019649,74
7724,2020-04-05,Northern Territory,New cases,1.0,74
7725,2020-04-05,Northern Territory,css_per_prsn,4.093327875562832,74
7726,2020-04-05,Northern Territory,New cases per week,12.0,74
7727,2020-04-05,Northern Territory,log10(Total cases),1.4313637641589874,74
7728,2020-04-05,Northern Territory,log10(New cases per week),1.0791812460476249,74
7729,2020-04-05,Northern Territory,Slope of power-law,0.10729823016783233,74
7730,2020-04-05,Northern Territory,Acceleration of power-law,-26.25968523703321,74
7731,2020-04-05,Northern Territory,Growth Rate,8.695652173913043,74
7732,2020-04-05,Northern Territory,Days since first case,74.0,74
7733,2020-04-05,Northern Territory,Average Growth Rate,0.08220986440056148,74
7734,2020-04-05,Northern Territory,Doubling time,6.083529965641549,74
7735,2020-04-05,Queensland,Total cases,907.0,74
7736,2020-04-05,Queensland,Total cases per million,178.86018536777758,74
7737,2020-04-05,Queensland,New cases,7.0,74
7738,2020-04-05,Queensland,css_per_prsn,1.3803983435219878,74
7739,2020-04-05,Queensland,New cases per week,251.0,74
7740,2020-04-05,Queensland,log10(Total cases),2.957607287060095,74
7741,2020-04-05,Queensland,log10(New cases per week),2.399673721481038,74
7742,2020-04-05,Queensland,Slope of power-law,-0.540684040730534,74
7743,2020-04-05,Queensland,Acceleration of power-law,-60.774506807843984,74
7744,2020-04-05,Queensland,Growth Rate,3.8175046554934817,74
7745,2020-04-05,Queensland,Days since first case,74.0,74
7746,2020-04-05,Queensland,Average Growth Rate,0.13031007215883308,74
7747,2020-04-05,Queensland,Doubling time,9.642945339753648,74
7748,2020-04-05,South Australia,Total cases,407.0,74
7749,2020-04-05,South Australia,Total cases per million,242.6952892069171,74
7750,2020-04-05,South Australia,New cases,0.0,74
7751,2020-04-05,South Australia,css_per_prsn,0.0,74
7752,2020-04-05,South Australia,New cases per week,108.0,74
7753,2020-04-05,South Australia,log10(Total cases),2.60959440922522,74
7754,2020-04-05,South Australia,log10(New cases per week),2.03342375548695,74
7755,2020-04-05,South Australia,Slope of power-law,-1.0570460887525193,74
7756,2020-04-05,South Australia,Acceleration of power-law,-inf,74
7757,2020-04-05,South Australia,Growth Rate,3.6008230452674894,74
7758,2020-04-05,South Australia,Days since first case,74.0,74
7759,2020-04-05,South Australia,Average Growth Rate,0.13232829265219836,74
7760,2020-04-05,South Australia,Doubling time,9.792293656262679,74
7761,2020-04-05,Tasmania,Total cases,82.0,74
7762,2020-04-05,Tasmania,Total cases per million,159.2233009708738,74
7763,2020-04-05,Tasmania,New cases,2.0,74
7764,2020-04-05,Tasmania,css_per_prsn,3.883495145631068,74
7765,2020-04-05,Tasmania,New cases per week,16.0,74
7766,2020-04-05,Tasmania,log10(Total cases),1.9138138523837167,74
7767,2020-04-05,Tasmania,log10(New cases per week),1.2041199826559248,74
7768,2020-04-05,Tasmania,Slope of power-law,-1.506237691231458,74
7769,2020-04-05,Tasmania,Acceleration of power-law,-97.51359631127698,74
7770,2020-04-05,Tasmania,Growth Rate,3.4482758620689653,74
7771,2020-04-05,Tasmania,Days since first case,74.0,74
7772,2020-04-05,Tasmania,Average Growth Rate,0.18116165092310957,74
7773,2020-04-05,Tasmania,Doubling time,13.405962168310108,74
7774,2020-04-05,Victoria,Total cases,1135.0,74
7775,2020-04-05,Victoria,Total cases per million,178.48718351942128,74
7776,2020-04-05,Victoria,New cases,20.0,74
7777,2020-04-05,Victoria,css_per_prsn,3.145148608271741,74
7778,2020-04-05,Victoria,New cases per week,366.0,74
7779,2020-04-05,Victoria,log10(Total cases),3.0549958615291417,74
7780,2020-04-05,Victoria,log10(New cases per week),2.5634810853944106,74
7781,2020-04-05,Victoria,Slope of power-law,-0.11059775161180192,74
7782,2020-04-05,Victoria,Acceleration of power-law,-47.02046085704681,74
7783,2020-04-05,Victoria,Growth Rate,4.083161640756696,74
7784,2020-04-05,Victoria,Days since first case,74.0,74
7785,2020-04-05,Victoria,Average Growth Rate,0.10307673995266328,74
7786,2020-04-05,Victoria,Doubling time,7.627678756497083,74
7787,2020-04-05,Western Australia,Total cases,453.0,74
7788,2020-04-05,Western Australia,Total cases per million,174.9710312862109,74
7789,2020-04-05,Western Australia,New cases,17.0,74
7790,2020-04-05,Western Australia,css_per_prsn,6.56624179219776,74
7791,2020-04-05,Western Australia,New cases per week,142.0,74
7792,2020-04-05,Western Australia,log10(Total cases),2.656098202012832,74
7793,2020-04-05,Western Australia,log10(New cases per week),2.1522883443830563,74
7794,2020-04-05,Western Australia,Slope of power-law,-0.3438270899315778,74
7795,2020-04-05,Western Australia,Acceleration of power-law,-28.674115143395802,74
7796,2020-04-05,Western Australia,Growth Rate,4.276790004805382,74
7797,2020-04-05,Western Australia,Days since first case,74.0,74
7798,2020-04-05,Western Australia,Average Growth Rate,0.1188245682088202,74
7799,2020-04-05,Western Australia,Doubling time,8.793018047452694,74
7800,2020-04-06,Australian Capital Territory,Total cases,96.0,75
7801,2020-04-06,Australian Capital Territory,Total cases per million,252.6315789473684,75
7802,2020-04-06,Australian Capital Territory,New cases,0.0,75
7803,2020-04-06,Australian Capital Territory,css_per_prsn,0.0,75
7804,2020-04-06,Australian Capital Territory,New cases per week,18.0,75
7805,2020-04-06,Australian Capital Territory,log10(Total cases),1.9822712330395684,75
7806,2020-04-06,Australian Capital Territory,log10(New cases per week),1.255272505103306,75
7807,2020-04-06,Australian Capital Territory,Slope of power-law,-2.5959379968471668,75
7808,2020-04-06,Australian Capital Territory,Acceleration of power-law,-inf,75
7809,2020-04-06,Australian Capital Territory,Growth Rate,2.591792656587473,75
7810,2020-04-06,Australian Capital Territory,Days since first case,75.0,75
7811,2020-04-06,Australian Capital Territory,Average Growth Rate,0.20553576347353134,75
7812,2020-04-06,Australian Capital Territory,Doubling time,15.41518226051485,75
7813,2020-04-06,New South Wales,Total cases,2637.0,75
7814,2020-04-06,New South Wales,Total cases per million,349.54931071049845,75
7815,2020-04-06,New South Wales,New cases,57.0,75
7816,2020-04-06,New South Wales,css_per_prsn,7.555673382820785,75
7817,2020-04-06,New South Wales,New cases per week,605.0,75
7818,2020-04-06,New South Wales,log10(Total cases),3.4211101297934343,75
7819,2020-04-06,New South Wales,log10(New cases per week),2.781755374652469,75
7820,2020-04-06,New South Wales,Slope of power-law,-0.8786783502498002,75
7821,2020-04-06,New South Wales,Acceleration of power-law,-72.22556795790904,75
7822,2020-04-06,New South Wales,Growth Rate,3.6702428006775834,75
7823,2020-04-06,New South Wales,Days since first case,75.0,75
7824,2020-04-06,New South Wales,Average Growth Rate,0.14224813327282848,75
7825,2020-04-06,New South Wales,Doubling time,10.668609995462136,75
7826,2020-04-06,Northern Territory,Total cases,28.0,75
7827,2020-04-06,Northern Territory,Total cases per million,114.61318051575931,75
7828,2020-04-06,Northern Territory,New cases,1.0,75
7829,2020-04-06,Northern Territory,css_per_prsn,4.093327875562832,75
7830,2020-04-06,Northern Territory,New cases per week,13.0,75
7831,2020-04-06,Northern Territory,log10(Total cases),1.4471580313422192,75
7832,2020-04-06,Northern Territory,log10(New cases per week),1.1139433523068367,75
7833,2020-04-06,Northern Territory,Slope of power-law,0.4339970597320665,75
7834,2020-04-06,Northern Territory,Acceleration of power-law,20.68464625640102,75
7835,2020-04-06,Northern Territory,Growth Rate,7.258064516129033,75
7836,2020-04-06,Northern Territory,Days since first case,75.0,75
7837,2020-04-06,Northern Territory,Average Growth Rate,0.08500020046747546,75
7838,2020-04-06,Northern Territory,Doubling time,6.37501503506066,75
7839,2020-04-06,Queensland,Total cases,921.0,75
7840,2020-04-06,Queensland,Total cases per million,181.62098205482155,75
7841,2020-04-06,Queensland,New cases,14.0,75
7842,2020-04-06,Queensland,css_per_prsn,2.7607966870439755,75
7843,2020-04-06,Queensland,New cases per week,232.0,75
7844,2020-04-06,Queensland,log10(Total cases),2.964259630196849,75
7845,2020-04-06,Queensland,log10(New cases per week),2.3654879848909,75
7846,2020-04-06,Queensland,Slope of power-law,-0.9268947244324539,75
7847,2020-04-06,Queensland,Acceleration of power-law,-58.05633831004855,75
7848,2020-04-06,Queensland,Growth Rate,3.1559963931469794,75
7849,2020-04-06,Queensland,Days since first case,75.0,75
7850,2020-04-06,Queensland,Average Growth Rate,0.14884729107394865,75
7851,2020-04-06,Queensland,Doubling time,11.163546830546148,75
7852,2020-04-06,South Australia,Total cases,411.0,75
7853,2020-04-06,South Australia,Total cases per million,245.0805008944544,75
7854,2020-04-06,South Australia,New cases,4.0,75
7855,2020-04-06,South Australia,css_per_prsn,2.385211687537269,75
7856,2020-04-06,South Australia,New cases per week,106.0,75
7857,2020-04-06,South Australia,log10(Total cases),2.6138418218760693,75
7858,2020-04-06,South Australia,log10(New cases per week),2.0253058652647704,75
7859,2020-04-06,South Australia,Slope of power-law,-1.4254638584156465,75
7860,2020-04-06,South Australia,Acceleration of power-law,-86.73933991072248,75
7861,2020-04-06,South Australia,Growth Rate,2.2132796780684103,75
7862,2020-04-06,South Australia,Days since first case,75.0,75
7863,2020-04-06,South Australia,Average Growth Rate,0.16114331199310505,75
7864,2020-04-06,South Australia,Doubling time,12.08574839948288,75
7865,2020-04-06,Tasmania,Total cases,86.0,75
7866,2020-04-06,Tasmania,Total cases per million,166.9902912621359,75
7867,2020-04-06,Tasmania,New cases,4.0,75
7868,2020-04-06,Tasmania,css_per_prsn,7.766990291262136,75
7869,2020-04-06,Tasmania,New cases per week,20.0,75
7870,2020-04-06,Tasmania,log10(Total cases),1.9344984512435677,75
7871,2020-04-06,Tasmania,log10(New cases per week),1.3010299956639813,75
7872,2020-04-06,Tasmania,Slope of power-law,-1.0181826383660881,75
7873,2020-04-06,Tasmania,Acceleration of power-law,23.595093923367784,75
7874,2020-04-06,Tasmania,Growth Rate,4.314720812182741,75
7875,2020-04-06,Tasmania,Days since first case,75.0,75
7876,2020-04-06,Tasmania,Average Growth Rate,0.2060627017894105,75
7877,2020-04-06,Tasmania,Doubling time,15.454702634205788,75
7878,2020-04-06,Victoria,Total cases,1158.0,75
7879,2020-04-06,Victoria,Total cases per million,182.1041044189338,75
7880,2020-04-06,Victoria,New cases,23.0,75
7881,2020-04-06,Victoria,css_per_prsn,3.616920899512502,75
7882,2020-04-06,Victoria,New cases per week,337.0,75
7883,2020-04-06,Victoria,log10(Total cases),3.0637085593914173,75
7884,2020-04-06,Victoria,log10(New cases per week),2.5276299008713385,75
7885,2020-04-06,Victoria,Slope of power-law,-0.42148853663237973,75
7886,2020-04-06,Victoria,Acceleration of power-law,-35.6824935209425,75
7887,2020-04-06,Victoria,Growth Rate,3.436426116838488,75
7888,2020-04-06,Victoria,Days since first case,75.0,75
7889,2020-04-06,Victoria,Average Growth Rate,0.12562410969777899,75
7890,2020-04-06,Victoria,Doubling time,9.421808227333424,75
7891,2020-04-06,Western Australia,Total cases,460.0,75
7892,2020-04-06,Western Australia,Total cases per million,177.67477790652762,75
7893,2020-04-06,Western Australia,New cases,7.0,75
7894,2020-04-06,Western Australia,css_per_prsn,2.703746620316725,75
7895,2020-04-06,Western Australia,New cases per week,105.0,75
7896,2020-04-06,Western Australia,log10(Total cases),2.662757831681574,75
7897,2020-04-06,Western Australia,log10(New cases per week),2.0211892990699383,75
7898,2020-04-06,Western Australia,Slope of power-law,-0.6736753021048115,75
7899,2020-04-06,Western Australia,Acceleration of power-law,-49.52951268768396,75
7900,2020-04-06,Western Australia,Growth Rate,3.1642624476500694,75
7901,2020-04-06,Western Australia,Days since first case,75.0,75
7902,2020-04-06,Western Australia,Average Growth Rate,0.15160365537370107,75
7903,2020-04-06,Western Australia,Doubling time,11.37027415302758,75
7904,2020-04-07,Australian Capital Territory,Total cases,96.0,76
7905,2020-04-07,Australian Capital Territory,Total cases per million,252.6315789473684,76
7906,2020-04-07,Australian Capital Territory,New cases,0.0,76
7907,2020-04-07,Australian Capital Territory,css_per_prsn,0.0,76
7908,2020-04-07,Australian Capital Territory,New cases per week,16.0,76
7909,2020-04-07,Australian Capital Territory,log10(Total cases),1.9822712330395684,76
7910,2020-04-07,Australian Capital Territory,log10(New cases per week),1.2041199826559248,76
7911,2020-04-07,Australian Capital Territory,Slope of power-law,-4.490182090818307,76
7912,2020-04-07,Australian Capital Territory,Acceleration of power-law,-inf,76
7913,2020-04-07,Australian Capital Territory,Growth Rate,1.906779661016949,76
7914,2020-04-07,Australian Capital Territory,Days since first case,76.0,76
7915,2020-04-07,Australian Capital Territory,Average Growth Rate,0.23373146605972114,76
7916,2020-04-07,Australian Capital Territory,Doubling time,17.763591420538805,76
7917,2020-04-07,New South Wales,Total cases,2686.0,76
7918,2020-04-07,New South Wales,Total cases per million,356.0445387062567,76
7919,2020-04-07,New South Wales,New cases,49.0,76
7920,2020-04-07,New South Wales,css_per_prsn,6.495227995758219,76
7921,2020-04-07,New South Wales,New cases per week,654.0,76
7922,2020-04-07,New South Wales,log10(Total cases),3.4291060083326967,76
7923,2020-04-07,New South Wales,log10(New cases per week),2.815577748324267,76
7924,2020-04-07,New South Wales,Slope of power-law,-1.1645953772660576,76
7925,2020-04-07,New South Wales,Acceleration of power-law,-35.7580503020787,76
7926,2020-04-07,New South Wales,Growth Rate,3.034806413766132,76
7927,2020-04-07,New South Wales,Days since first case,76.0,76
7928,2020-04-07,New South Wales,Average Growth Rate,0.16654534458099274,76
7929,2020-04-07,New South Wales,Doubling time,12.657446188155449,76
7930,2020-04-07,Northern Territory,Total cases,28.0,76
7931,2020-04-07,Northern Territory,Total cases per million,114.61318051575931,76
7932,2020-04-07,Northern Territory,New cases,0.0,76
7933,2020-04-07,Northern Territory,css_per_prsn,0.0,76
7934,2020-04-07,Northern Territory,New cases per week,11.0,76
7935,2020-04-07,Northern Territory,log10(Total cases),1.4471580313422192,76
7936,2020-04-07,Northern Territory,log10(New cases per week),1.0413926851582251,76
7937,2020-04-07,Northern Territory,Slope of power-law,-0.13940683533669856,76
7938,2020-04-07,Northern Territory,Acceleration of power-law,-inf,76
7939,2020-04-07,Northern Territory,Growth Rate,5.343511450381679,76
7940,2020-04-07,Northern Territory,Days since first case,76.0,76
7941,2020-04-07,Northern Territory,Average Growth Rate,0.08836603346418488,76
7942,2020-04-07,Northern Territory,Doubling time,6.715818543278051,76
7943,2020-04-07,Queensland,Total cases,934.0,76
7944,2020-04-07,Queensland,Total cases per million,184.18457897850524,76
7945,2020-04-07,Queensland,New cases,13.0,76
7946,2020-04-07,Queensland,css_per_prsn,2.5635969236836917,76
7947,2020-04-07,Queensland,New cases per week,191.0,76
7948,2020-04-07,Queensland,log10(Total cases),2.9703468762300935,76
7949,2020-04-07,Queensland,log10(New cases per week),2.2810333672477277,76
7950,2020-04-07,Queensland,Slope of power-law,-1.86481260647578,76
7951,2020-04-07,Queensland,Acceleration of power-law,-154.0791807857045,76
7952,2020-04-07,Queensland,Growth Rate,2.183020948180816,76
7953,2020-04-07,Queensland,Days since first case,76.0,76
7954,2020-04-07,Queensland,Average Growth Rate,0.17506094650444162,76
7955,2020-04-07,Queensland,Doubling time,13.304631934337563,76
7956,2020-04-07,South Australia,Total cases,411.0,76
7957,2020-04-07,South Australia,Total cases per million,245.0805008944544,76
7958,2020-04-07,South Australia,New cases,0.0,76
7959,2020-04-07,South Australia,css_per_prsn,0.0,76
7960,2020-04-07,South Australia,New cases per week,74.0,76
7961,2020-04-07,South Australia,log10(Total cases),2.6138418218760693,76
7962,2020-04-07,South Australia,log10(New cases per week),1.8692317197309762,76
7963,2020-04-07,South Australia,Slope of power-law,-3.0340548102992537,76
7964,2020-04-07,South Australia,Acceleration of power-law,-inf,76
7965,2020-04-07,South Australia,Growth Rate,2.1653543307086616,76
7966,2020-04-07,South Australia,Days since first case,76.0,76
7967,2020-04-07,South Australia,Average Growth Rate,0.18340719918562662,76
7968,2020-04-07,South Australia,Doubling time,13.938947138107624,76
7969,2020-04-07,Tasmania,Total cases,89.0,76
7970,2020-04-07,Tasmania,Total cases per million,172.81553398058253,76
7971,2020-04-07,Tasmania,New cases,3.0,76
7972,2020-04-07,Tasmania,css_per_prsn,5.825242718446602,76
7973,2020-04-07,Tasmania,New cases per week,20.0,76
7974,2020-04-07,Tasmania,log10(Total cases),1.9493900066449128,76
7975,2020-04-07,Tasmania,log10(New cases per week),1.3010299956639813,76
7976,2020-04-07,Tasmania,Slope of power-law,-2.3040236519203403,76
7977,2020-04-07,Tasmania,Acceleration of power-law,-86.34699189569578,76
7978,2020-04-07,Tasmania,Growth Rate,4.13625304136253,76
7979,2020-04-07,Tasmania,Days since first case,76.0,76
7980,2020-04-07,Tasmania,Average Growth Rate,0.19220859916256577,76
7981,2020-04-07,Tasmania,Doubling time,14.607853536354998,76
7982,2020-04-07,Victoria,Total cases,1191.0,76
7983,2020-04-07,Victoria,Total cases per million,187.29359962258218,76
7984,2020-04-07,Victoria,New cases,33.0,76
7985,2020-04-07,Victoria,css_per_prsn,5.189495203648373,76
7986,2020-04-07,Victoria,New cases per week,274.0,76
7987,2020-04-07,Victoria,log10(Total cases),3.0759117614827773,76
7988,2020-04-07,Victoria,log10(New cases per week),2.437750562820388,76
7989,2020-04-07,Victoria,Slope of power-law,-0.9208774623626315,76
7990,2020-04-07,Victoria,Acceleration of power-law,-40.92277764405969,76
7991,2020-04-07,Victoria,Growth Rate,2.7269528501055595,76
7992,2020-04-07,Victoria,Days since first case,76.0,76
7993,2020-04-07,Victoria,Average Growth Rate,0.15379950555873123,76
7994,2020-04-07,Victoria,Doubling time,11.688762422463574,76
7995,2020-04-07,Western Australia,Total cases,460.0,76
7996,2020-04-07,Western Australia,Total cases per million,177.67477790652762,76
7997,2020-04-07,Western Australia,New cases,0.0,76
7998,2020-04-07,Western Australia,css_per_prsn,0.0,76
7999,2020-04-07,Western Australia,New cases per week,96.0,76
8000,2020-04-07,Western Australia,log10(Total cases),2.662757831681574,76
8001,2020-04-07,Western Australia,log10(New cases per week),1.9822712330395684,76
8002,2020-04-07,Western Australia,Slope of power-law,-1.3345643308601833,76
8003,2020-04-07,Western Australia,Acceleration of power-law,-inf,76
8004,2020-04-07,Western Australia,Growth Rate,2.7161611588954275,76
8005,2020-04-07,Western Australia,Days since first case,76.0,76
8006,2020-04-07,Western Australia,Average Growth Rate,0.18355945998373865,76
8007,2020-04-07,Western Australia,Doubling time,13.950518958764137,76
8008,2020-04-08,Australian Capital Territory,Total cases,99.0,77
8009,2020-04-08,Australian Capital Territory,Total cases per million,260.5263157894737,77
8010,2020-04-08,Australian Capital Territory,New cases,3.0,77
8011,2020-04-08,Australian Capital Territory,css_per_prsn,7.894736842105263,77
8012,2020-04-08,Australian Capital Territory,New cases per week,15.0,77
8013,2020-04-08,Australian Capital Territory,log10(Total cases),1.99563519459755,77
8014,2020-04-08,Australian Capital Territory,log10(New cases per week),1.1760912590556813,77
8015,2020-04-08,Australian Capital Territory,Slope of power-law,-5.381278021700271,77
8016,2020-04-08,Australian Capital Territory,Acceleration of power-law,-66.67902530367326,77
8017,2020-04-08,Australian Capital Territory,Growth Rate,1.6666666666666667,77
8018,2020-04-08,Australian Capital Territory,Days since first case,77.0,77
8019,2020-04-08,Australian Capital Territory,Average Growth Rate,0.2633300465453763,77
8020,2020-04-08,Australian Capital Territory,Doubling time,20.276413583993975,77
8021,2020-04-08,New South Wales,Total cases,2734.0,77
8022,2020-04-08,New South Wales,Total cases per million,362.40721102863205,77
8023,2020-04-08,New South Wales,New cases,48.0,77
8024,2020-04-08,New South Wales,css_per_prsn,6.362672322375398,77
8025,2020-04-08,New South Wales,New cases per week,552.0,77
8026,2020-04-08,New South Wales,log10(Total cases),3.4367985102318035,77
8027,2020-04-08,New South Wales,log10(New cases per week),2.741939077729199,77
8028,2020-04-08,New South Wales,Slope of power-law,-1.6769127667726635,77
8029,2020-04-08,New South Wales,Acceleration of power-law,-66.59957920401631,77
8030,2020-04-08,New South Wales,Growth Rate,2.6275704493526275,77
8031,2020-04-08,New South Wales,Days since first case,77.0,77
8032,2020-04-08,New South Wales,Average Growth Rate,0.19288964006399434,77
8033,2020-04-08,New South Wales,Doubling time,14.852502284927564,77
8034,2020-04-08,Northern Territory,Total cases,28.0,77
8035,2020-04-08,Northern Territory,Total cases per million,114.61318051575931,77
8036,2020-04-08,Northern Territory,New cases,0.0,77
8037,2020-04-08,Northern Territory,css_per_prsn,0.0,77
8038,2020-04-08,Northern Territory,New cases per week,9.0,77
8039,2020-04-08,Northern Territory,log10(Total cases),1.4471580313422192,77
8040,2020-04-08,Northern Territory,log10(New cases per week),0.9542425094393249,77
8041,2020-04-08,Northern Territory,Slope of power-law,-0.16880523634341296,77
8042,2020-04-08,Northern Territory,Acceleration of power-law,-inf,77
8043,2020-04-08,Northern Territory,Growth Rate,4.37956204379562,77
8044,2020-04-08,Northern Territory,Days since first case,77.0,77
8045,2020-04-08,Northern Territory,Average Growth Rate,0.09586307517363186,77
8046,2020-04-08,Northern Territory,Doubling time,7.381456788369654,77
8047,2020-04-08,Queensland,Total cases,943.0,77
8048,2020-04-08,Queensland,Total cases per million,185.95937684874778,77
8049,2020-04-08,Queensland,New cases,9.0,77
8050,2020-04-08,Queensland,css_per_prsn,1.7747978702425558,77
8051,2020-04-08,Queensland,New cases per week,162.0,77
8052,2020-04-08,Queensland,log10(Total cases),2.9745116927373285,77
8053,2020-04-08,Queensland,log10(New cases per week),2.2095150145426308,77
8054,2020-04-08,Queensland,Slope of power-law,-2.469899081279921,77
8055,2020-04-08,Queensland,Acceleration of power-law,-145.28526617031102,77
8056,2020-04-08,Queensland,Growth Rate,1.520086862106406,77
8057,2020-04-08,Queensland,Days since first case,77.0,77
8058,2020-04-08,Queensland,Average Growth Rate,0.21958531845970752,77
8059,2020-04-08,Queensland,Doubling time,16.90806952139748,77
8060,2020-04-08,South Australia,Total cases,415.0,77
8061,2020-04-08,South Australia,Total cases per million,247.46571258199165,77
8062,2020-04-08,South Australia,New cases,4.0,77
8063,2020-04-08,South Australia,css_per_prsn,2.385211687537269,77
8064,2020-04-08,South Australia,New cases per week,48.0,77
8065,2020-04-08,South Australia,log10(Total cases),2.6180480967120925,77
8066,2020-04-08,South Australia,log10(New cases per week),1.6812412373755872,77
8067,2020-04-08,South Australia,Slope of power-law,-4.337865220057245,77
8068,2020-04-08,South Australia,Acceleration of power-law,-309.9679551587909,77
8069,2020-04-08,South Australia,Growth Rate,0.9263773768893223,77
8070,2020-04-08,South Australia,Days since first case,77.0,77
8071,2020-04-08,South Australia,Average Growth Rate,0.24153595032976163,77
8072,2020-04-08,South Australia,Doubling time,18.598268175391645,77
8073,2020-04-08,Tasmania,Total cases,98.0,77
8074,2020-04-08,Tasmania,Total cases per million,190.29126213592232,77
8075,2020-04-08,Tasmania,New cases,9.0,77
8076,2020-04-08,Tasmania,css_per_prsn,17.475728155339805,77
8077,2020-04-08,Tasmania,New cases per week,29.0,77
8078,2020-04-08,Tasmania,log10(Total cases),1.9912260756924949,77
8079,2020-04-08,Tasmania,log10(New cases per week),1.462397997898956,77
8080,2020-04-08,Tasmania,Slope of power-law,-1.0545923904978247,77
8081,2020-04-08,Tasmania,Acceleration of power-law,29.864929709373033,77
8082,2020-04-08,Tasmania,Growth Rate,5.517241379310345,77
8083,2020-04-08,Tasmania,Days since first case,77.0,77
8084,2020-04-08,Tasmania,Average Growth Rate,0.16299646221830502,77
8085,2020-04-08,Tasmania,Doubling time,12.550727590809487,77
8086,2020-04-08,Victoria,Total cases,1212.0,77
8087,2020-04-08,Victoria,Total cases per million,190.5960056612675,77
8088,2020-04-08,Victoria,New cases,21.0,77
8089,2020-04-08,Victoria,css_per_prsn,3.302406038685328,77
8090,2020-04-08,Victoria,New cases per week,244.0,77
8091,2020-04-08,Victoria,log10(Total cases),3.0835026198302673,77
8092,2020-04-08,Victoria,log10(New cases per week),2.387389826338729,77
8093,2020-04-08,Victoria,Slope of power-law,-1.1621360355031392,77
8094,2020-04-08,Victoria,Acceleration of power-law,-31.7827789818109,77
8095,2020-04-08,Victoria,Growth Rate,2.185510239201514,77
8096,2020-04-08,Victoria,Days since first case,77.0,77
8097,2020-04-08,Victoria,Average Growth Rate,0.19070673975383462,77
8098,2020-04-08,Victoria,Doubling time,14.684418961045266,77
8099,2020-04-08,Western Australia,Total cases,481.0,77
8100,2020-04-08,Western Australia,Total cases per million,185.7860177674778,77
8101,2020-04-08,Western Australia,New cases,21.0,77
8102,2020-04-08,Western Australia,css_per_prsn,8.111239860950175,77
8103,2020-04-08,Western Australia,New cases per week,89.0,77
8104,2020-04-08,Western Australia,log10(Total cases),2.682145076373832,77
8105,2020-04-08,Western Australia,log10(New cases per week),1.9493900066449128,77
8106,2020-04-08,Western Australia,Slope of power-law,-1.751162489685194,77
8107,2020-04-08,Western Australia,Acceleration of power-law,-21.48826021633552,77
8108,2020-04-08,Western Australia,Growth Rate,3.5371179039301306,77
8109,2020-04-08,Western Australia,Days since first case,77.0,77
8110,2020-04-08,Western Australia,Average Growth Rate,0.19513623250562873,77
8111,2020-04-08,Western Australia,Doubling time,15.025489902933412,77
8112,2020-04-09,Australian Capital Territory,Total cases,100.0,78
8113,2020-04-09,Australian Capital Territory,Total cases per million,263.1578947368421,78
8114,2020-04-09,Australian Capital Territory,New cases,1.0,78
8115,2020-04-09,Australian Capital Territory,css_per_prsn,2.6315789473684212,78
8116,2020-04-09,Australian Capital Territory,New cases per week,13.0,78
8117,2020-04-09,Australian Capital Territory,log10(Total cases),2.0,78
8118,2020-04-09,Australian Capital Territory,log10(New cases per week),1.1139433523068367,78
8119,2020-04-09,Australian Capital Territory,Slope of power-law,-5.086070697654711,78
8120,2020-04-09,Australian Capital Territory,Acceleration of power-law,67.63355907684927,78
8121,2020-04-09,Australian Capital Territory,Growth Rate,1.437371663244353,78
8122,2020-04-09,Australian Capital Territory,Days since first case,78.0,78
8123,2020-04-09,Australian Capital Territory,Average Growth Rate,0.31082045738033304,78
8124,2020-04-09,Australian Capital Territory,Doubling time,24.24399567566598,78
8125,2020-04-09,New South Wales,Total cases,2773.0,78
8126,2020-04-09,New South Wales,Total cases per million,367.5768822905621,78
8127,2020-04-09,New South Wales,New cases,39.0,78
8128,2020-04-09,New South Wales,css_per_prsn,5.169671261930011,78
8129,2020-04-09,New South Wales,New cases per week,475.0,78
8130,2020-04-09,New South Wales,log10(Total cases),3.4429498695778618,78
8131,2020-04-09,New South Wales,log10(New cases per week),2.6766936096248664,78
8132,2020-04-09,New South Wales,Slope of power-law,-3.3904706020102156,78
8133,2020-04-09,New South Wales,Acceleration of power-law,-278.56571837826147,78
8134,2020-04-09,New South Wales,Growth Rate,2.087994034302759,78
8135,2020-04-09,New South Wales,Days since first case,78.0,78
8136,2020-04-09,New South Wales,Average Growth Rate,0.21648050270246752,78
8137,2020-04-09,New South Wales,Doubling time,16.885479210792468,78
8138,2020-04-09,Northern Territory,Total cases,28.0,78
8139,2020-04-09,Northern Territory,Total cases per million,114.61318051575931,78
8140,2020-04-09,Northern Territory,New cases,0.0,78
8141,2020-04-09,Northern Territory,css_per_prsn,0.0,78
8142,2020-04-09,Northern Territory,New cases per week,7.0,78
8143,2020-04-09,Northern Territory,log10(Total cases),1.4471580313422192,78
8144,2020-04-09,Northern Territory,log10(New cases per week),0.8450980400142568,78
8145,2020-04-09,Northern Territory,Slope of power-law,-0.5714531466881534,78
8146,2020-04-09,Northern Territory,Acceleration of power-law,-inf,78
8147,2020-04-09,Northern Territory,Growth Rate,1.4388489208633095,78
8148,2020-04-09,Northern Territory,Days since first case,78.0,78
8149,2020-04-09,Northern Territory,Average Growth Rate,0.1278131741379496,78
8150,2020-04-09,Northern Territory,Doubling time,9.96942758276007,78
8151,2020-04-09,Queensland,Total cases,953.0,78
8152,2020-04-09,Queensland,Total cases per million,187.93137448235063,78
8153,2020-04-09,Queensland,New cases,10.0,78
8154,2020-04-09,Queensland,css_per_prsn,1.9719976336028398,78
8155,2020-04-09,Queensland,New cases per week,118.0,78
8156,2020-04-09,Queensland,log10(Total cases),2.979092900638326,78
8157,2020-04-09,Queensland,log10(New cases per week),2.0718820073061255,78
8158,2020-04-09,Queensland,Slope of power-law,-3.523154369452174,78
8159,2020-04-09,Queensland,Acceleration of power-law,-229.9077690717496,78
8160,2020-04-09,Queensland,Growth Rate,1.137827393731215,78
8161,2020-04-09,Queensland,Days since first case,78.0,78
8162,2020-04-09,Queensland,Average Growth Rate,0.2933475477528392,78
8163,2020-04-09,Queensland,Doubling time,22.88110872472146,78
8164,2020-04-09,South Australia,Total cases,420.0,78
8165,2020-04-09,South Australia,Total cases per million,250.44722719141322,78
8166,2020-04-09,South Australia,New cases,5.0,78
8167,2020-04-09,South Australia,css_per_prsn,2.9815146094215863,78
8168,2020-04-09,South Australia,New cases per week,53.0,78
8169,2020-04-09,South Australia,log10(Total cases),2.6232492903979003,78
8170,2020-04-09,South Australia,log10(New cases per week),1.724275869600789,78
8171,2020-04-09,South Australia,Slope of power-law,-3.6611892810157634,78
8172,2020-04-09,South Australia,Acceleration of power-law,130.10012314824624,78
8173,2020-04-09,South Australia,Growth Rate,0.6298449612403101,78
8174,2020-04-09,South Australia,Days since first case,78.0,78
8175,2020-04-09,South Australia,Average Growth Rate,0.3634492897951248,78
8176,2020-04-09,South Australia,Doubling time,28.349044604019735,78
8177,2020-04-09,Tasmania,Total cases,111.0,78
8178,2020-04-09,Tasmania,Total cases per million,215.53398058252426,78
8179,2020-04-09,Tasmania,New cases,13.0,78
8180,2020-04-09,Tasmania,css_per_prsn,25.24271844660194,78
8181,2020-04-09,Tasmania,New cases per week,39.0,78
8182,2020-04-09,Tasmania,log10(Total cases),2.0453229787866576,78
8183,2020-04-09,Tasmania,log10(New cases per week),1.591064607026499,78
8184,2020-04-09,Tasmania,Slope of power-law,0.04996482511203732,78
8185,2020-04-09,Tasmania,Acceleration of power-law,20.41812289489541,78
8186,2020-04-09,Tasmania,Growth Rate,6.652360515021459,78
8187,2020-04-09,Tasmania,Days since first case,78.0,78
8188,2020-04-09,Tasmania,Average Growth Rate,0.1439925742600685,78
8189,2020-04-09,Tasmania,Doubling time,11.231420792285343,78
8190,2020-04-09,Victoria,Total cases,1228.0,78
8191,2020-04-09,Victoria,Total cases per million,193.1121245478849,78
8192,2020-04-09,Victoria,New cases,16.0,78
8193,2020-04-09,Victoria,css_per_prsn,2.5161188866173925,78
8194,2020-04-09,Victoria,New cases per week,192.0,78
8195,2020-04-09,Victoria,log10(Total cases),3.089198366805149,78
8196,2020-04-09,Victoria,log10(New cases per week),2.2833012287035497,78
8197,2020-04-09,Victoria,Slope of power-law,-2.2023060604177416,78
8198,2020-04-09,Victoria,Acceleration of power-law,-182.62223190421844,78
8199,2020-04-09,Victoria,Growth Rate,1.9074949358541526,78
8200,2020-04-09,Victoria,Days since first case,78.0,78
8201,2020-04-09,Victoria,Average Growth Rate,0.24169077286724996,78
8202,2020-04-09,Victoria,Doubling time,18.851880283645496,78
8203,2020-04-09,Western Australia,Total cases,495.0,78
8204,2020-04-09,Western Australia,Total cases per million,191.19351100811124,78
8205,2020-04-09,Western Australia,New cases,14.0,78
8206,2020-04-09,Western Australia,css_per_prsn,5.40749324063345,78
8207,2020-04-09,Western Australia,New cases per week,95.0,78
8208,2020-04-09,Western Australia,log10(Total cases),2.694605198933569,78
8209,2020-04-09,Western Australia,log10(New cases per week),1.9777236052888478,78
8210,2020-04-09,Western Australia,Slope of power-law,-2.4568680141781827,78
8211,2020-04-09,Western Australia,Acceleration of power-law,-56.63712544637181,78
8212,2020-04-09,Western Australia,Growth Rate,2.511707109408259,78
8213,2020-04-09,Western Australia,Days since first case,78.0,78
8214,2020-04-09,Western Australia,Average Growth Rate,0.2138545996996339,78
8215,2020-04-09,Western Australia,Doubling time,16.680658776571445,78
8216,2020-04-10,Australian Capital Territory,Total cases,103.0,79
8217,2020-04-10,Australian Capital Territory,Total cases per million,271.05263157894734,79
8218,2020-04-10,Australian Capital Territory,New cases,3.0,79
8219,2020-04-10,Australian Capital Territory,css_per_prsn,7.894736842105263,79
8220,2020-04-10,Australian Capital Territory,New cases per week,12.0,79
8221,2020-04-10,Australian Capital Territory,log10(Total cases),2.012837224705172,79
8222,2020-04-10,Australian Capital Territory,log10(New cases per week),1.0791812460476249,79
8223,2020-04-10,Australian Capital Territory,Slope of power-law,-4.862105159005677,79
8224,2020-04-10,Australian Capital Territory,Acceleration of power-law,17.446569939591427,79
8225,2020-04-10,Australian Capital Territory,Growth Rate,1.417004048582996,79
8226,2020-04-10,Australian Capital Territory,Days since first case,79.0,79
8227,2020-04-10,Australian Capital Territory,Average Growth Rate,0.3842443407586902,79
8228,2020-04-10,Australian Capital Territory,Doubling time,30.355302919936523,79
8229,2020-04-10,New South Wales,Total cases,2822.0,79
8230,2020-04-10,New South Wales,Total cases per million,374.07211028632025,79
8231,2020-04-10,New South Wales,New cases,49.0,79
8232,2020-04-10,New South Wales,css_per_prsn,6.495227995758219,79
8233,2020-04-10,New South Wales,New cases per week,433.0,79
8234,2020-04-10,New South Wales,log10(Total cases),3.450557009418329,79
8235,2020-04-10,New South Wales,log10(New cases per week),2.6364878963533656,79
8236,2020-04-10,New South Wales,Slope of power-law,-3.139033957422551,79
8237,2020-04-10,New South Wales,Acceleration of power-law,33.05271756016746,79
8238,2020-04-10,New South Wales,Growth Rate,1.7726340462935832,79
8239,2020-04-10,New South Wales,Days since first case,79.0,79
8240,2020-04-10,New South Wales,Average Growth Rate,0.26269012527811536,79
8241,2020-04-10,New South Wales,Doubling time,20.752519896971112,79
8242,2020-04-10,Northern Territory,Total cases,28.0,79
8243,2020-04-10,Northern Territory,Total cases per million,114.61318051575931,79
8244,2020-04-10,Northern Territory,New cases,0.0,79
8245,2020-04-10,Northern Territory,css_per_prsn,0.0,79
8246,2020-04-10,Northern Territory,New cases per week,6.0,79
8247,2020-04-10,Northern Territory,log10(Total cases),1.4471580313422192,79
8248,2020-04-10,Northern Territory,log10(New cases per week),0.7781512503836436,79
8249,2020-04-10,Northern Territory,Slope of power-law,-1.2147225135961195,79
8250,2020-04-10,Northern Territory,Acceleration of power-law,-inf,79
8251,2020-04-10,Northern Territory,Growth Rate,0.7142857142857143,79
8252,2020-04-10,Northern Territory,Days since first case,79.0,79
8253,2020-04-10,Northern Territory,Average Growth Rate,0.18112713072596925,79
8254,2020-04-10,Northern Territory,Doubling time,14.30904332735157,79
8255,2020-04-10,Queensland,Total cases,965.0,79
8256,2020-04-10,Queensland,Total cases per million,190.29777164267404,79
8257,2020-04-10,Queensland,New cases,12.0,79
8258,2020-04-10,Queensland,css_per_prsn,2.3663971603234075,79
8259,2020-04-10,Queensland,New cases per week,92.0,79
8260,2020-04-10,Queensland,log10(Total cases),2.9845273133437926,79
8261,2020-04-10,Queensland,log10(New cases per week),1.9637878273455553,79
8262,2020-04-10,Queensland,Slope of power-law,-5.066900421962758,79
8263,2020-04-10,Queensland,Acceleration of power-law,-284.0686079947055,79
8264,2020-04-10,Queensland,Growth Rate,1.2298558100084818,79
8265,2020-04-10,Queensland,Days since first case,79.0,79
8266,2020-04-10,Queensland,Average Growth Rate,0.37561675043093495,79
8267,2020-04-10,Queensland,Doubling time,29.673723284043863,79
8268,2020-04-10,South Australia,Total cases,428.0,79
8269,2020-04-10,South Australia,Total cases per million,255.21765056648778,79
8270,2020-04-10,South Australia,New cases,8.0,79
8271,2020-04-10,South Australia,css_per_prsn,4.770423375074538,79
8272,2020-04-10,South Australia,New cases per week,32.0,79
8273,2020-04-10,South Australia,log10(Total cases),2.6314437690131722,79
8274,2020-04-10,South Australia,log10(New cases per week),1.505149978319906,79
8275,2020-04-10,South Australia,Slope of power-law,-6.912048512124757,79
8276,2020-04-10,South Australia,Acceleration of power-law,-396.71337051883074,79
8277,2020-04-10,South Australia,Growth Rate,1.0071942446043167,79
8278,2020-04-10,South Australia,Days since first case,79.0,79
8279,2020-04-10,South Australia,Average Growth Rate,0.49923806476399585,79
8280,2020-04-10,South Australia,Doubling time,39.439807116355674,79
8281,2020-04-10,Tasmania,Total cases,122.0,79
8282,2020-04-10,Tasmania,Total cases per million,236.89320388349515,79
8283,2020-04-10,Tasmania,New cases,11.0,79
8284,2020-04-10,Tasmania,css_per_prsn,21.359223300970875,79
8285,2020-04-10,Tasmania,New cases per week,48.0,79
8286,2020-04-10,Tasmania,log10(Total cases),2.0863598306747484,79
8287,2020-04-10,Tasmania,log10(New cases per week),1.6812412373755872,79
8288,2020-04-10,Tasmania,Slope of power-law,0.27658347542066286,79
8289,2020-04-10,Tasmania,Acceleration of power-law,5.522320545606763,79
8290,2020-04-10,Tasmania,Growth Rate,7.905138339920949,79
8291,2020-04-10,Tasmania,Days since first case,79.0,79
8292,2020-04-10,Tasmania,Average Growth Rate,0.12149514967908222,79
8293,2020-04-10,Tasmania,Doubling time,9.598116824647494,79
8294,2020-04-10,Victoria,Total cases,1241.0,79
8295,2020-04-10,Victoria,Total cases per million,195.1564711432615,79
8296,2020-04-10,Victoria,New cases,13.0,79
8297,2020-04-10,Victoria,css_per_prsn,2.0443465953766315,79
8298,2020-04-10,Victoria,New cases per week,156.0,79
8299,2020-04-10,Victoria,log10(Total cases),3.09377178149873,79
8300,2020-04-10,Victoria,log10(New cases per week),2.1931245983544616,79
8301,2020-04-10,Victoria,Slope of power-law,-3.889013749040032,79
8302,2020-04-10,Victoria,Acceleration of power-law,-368.80707340833857,79
8303,2020-04-10,Victoria,Growth Rate,1.7578772802653397,79
8304,2020-04-10,Victoria,Days since first case,79.0,79
8305,2020-04-10,Victoria,Average Growth Rate,0.28846849431600863,79
8306,2020-04-10,Victoria,Doubling time,22.78901105096468,79
8307,2020-04-10,Western Australia,Total cases,506.0,79
8308,2020-04-10,Western Australia,Total cases per million,195.44225569718037,79
8309,2020-04-10,Western Australia,New cases,11.0,79
8310,2020-04-10,Western Australia,css_per_prsn,4.248744689069139,79
8311,2020-04-10,Western Australia,New cases per week,106.0,79
8312,2020-04-10,Western Australia,log10(Total cases),2.7041505168397992,79
8313,2020-04-10,Western Australia,log10(New cases per week),2.0253058652647704,79
8314,2020-04-10,Western Australia,Slope of power-law,-1.7557319873695407,79
8315,2020-04-10,Western Australia,Acceleration of power-law,73.45339712059254,79
8316,2020-04-10,Western Australia,Growth Rate,2.206494587843464,79
8317,2020-04-10,Western Australia,Days since first case,79.0,79
8318,2020-04-10,Western Australia,Average Growth Rate,0.2451753580883652,79
8319,2020-04-10,Western Australia,Doubling time,19.36885328898085,79
8320,2020-04-11,Australian Capital Territory,Total cases,103.0,80
8321,2020-04-11,Australian Capital Territory,Total cases per million,271.05263157894734,80
8322,2020-04-11,Australian Capital Territory,New cases,0.0,80
8323,2020-04-11,Australian Capital Territory,css_per_prsn,0.0,80
8324,2020-04-11,Australian Capital Territory,New cases per week,10.0,80
8325,2020-04-11,Australian Capital Territory,log10(Total cases),2.012837224705172,80
8326,2020-04-11,Australian Capital Territory,log10(New cases per week),1.0,80
8327,2020-04-11,Australian Capital Territory,Slope of power-law,-7.376103416391278,80
8328,2020-04-11,Australian Capital Territory,Acceleration of power-law,-inf,80
8329,2020-04-11,Australian Capital Territory,Growth Rate,1.3972055888223551,80
8330,2020-04-11,Australian Capital Territory,Days since first case,80.0,80
8331,2020-04-11,Australian Capital Territory,Average Growth Rate,0.44290398288829025,80
8332,2020-04-11,Australian Capital Territory,Doubling time,35.43231863106322,80
8333,2020-04-11,New South Wales,Total cases,2857.0,80
8334,2020-04-11,New South Wales,Total cases per million,378.711558854719,80
8335,2020-04-11,New South Wales,New cases,35.0,80
8336,2020-04-11,New South Wales,css_per_prsn,4.639448568398728,80
8337,2020-04-11,New South Wales,New cases per week,364.0,80
8338,2020-04-11,New South Wales,log10(Total cases),3.455910240382743,80
8339,2020-04-11,New South Wales,log10(New cases per week),2.561101383649056,80
8340,2020-04-11,New South Wales,Slope of power-law,-4.277696893814711,80
8341,2020-04-11,New South Wales,Acceleration of power-law,-212.70573677122428,80
8342,2020-04-11,New South Wales,Growth Rate,1.5859284890426757,80
8343,2020-04-11,New South Wales,Days since first case,80.0,80
8344,2020-04-11,New South Wales,Average Growth Rate,0.3119773760260406,80
8345,2020-04-11,New South Wales,Doubling time,24.95819008208325,80
8346,2020-04-11,Northern Territory,Total cases,28.0,80
8347,2020-04-11,Northern Territory,Total cases per million,114.61318051575931,80
8348,2020-04-11,Northern Territory,New cases,0.0,80
8349,2020-04-11,Northern Territory,css_per_prsn,0.0,80
8350,2020-04-11,Northern Territory,New cases per week,2.0,80
8351,2020-04-11,Northern Territory,log10(Total cases),1.4471580313422192,80
8352,2020-04-11,Northern Territory,log10(New cases per week),0.3010299956639812,80
8353,2020-04-11,Northern Territory,Slope of power-law,-4.827149468474256,80
8354,2020-04-11,Northern Territory,Acceleration of power-law,-inf,80
8355,2020-04-11,Northern Territory,Growth Rate,0.0,80
8356,2020-04-11,Northern Territory,Days since first case,80.0,80
8357,2020-04-11,Northern Territory,Average Growth Rate,0.29182175531613264,80
8358,2020-04-11,Northern Territory,Doubling time,23.34574042529061,80
8359,2020-04-11,Queensland,Total cases,974.0,80
8360,2020-04-11,Queensland,Total cases per million,192.0725695129166,80
8361,2020-04-11,Queensland,New cases,9.0,80
8362,2020-04-11,Queensland,css_per_prsn,1.7747978702425558,80
8363,2020-04-11,Queensland,New cases per week,74.0,80
8364,2020-04-11,Queensland,log10(Total cases),2.9885589568786157,80
8365,2020-04-11,Queensland,log10(New cases per week),1.8692317197309762,80
8366,2020-04-11,Queensland,Slope of power-law,-6.8783157835420035,80
8367,2020-04-11,Queensland,Acceleration of power-law,-449.2994844244644,80
8368,2020-04-11,Queensland,Growth Rate,1.1113440972950304,80
8369,2020-04-11,Queensland,Days since first case,80.0,80
8370,2020-04-11,Queensland,Average Growth Rate,0.482549527275856,80
8371,2020-04-11,Queensland,Doubling time,38.60396218206848,80
8372,2020-04-11,South Australia,Total cases,429.0,80
8373,2020-04-11,South Australia,Total cases per million,255.81395348837208,80
8374,2020-04-11,South Australia,New cases,1.0,80
8375,2020-04-11,South Australia,css_per_prsn,0.5963029218843172,80
8376,2020-04-11,South Australia,New cases per week,22.0,80
8377,2020-04-11,South Australia,log10(Total cases),2.6324572921847245,80
8378,2020-04-11,South Australia,log10(New cases per week),1.3424226808222062,80
8379,2020-04-11,South Australia,Slope of power-law,-14.04375719946307,80
8380,2020-04-11,South Australia,Acceleration of power-law,-7036.55218500426,80
8381,2020-04-11,South Australia,Growth Rate,0.8559201141226819,80
8382,2020-04-11,South Australia,Days since first case,80.0,80
8383,2020-04-11,South Australia,Average Growth Rate,0.6205779130292616,80
8384,2020-04-11,South Australia,Doubling time,49.646233042340924,80
8385,2020-04-11,Tasmania,Total cases,133.0,80
8386,2020-04-11,Tasmania,Total cases per million,258.252427184466,80
8387,2020-04-11,Tasmania,New cases,11.0,80
8388,2020-04-11,Tasmania,css_per_prsn,21.359223300970875,80
8389,2020-04-11,Tasmania,New cases per week,53.0,80
8390,2020-04-11,Tasmania,log10(Total cases),2.123851640967086,80
8391,2020-04-11,Tasmania,log10(New cases per week),1.724275869600789,80
8392,2020-04-11,Tasmania,Slope of power-law,0.7219652229672041,80
8393,2020-04-11,Tasmania,Acceleration of power-law,11.879440978542686,80
8394,2020-04-11,Tasmania,Growth Rate,8.499095840867993,80
8395,2020-04-11,Tasmania,Days since first case,80.0,80
8396,2020-04-11,Tasmania,Average Growth Rate,0.10595311710885161,80
8397,2020-04-11,Tasmania,Doubling time,8.476249368708128,80
8398,2020-04-11,Victoria,Total cases,1265.0,80
8399,2020-04-11,Victoria,Total cases per million,198.9306494731876,80
8400,2020-04-11,Victoria,New cases,24.0,80
8401,2020-04-11,Victoria,css_per_prsn,3.774178329926089,80
8402,2020-04-11,Victoria,New cases per week,150.0,80
8403,2020-04-11,Victoria,log10(Total cases),3.1020905255118367,80
8404,2020-04-11,Victoria,log10(New cases per week),2.1760912590556813,80
8405,2020-04-11,Victoria,Slope of power-law,-4.514147905125133,80
8406,2020-04-11,Victoria,Acceleration of power-law,-75.14766112530467,80
8407,2020-04-11,Victoria,Growth Rate,1.7435228939221115,80
8408,2020-04-11,Victoria,Days since first case,80.0,80
8409,2020-04-11,Victoria,Average Growth Rate,0.33578293048858715,80
8410,2020-04-11,Victoria,Doubling time,26.86263443908697,80
8411,2020-04-11,Western Australia,Total cases,514.0,80
8412,2020-04-11,Western Australia,Total cases per million,198.5322518346852,80
8413,2020-04-11,Western Australia,New cases,8.0,80
8414,2020-04-11,Western Australia,css_per_prsn,3.089996137504828,80
8415,2020-04-11,Western Australia,New cases per week,78.0,80
8416,2020-04-11,Western Australia,log10(Total cases),2.710963118995276,80
8417,2020-04-11,Western Australia,log10(New cases per week),1.8920946026904804,80
8418,2020-04-11,Western Australia,Slope of power-law,-3.7761409187335637,80
8419,2020-04-11,Western Australia,Acceleration of power-law,-296.56934094409456,80
8420,2020-04-11,Western Australia,Growth Rate,2.198697068403909,80
8421,2020-04-11,Western Australia,Days since first case,80.0,80
8422,2020-04-11,Western Australia,Average Growth Rate,0.26315027389416834,80
8423,2020-04-11,Western Australia,Doubling time,21.052021911533465,80
8424,2020-04-12,Australian Capital Territory,Total cases,103.0,81
8425,2020-04-12,Australian Capital Territory,Total cases per million,271.05263157894734,81
8426,2020-04-12,Australian Capital Territory,New cases,0.0,81
8427,2020-04-12,Australian Capital Territory,css_per_prsn,0.0,81
8428,2020-04-12,Australian Capital Territory,New cases per week,7.0,81
8429,2020-04-12,Australian Capital Territory,log10(Total cases),2.012837224705172,81
8430,2020-04-12,Australian Capital Territory,log10(New cases per week),0.8450980400142568,81
8431,2020-04-12,Australian Capital Territory,Slope of power-law,-9.361700242032198,81
8432,2020-04-12,Australian Capital Territory,Acceleration of power-law,-inf,81
8433,2020-04-12,Australian Capital Territory,Growth Rate,1.3779527559055118,81
8434,2020-04-12,Australian Capital Territory,Days since first case,81.0,81
8435,2020-04-12,Australian Capital Territory,Average Growth Rate,0.47500555895744706,81
8436,2020-04-12,Australian Capital Territory,Doubling time,38.475450275553214,81
8437,2020-04-12,New South Wales,Total cases,2857.0,81
8438,2020-04-12,New South Wales,Total cases per million,378.711558854719,81
8439,2020-04-12,New South Wales,New cases,0.0,81
8440,2020-04-12,New South Wales,css_per_prsn,0.0,81
8441,2020-04-12,New South Wales,New cases per week,277.0,81
8442,2020-04-12,New South Wales,log10(Total cases),3.455910240382743,81
8443,2020-04-12,New South Wales,log10(New cases per week),2.4424797690644486,81
8444,2020-04-12,New South Wales,Slope of power-law,-6.245138816393265,81
8445,2020-04-12,New South Wales,Acceleration of power-law,-inf,81
8446,2020-04-12,New South Wales,Growth Rate,1.217688528092288,81
8447,2020-04-12,New South Wales,Days since first case,81.0,81
8448,2020-04-12,New South Wales,Average Growth Rate,0.37298802211881893,81
8449,2020-04-12,New South Wales,Doubling time,30.21202979162433,81
8450,2020-04-12,Northern Territory,Total cases,28.0,81
8451,2020-04-12,Northern Territory,Total cases per million,114.61318051575931,81
8452,2020-04-12,Northern Territory,New cases,0.0,81
8453,2020-04-12,Northern Territory,css_per_prsn,0.0,81
8454,2020-04-12,Northern Territory,New cases per week,1.0,81
8455,2020-04-12,Northern Territory,log10(Total cases),1.4471580313422192,81
8456,2020-04-12,Northern Territory,log10(New cases per week),0.0,81
8457,2020-04-12,Northern Territory,Slope of power-law,-7.637683358612839,81
8458,2020-04-12,Northern Territory,Acceleration of power-law,-inf,81
8459,2020-04-12,Northern Territory,Growth Rate,0.0,81
8460,2020-04-12,Northern Territory,Days since first case,81.0,81
8461,2020-04-12,Northern Territory,Average Growth Rate,0.530521478820539,81
8462,2020-04-12,Northern Territory,Doubling time,42.97223978446366,81
8463,2020-04-12,Queensland,Total cases,983.0,81
8464,2020-04-12,Queensland,Total cases per million,193.84736738315914,81
8465,2020-04-12,Queensland,New cases,9.0,81
8466,2020-04-12,Queensland,css_per_prsn,1.7747978702425558,81
8467,2020-04-12,Queensland,New cases per week,76.0,81
8468,2020-04-12,Queensland,log10(Total cases),2.9925535178321354,81
8469,2020-04-12,Queensland,log10(New cases per week),1.8808135922807914,81
8470,2020-04-12,Queensland,Slope of power-law,-9.217437219444818,81
8471,2020-04-12,Queensland,Acceleration of power-law,-585.5766035668495,81
8472,2020-04-12,Queensland,Growth Rate,1.0170195101701953,81
8473,2020-04-12,Queensland,Days since first case,81.0,81
8474,2020-04-12,Queensland,Average Growth Rate,0.576073619868916,81
8475,2020-04-12,Queensland,Doubling time,46.6619632093822,81
8476,2020-04-12,South Australia,Total cases,429.0,81
8477,2020-04-12,South Australia,Total cases per million,255.81395348837208,81
8478,2020-04-12,South Australia,New cases,0.0,81
8479,2020-04-12,South Australia,css_per_prsn,0.0,81
8480,2020-04-12,South Australia,New cases per week,22.0,81
8481,2020-04-12,South Australia,log10(Total cases),2.6324572921847245,81
8482,2020-04-12,South Australia,log10(New cases per week),1.3424226808222062,81
8483,2020-04-12,South Australia,Slope of power-law,-11.478642209533376,81
8484,2020-04-12,South Australia,Acceleration of power-law,inf,81
8485,2020-04-12,South Australia,Growth Rate,0.8486562942008486,81
8486,2020-04-12,South Australia,Days since first case,81.0,81
8487,2020-04-12,South Australia,Average Growth Rate,0.8120294269604698,81
8488,2020-04-12,South Australia,Doubling time,65.77438358379806,81
8489,2020-04-12,Tasmania,Total cases,133.0,81
8490,2020-04-12,Tasmania,Total cases per million,258.252427184466,81
8491,2020-04-12,Tasmania,New cases,0.0,81
8492,2020-04-12,Tasmania,css_per_prsn,0.0,81
8493,2020-04-12,Tasmania,New cases per week,51.0,81
8494,2020-04-12,Tasmania,log10(Total cases),2.123851640967086,81
8495,2020-04-12,Tasmania,log10(New cases per week),1.7075701760979363,81
8496,2020-04-12,Tasmania,Slope of power-law,1.1617558204502176,81
8497,2020-04-12,Tasmania,Acceleration of power-law,inf,81
8498,2020-04-12,Tasmania,Growth Rate,7.370184254606365,81
8499,2020-04-12,Tasmania,Days since first case,81.0,81
8500,2020-04-12,Tasmania,Average Growth Rate,0.09642037454372977,81
8501,2020-04-12,Tasmania,Doubling time,7.810050338042112,81
8502,2020-04-12,Victoria,Total cases,1268.0,81
8503,2020-04-12,Victoria,Total cases per million,199.40242176442837,81
8504,2020-04-12,Victoria,New cases,3.0,81
8505,2020-04-12,Victoria,css_per_prsn,0.47177229124076114,81
8506,2020-04-12,Victoria,New cases per week,133.0,81
8507,2020-04-12,Victoria,log10(Total cases),3.1031192535457137,81
8508,2020-04-12,Victoria,log10(New cases per week),2.123851640967086,81
8509,2020-04-12,Victoria,Slope of power-law,-6.709223197064336,81
8510,2020-04-12,Victoria,Acceleration of power-law,-2133.776099856608,81
8511,2020-04-12,Victoria,Growth Rate,1.239137431606051,81
8512,2020-04-12,Victoria,Days since first case,81.0,81
8513,2020-04-12,Victoria,Average Growth Rate,0.3923381579487342,81
8514,2020-04-12,Victoria,Doubling time,31.779390793847472,81
8515,2020-04-12,Western Australia,Total cases,514.0,81
8516,2020-04-12,Western Australia,Total cases per million,198.5322518346852,81
8517,2020-04-12,Western Australia,New cases,0.0,81
8518,2020-04-12,Western Australia,css_per_prsn,0.0,81
8519,2020-04-12,Western Australia,New cases per week,61.0,81
8520,2020-04-12,Western Australia,log10(Total cases),2.710963118995276,81
8521,2020-04-12,Western Australia,log10(New cases per week),1.7853298350107671,81
8522,2020-04-12,Western Australia,Slope of power-law,-4.063766386534527,81
8523,2020-04-12,Western Australia,Acceleration of power-law,-inf,81
8524,2020-04-12,Western Australia,Growth Rate,2.1513944223107573,81
8525,2020-04-12,Western Australia,Days since first case,81.0,81
8526,2020-04-12,Western Australia,Average Growth Rate,0.2749403313809974,81
8527,2020-04-12,Western Australia,Doubling time,22.27016684186079,81
8528,2020-04-13,Australian Capital Territory,Total cases,102.0,82
8529,2020-04-13,Australian Capital Territory,Total cases per million,268.42105263157896,82
8530,2020-04-13,Australian Capital Territory,New cases,-1.0,82
8531,2020-04-13,Australian Capital Territory,css_per_prsn,-2.6315789473684212,82
8532,2020-04-13,Australian Capital Territory,New cases per week,6.0,82
8533,2020-04-13,Australian Capital Territory,log10(Total cases),2.0086001717619175,82
8534,2020-04-13,Australian Capital Territory,log10(New cases per week),0.7781512503836436,82
8535,2020-04-13,Australian Capital Territory,Slope of power-law,-13.806771579843764,82
8536,2020-04-13,Australian Capital Territory,Acceleration of power-law,1049.0950661563584,82
8537,2020-04-13,Australian Capital Territory,Growth Rate,0.5870841487279843,82
8538,2020-04-13,Australian Capital Territory,Days since first case,82.0,82
8539,2020-04-13,Australian Capital Territory,Average Growth Rate,0.5574953758386486,82
8540,2020-04-13,Australian Capital Territory,Doubling time,45.714620818769184,82
8541,2020-04-13,New South Wales,Total cases,2863.0,82
8542,2020-04-13,New South Wales,Total cases per million,379.50689289501594,82
8543,2020-04-13,New South Wales,New cases,6.0,82
8544,2020-04-13,New South Wales,css_per_prsn,0.7953340402969248,82
8545,2020-04-13,New South Wales,New cases per week,226.0,82
8546,2020-04-13,New South Wales,log10(Total cases),3.456821348021599,82
8547,2020-04-13,New South Wales,log10(New cases per week),2.3541084391474008,82
8548,2020-04-13,New South Wales,Slope of power-law,-8.127791460756198,82
8549,2020-04-13,New South Wales,Acceleration of power-law,-2066.3339479042825,82
8550,2020-04-13,New South Wales,Growth Rate,0.9102455546147333,82
8551,2020-04-13,New South Wales,Days since first case,82.0,82
8552,2020-04-13,New South Wales,Average Growth Rate,0.457553657647764,82
8553,2020-04-13,New South Wales,Doubling time,37.51939992711665,82
8554,2020-04-13,Northern Territory,Total cases,28.0,82
8555,2020-04-13,Northern Territory,Total cases per million,114.61318051575931,82
8556,2020-04-13,Northern Territory,New cases,0.0,82
8557,2020-04-13,Northern Territory,css_per_prsn,0.0,82
8558,2020-04-13,Northern Territory,New cases per week,0.0,82
8559,2020-04-13,Northern Territory,log10(Total cases),1.4471580313422192,82
8560,2020-04-13,Northern Territory,log10(New cases per week),0.0,82
8561,2020-04-13,Northern Territory,Slope of power-law,-9.547874667292186,82
8562,2020-04-13,Northern Territory,Acceleration of power-law,-inf,82
8563,2020-04-13,Northern Territory,Growth Rate,0.0,82
8564,2020-04-13,Northern Territory,Days since first case,82.0,82
8565,2020-04-13,Northern Territory,Average Growth Rate,1.609623404975734,82
8566,2020-04-13,Northern Territory,Doubling time,131.9891192080102,82
8567,2020-04-13,Queensland,Total cases,987.0,82
8568,2020-04-13,Queensland,Total cases per million,194.6361664366003,82
8569,2020-04-13,Queensland,New cases,4.0,82
8570,2020-04-13,Queensland,css_per_prsn,0.7887990534411359,82
8571,2020-04-13,Queensland,New cases per week,66.0,82
8572,2020-04-13,Queensland,log10(Total cases),2.9943171526696366,82
8573,2020-04-13,Queensland,log10(New cases per week),1.8195439355418688,82
8574,2020-04-13,Queensland,Slope of power-law,-12.811368041900181,82
8575,2020-04-13,Queensland,Acceleration of power-law,-2037.797590541716,82
8576,2020-04-13,Queensland,Growth Rate,0.904977375565611,82
8577,2020-04-13,Queensland,Days since first case,82.0,82
8578,2020-04-13,Queensland,Average Growth Rate,0.6416812409929281,82
8579,2020-04-13,Queensland,Doubling time,52.61786176142011,82
8580,2020-04-13,South Australia,Total cases,429.0,82
8581,2020-04-13,South Australia,Total cases per million,255.81395348837208,82
8582,2020-04-13,South Australia,New cases,0.0,82
8583,2020-04-13,South Australia,css_per_prsn,0.0,82
8584,2020-04-13,South Australia,New cases per week,18.0,82
8585,2020-04-13,South Australia,log10(Total cases),2.6324572921847245,82
8586,2020-04-13,South Australia,log10(New cases per week),1.255272505103306,82
8587,2020-04-13,South Australia,Slope of power-law,-25.537644023383336,82
8588,2020-04-13,South Australia,Acceleration of power-law,-inf,82
8589,2020-04-13,South Australia,Growth Rate,0.6557377049180327,82
8590,2020-04-13,South Australia,Days since first case,82.0,82
8591,2020-04-13,South Australia,Average Growth Rate,0.8670076488490104,82
8592,2020-04-13,South Australia,Doubling time,71.09462720561885,82
8593,2020-04-13,Tasmania,Total cases,144.0,82
8594,2020-04-13,Tasmania,Total cases per million,279.6116504854369,82
8595,2020-04-13,Tasmania,New cases,11.0,82
8596,2020-04-13,Tasmania,css_per_prsn,21.359223300970875,82
8597,2020-04-13,Tasmania,New cases per week,58.0,82
8598,2020-04-13,Tasmania,log10(Total cases),2.1583624920952498,82
8599,2020-04-13,Tasmania,log10(New cases per week),1.7634279935629373,82
8600,2020-04-13,Tasmania,Slope of power-law,1.1484914825516563,82
8601,2020-04-13,Tasmania,Acceleration of power-law,-0.38435267357797476,82
8602,2020-04-13,Tasmania,Growth Rate,7.153965785381026,82
8603,2020-04-13,Tasmania,Days since first case,82.0,82
8604,2020-04-13,Tasmania,Average Growth Rate,0.09222105435016605,82
8605,2020-04-13,Tasmania,Doubling time,7.5621264567136155,82
8606,2020-04-13,Victoria,Total cases,1281.0,82
8607,2020-04-13,Victoria,Total cases per million,201.446768359805,82
8608,2020-04-13,Victoria,New cases,13.0,82
8609,2020-04-13,Victoria,css_per_prsn,2.0443465953766315,82
8610,2020-04-13,Victoria,New cases per week,123.0,82
8611,2020-04-13,Victoria,log10(Total cases),3.1075491297446862,82
8612,2020-04-13,Victoria,log10(New cases per week),2.089905111439398,82
8613,2020-04-13,Victoria,Slope of power-law,-8.576275746579967,82
8614,2020-04-13,Victoria,Acceleration of power-law,-421.468335830398,82
8615,2020-04-13,Victoria,Growth Rate,1.098201496100589,82
8616,2020-04-13,Victoria,Days since first case,82.0,82
8617,2020-04-13,Victoria,Average Growth Rate,0.4474091391908364,82
8618,2020-04-13,Victoria,Doubling time,36.68754941364858,82
8619,2020-04-13,Western Australia,Total cases,517.0,82
8620,2020-04-13,Western Australia,Total cases per million,199.69100038624953,82
8621,2020-04-13,Western Australia,New cases,3.0,82
8622,2020-04-13,Western Australia,css_per_prsn,1.1587485515643106,82
8623,2020-04-13,Western Australia,New cases per week,57.0,82
8624,2020-04-13,Western Australia,log10(Total cases),2.7134905430939424,82
8625,2020-04-13,Western Australia,log10(New cases per week),1.7558748556724915,82
8626,2020-04-13,Western Australia,Slope of power-law,-4.235928490531701,82
8627,2020-04-13,Western Australia,Acceleration of power-law,-68.11761591099942,82
8628,2020-04-13,Western Australia,Growth Rate,1.4139827179890023,82
8629,2020-04-13,Western Australia,Days since first case,82.0,82
8630,2020-04-13,Western Australia,Average Growth Rate,0.33062818932582283,82
8631,2020-04-13,Western Australia,Doubling time,27.11151152471747,82
8632,2020-04-14,Australian Capital Territory,Total cases,103.0,83
8633,2020-04-14,Australian Capital Territory,Total cases per million,271.05263157894734,83
8634,2020-04-14,Australian Capital Territory,New cases,1.0,83
8635,2020-04-14,Australian Capital Territory,css_per_prsn,2.6315789473684212,83
8636,2020-04-14,Australian Capital Territory,New cases per week,7.0,83
8637,2020-04-14,Australian Capital Territory,log10(Total cases),2.012837224705172,83
8638,2020-04-14,Australian Capital Territory,log10(New cases per week),0.8450980400142568,83
8639,2020-04-14,Australian Capital Territory,Slope of power-law,-11.212552293992955,83
8640,2020-04-14,Australian Capital Territory,Acceleration of power-law,612.2697357324454,83
8641,2020-04-14,Australian Capital Territory,Growth Rate,0.5836575875486382,83
8642,2020-04-14,Australian Capital Territory,Days since first case,83.0,83
8643,2020-04-14,Australian Capital Territory,Average Growth Rate,0.6462423752233531,83
8644,2020-04-14,Australian Capital Territory,Doubling time,53.63811714353831,83
8645,2020-04-14,New South Wales,Total cases,2870.0,83
8646,2020-04-14,New South Wales,Total cases per million,380.4347826086957,83
8647,2020-04-14,New South Wales,New cases,7.0,83
8648,2020-04-14,New South Wales,css_per_prsn,0.9278897136797456,83
8649,2020-04-14,New South Wales,New cases per week,184.0,83
8650,2020-04-14,New South Wales,log10(Total cases),3.4578818967339924,83
8651,2020-04-14,New South Wales,log10(New cases per week),2.2648178230095364,83
8652,2020-04-14,New South Wales,Slope of power-law,-11.080616635106777,83
8653,2020-04-14,New South Wales,Acceleration of power-law,-2784.2428545184525,83
8654,2020-04-14,New South Wales,Growth Rate,0.6797953605718691,83
8655,2020-04-14,New South Wales,Days since first case,83.0,83
8656,2020-04-14,New South Wales,Average Growth Rate,0.5620453774843919,83
8657,2020-04-14,New South Wales,Doubling time,46.649766331204525,83
8658,2020-04-14,Northern Territory,Total cases,28.0,83
8659,2020-04-14,Northern Territory,Total cases per million,114.61318051575931,83
8660,2020-04-14,Northern Territory,New cases,0.0,83
8661,2020-04-14,Northern Territory,css_per_prsn,0.0,83
8662,2020-04-14,Northern Territory,New cases per week,0.0,83
8663,2020-04-14,Northern Territory,log10(Total cases),1.4471580313422192,83
8664,2020-04-14,Northern Territory,log10(New cases per week),0.0,83
8665,2020-04-14,Northern Territory,Slope of power-law,-32.3567789417369,83
8666,2020-04-14,Northern Territory,Acceleration of power-law,-inf,83
8667,2020-04-14,Northern Territory,Growth Rate,0.0,83
8668,2020-04-14,Northern Territory,Days since first case,83.0,83
8669,2020-04-14,Northern Territory,Average Growth Rate,4.852030263919745,83
8670,2020-04-14,Northern Territory,Doubling time,402.7185119053388,83
8671,2020-04-14,Queensland,Total cases,998.0,83
8672,2020-04-14,Queensland,Total cases per million,196.8053638335634,83
8673,2020-04-14,Queensland,New cases,11.0,83
8674,2020-04-14,Queensland,css_per_prsn,2.1691973969631237,83
8675,2020-04-14,Queensland,New cases per week,64.0,83
8676,2020-04-14,Queensland,log10(Total cases),2.999130541287371,83
8677,2020-04-14,Queensland,log10(New cases per week),1.806179973983887,83
8678,2020-04-14,Queensland,Slope of power-law,-14.105156625928876,83
8679,2020-04-14,Queensland,Acceleration of power-law,-268.7895548807082,83
8680,2020-04-14,Queensland,Growth Rate,0.9170572651314448,83
8681,2020-04-14,Queensland,Days since first case,83.0,83
8682,2020-04-14,Queensland,Average Growth Rate,0.6690281719548613,83
8683,2020-04-14,Queensland,Doubling time,55.52933827225349,83
8684,2020-04-14,South Australia,Total cases,433.0,83
8685,2020-04-14,South Australia,Total cases per million,258.19916517590934,83
8686,2020-04-14,South Australia,New cases,4.0,83
8687,2020-04-14,South Australia,css_per_prsn,2.385211687537269,83
8688,2020-04-14,South Australia,New cases per week,22.0,83
8689,2020-04-14,South Australia,log10(Total cases),2.6364878963533656,83
8690,2020-04-14,South Australia,log10(New cases per week),1.3424226808222062,83
8691,2020-04-14,South Australia,Slope of power-law,-27.395427068078362,83
8692,2020-04-14,South Australia,Acceleration of power-law,-460.91924857046223,83
8693,2020-04-14,South Australia,Growth Rate,0.6052141527001862,83
8694,2020-04-14,South Australia,Days since first case,83.0,83
8695,2020-04-14,South Australia,Average Growth Rate,0.8723830807713087,83
8696,2020-04-14,South Australia,Doubling time,72.40779570401862,83
8697,2020-04-14,Tasmania,Total cases,165.0,83
8698,2020-04-14,Tasmania,Total cases per million,320.3883495145631,83
8699,2020-04-14,Tasmania,New cases,21.0,83
8700,2020-04-14,Tasmania,css_per_prsn,40.77669902912621,83
8701,2020-04-14,Tasmania,New cases per week,76.0,83
8702,2020-04-14,Tasmania,log10(Total cases),2.2174839442139063,83
8703,2020-04-14,Tasmania,log10(New cases per week),1.8808135922807914,83
8704,2020-04-14,Tasmania,Slope of power-law,1.98967274277429,83
8705,2020-04-14,Tasmania,Acceleration of power-law,14.228020964951716,83
8706,2020-04-14,Tasmania,Growth Rate,7.747489239598279,83
8707,2020-04-14,Tasmania,Days since first case,83.0,83
8708,2020-04-14,Tasmania,Average Growth Rate,0.08960976424619205,83
8709,2020-04-14,Tasmania,Doubling time,7.43761043243394,83
8710,2020-04-14,Victoria,Total cases,1291.0,83
8711,2020-04-14,Victoria,Total cases per million,203.01934266394088,83
8712,2020-04-14,Victoria,New cases,10.0,83
8713,2020-04-14,Victoria,css_per_prsn,1.5725743041358704,83
8714,2020-04-14,Victoria,New cases per week,100.0,83
8715,2020-04-14,Victoria,log10(Total cases),3.1109262422664203,83
8716,2020-04-14,Victoria,log10(New cases per week),2.0,83
8717,2020-04-14,Victoria,Slope of power-law,-9.952156677707958,83
8718,2020-04-14,Victoria,Acceleration of power-law,-407.41341079789936,83
8719,2020-04-14,Victoria,Growth Rate,0.9927513394264103,83
8720,2020-04-14,Victoria,Days since first case,83.0,83
8721,2020-04-14,Victoria,Average Growth Rate,0.5073176830984165,83
8722,2020-04-14,Victoria,Doubling time,42.10736769716857,83
8723,2020-04-14,Western Australia,Total cases,527.0,83
8724,2020-04-14,Western Australia,Total cases per million,203.55349555813055,83
8725,2020-04-14,Western Australia,New cases,10.0,83
8726,2020-04-14,Western Australia,css_per_prsn,3.862495171881035,83
8727,2020-04-14,Western Australia,New cases per week,67.0,83
8728,2020-04-14,Western Australia,log10(Total cases),2.7218106152125467,83
8729,2020-04-14,Western Australia,log10(New cases per week),1.8260748027008264,83
8730,2020-04-14,Western Australia,Slope of power-law,-4.525797024644001,83
8731,2020-04-14,Western Australia,Acceleration of power-law,-34.839666048583,83
8732,2020-04-14,Western Australia,Growth Rate,1.2412723041117144,83
8733,2020-04-14,Western Australia,Days since first case,83.0,83
8734,2020-04-14,Western Australia,Average Growth Rate,0.37622619245482364,83
8735,2020-04-14,Western Australia,Doubling time,31.226773973750362,83
8736,2020-04-15,Australian Capital Territory,Total cases,103.0,84
8737,2020-04-15,Australian Capital Territory,Total cases per million,271.05263157894734,84
8738,2020-04-15,Australian Capital Territory,New cases,0.0,84
8739,2020-04-15,Australian Capital Territory,css_per_prsn,0.0,84
8740,2020-04-15,Australian Capital Territory,New cases per week,4.0,84
8741,2020-04-15,Australian Capital Territory,log10(Total cases),2.012837224705172,84
8742,2020-04-15,Australian Capital Territory,log10(New cases per week),0.6020599913279624,84
8743,2020-04-15,Australian Capital Territory,Slope of power-law,-22.138774917823486,84
8744,2020-04-15,Australian Capital Territory,Acceleration of power-law,-inf,84
8745,2020-04-15,Australian Capital Territory,Growth Rate,0.0,84
8746,2020-04-15,Australian Capital Territory,Days since first case,84.0,84
8747,2020-04-15,Australian Capital Territory,Average Growth Rate,0.8783131431745469,84
8748,2020-04-15,Australian Capital Territory,Doubling time,73.77830402666194,84
8749,2020-04-15,New South Wales,Total cases,2886.0,84
8750,2020-04-15,New South Wales,Total cases per million,382.5556733828208,84
8751,2020-04-15,New South Wales,New cases,16.0,84
8752,2020-04-15,New South Wales,css_per_prsn,2.1208907741251326,84
8753,2020-04-15,New South Wales,New cases per week,152.0,84
8754,2020-04-15,New South Wales,log10(Total cases),3.4602963267574753,84
8755,2020-04-15,New South Wales,log10(New cases per week),2.1818435879447726,84
8756,2020-04-15,New South Wales,Slope of power-law,-14.693571648860328,84
8757,2020-04-15,New South Wales,Acceleration of power-law,-1496.4007979579567,84
8758,2020-04-15,New South Wales,Growth Rate,0.44652201213981724,84
8759,2020-04-15,New South Wales,Days since first case,84.0,84
8760,2020-04-15,New South Wales,Average Growth Rate,0.7160345157757142,84
8761,2020-04-15,New South Wales,Doubling time,60.14689932515999,84
8762,2020-04-15,Northern Territory,Total cases,28.0,84
8763,2020-04-15,Northern Territory,Total cases per million,114.61318051575931,84
8764,2020-04-15,Northern Territory,New cases,0.0,84
8765,2020-04-15,Northern Territory,css_per_prsn,0.0,84
8766,2020-04-15,Northern Territory,New cases per week,0.0,84
8767,2020-04-15,Northern Territory,log10(Total cases),1.4471580313422192,84
8768,2020-04-15,Northern Territory,log10(New cases per week),0.0,84
8769,2020-04-15,Northern Territory,Slope of power-law,-68.32740218510101,84
8770,2020-04-15,Northern Territory,Acceleration of power-law,-inf,84
8771,2020-04-15,Northern Territory,Growth Rate,0.0,84
8772,2020-04-15,Northern Territory,Days since first case,84.0,84
8773,2020-04-15,Northern Territory,Average Growth Rate,inf,84
8774,2020-04-15,Northern Territory,Doubling time,inf,84
8775,2020-04-15,Queensland,Total cases,999.0,84
8776,2020-04-15,Queensland,Total cases per million,197.0025635969237,84
8777,2020-04-15,Queensland,New cases,1.0,84
8778,2020-04-15,Queensland,css_per_prsn,0.19719976336028397,84
8779,2020-04-15,Queensland,New cases per week,56.0,84
8780,2020-04-15,Queensland,log10(Total cases),2.9995654882259823,84
8781,2020-04-15,Queensland,log10(New cases per week),1.7481880270062005,84
8782,2020-04-15,Queensland,Slope of power-law,-15.527016801771454,84
8783,2020-04-15,Queensland,Acceleration of power-law,-3269.0428409086976,84
8784,2020-04-15,Queensland,Growth Rate,0.6881198138028738,84
8785,2020-04-15,Queensland,Days since first case,84.0,84
8786,2020-04-15,Queensland,Average Growth Rate,0.7471644728987958,84
8787,2020-04-15,Queensland,Doubling time,62.76181572349885,84
8788,2020-04-15,South Australia,Total cases,433.0,84
8789,2020-04-15,South Australia,Total cases per million,258.19916517590934,84
8790,2020-04-15,South Australia,New cases,0.0,84
8791,2020-04-15,South Australia,css_per_prsn,0.0,84
8792,2020-04-15,South Australia,New cases per week,18.0,84
8793,2020-04-15,South Australia,log10(Total cases),2.6364878963533656,84
8794,2020-04-15,South Australia,log10(New cases per week),1.255272505103306,84
8795,2020-04-15,South Australia,Slope of power-law,-28.93456124435651,84
8796,2020-04-15,South Australia,Acceleration of power-law,-inf,84
8797,2020-04-15,South Australia,Growth Rate,0.2322340919647004,84
8798,2020-04-15,South Australia,Days since first case,84.0,84
8799,2020-04-15,South Australia,Average Growth Rate,1.0838003312631053,84
8800,2020-04-15,South Australia,Doubling time,91.03922782610084,84
8801,2020-04-15,Tasmania,Total cases,165.0,84
8802,2020-04-15,Tasmania,Total cases per million,320.3883495145631,84
8803,2020-04-15,Tasmania,New cases,0.0,84
8804,2020-04-15,Tasmania,css_per_prsn,0.0,84
8805,2020-04-15,Tasmania,New cases per week,67.0,84
8806,2020-04-15,Tasmania,log10(Total cases),2.2174839442139063,84
8807,2020-04-15,Tasmania,log10(New cases per week),1.8260748027008264,84
8808,2020-04-15,Tasmania,Slope of power-law,2.0481266900419515,84
8809,2020-04-15,Tasmania,Acceleration of power-law,inf,84
8810,2020-04-15,Tasmania,Growth Rate,5.8108108108108105,84
8811,2020-04-15,Tasmania,Days since first case,84.0,84
8812,2020-04-15,Tasmania,Average Growth Rate,0.09474000659544923,84
8813,2020-04-15,Tasmania,Doubling time,7.958160554017736,84
8814,2020-04-15,Victoria,Total cases,1299.0,84
8815,2020-04-15,Victoria,Total cases per million,204.27740210724957,84
8816,2020-04-15,Victoria,New cases,8.0,84
8817,2020-04-15,Victoria,css_per_prsn,1.2580594433086962,84
8818,2020-04-15,Victoria,New cases per week,87.0,84
8819,2020-04-15,Victoria,log10(Total cases),3.1136091510730277,84
8820,2020-04-15,Victoria,log10(New cases per week),1.9395192526186185,84
8821,2020-04-15,Victoria,Slope of power-law,-10.645398639648233,84
8822,2020-04-15,Victoria,Acceleration of power-law,-258.3919215714611,84
8823,2020-04-15,Victoria,Growth Rate,0.905683947532792,84
8824,2020-04-15,Victoria,Days since first case,84.0,84
8825,2020-04-15,Victoria,Average Growth Rate,0.5796226278540195,84
8826,2020-04-15,Victoria,Doubling time,48.68830073973764,84
8827,2020-04-15,Western Australia,Total cases,527.0,84
8828,2020-04-15,Western Australia,Total cases per million,203.55349555813055,84
8829,2020-04-15,Western Australia,New cases,0.0,84
8830,2020-04-15,Western Australia,css_per_prsn,0.0,84
8831,2020-04-15,Western Australia,New cases per week,46.0,84
8832,2020-04-15,Western Australia,log10(Total cases),2.7218106152125467,84
8833,2020-04-15,Western Australia,log10(New cases per week),1.662757831681574,84
8834,2020-04-15,Western Australia,Slope of power-law,-7.449589641666154,84
8835,2020-04-15,Western Australia,Acceleration of power-law,-inf,84
8836,2020-04-15,Western Australia,Growth Rate,0.8080030781069644,84
8837,2020-04-15,Western Australia,Days since first case,84.0,84
8838,2020-04-15,Western Australia,Average Growth Rate,0.4435659588080212,84
8839,2020-04-15,Western Australia,Doubling time,37.25954053987378,84
8840,2020-04-16,Australian Capital Territory,Total cases,103.0,85
8841,2020-04-16,Australian Capital Territory,Total cases per million,271.05263157894734,85
8842,2020-04-16,Australian Capital Territory,New cases,0.0,85
8843,2020-04-16,Australian Capital Territory,css_per_prsn,0.0,85
8844,2020-04-16,Australian Capital Territory,New cases per week,3.0,85
8845,2020-04-16,Australian Capital Territory,log10(Total cases),2.012837224705172,85
8846,2020-04-16,Australian Capital Territory,log10(New cases per week),0.47712125471966244,85
8847,2020-04-16,Australian Capital Territory,Slope of power-law,-25.458073106108642,85
8848,2020-04-16,Australian Capital Territory,Acceleration of power-law,-inf,85
8849,2020-04-16,Australian Capital Territory,Growth Rate,0.0,85
8850,2020-04-16,Australian Capital Territory,Days since first case,85.0,85
8851,2020-04-16,Australian Capital Territory,Average Growth Rate,1.3598082914333454,85
8852,2020-04-16,Australian Capital Territory,Doubling time,115.58370477183436,85
8853,2020-04-16,New South Wales,Total cases,2897.0,85
8854,2020-04-16,New South Wales,Total cases per million,384.0137857900318,85
8855,2020-04-16,New South Wales,New cases,11.0,85
8856,2020-04-16,New South Wales,css_per_prsn,1.4581124072110287,85
8857,2020-04-16,New South Wales,New cases per week,124.0,85
8858,2020-04-16,New South Wales,log10(Total cases),3.461948495203762,85
8859,2020-04-16,New South Wales,log10(New cases per week),2.093421685162235,85
8860,2020-04-16,New South Wales,Slope of power-law,-16.855074452028866,85
8861,2020-04-16,New South Wales,Acceleration of power-law,-1308.282341323371,85
8862,2020-04-16,New South Wales,Growth Rate,0.27829958950810546,85
8863,2020-04-16,New South Wales,Days since first case,85.0,85
8864,2020-04-16,New South Wales,Average Growth Rate,0.9810858664808152,85
8865,2020-04-16,New South Wales,Doubling time,83.3922986508693,85
8866,2020-04-16,Northern Territory,Total cases,28.0,85
8867,2020-04-16,Northern Territory,Total cases per million,114.61318051575931,85
8868,2020-04-16,Northern Territory,New cases,0.0,85
8869,2020-04-16,Northern Territory,css_per_prsn,0.0,85
8870,2020-04-16,Northern Territory,New cases per week,0.0,85
8871,2020-04-16,Northern Territory,log10(Total cases),1.4471580313422192,85
8872,2020-04-16,Northern Territory,log10(New cases per week),0.0,85
8873,2020-04-16,Northern Territory,Slope of power-law,-inf,85
8874,2020-04-16,Northern Territory,Acceleration of power-law,-inf,85
8875,2020-04-16,Northern Territory,Growth Rate,0.0,85
8876,2020-04-16,Northern Territory,Days since first case,85.0,85
8877,2020-04-16,Northern Territory,Average Growth Rate,inf,85
8878,2020-04-16,Northern Territory,Doubling time,inf,85
8879,2020-04-16,Queensland,Total cases,1001.0,85
8880,2020-04-16,Queensland,Total cases per million,197.39696312364427,85
8881,2020-04-16,Queensland,New cases,2.0,85
8882,2020-04-16,Queensland,css_per_prsn,0.39439952672056794,85
8883,2020-04-16,Queensland,New cases per week,48.0,85
8884,2020-04-16,Queensland,log10(Total cases),3.000434077479319,85
8885,2020-04-16,Queensland,log10(New cases per week),1.6812412373755872,85
8886,2020-04-16,Queensland,Slope of power-law,-18.91519563995944,85
8887,2020-04-16,Queensland,Acceleration of power-law,-3900.783742342265,85
8888,2020-04-16,Queensland,Growth Rate,0.5434782608695652,85
8889,2020-04-16,Queensland,Days since first case,85.0,85
8890,2020-04-16,Queensland,Average Growth Rate,0.8513957250033196,85
8891,2020-04-16,Queensland,Doubling time,72.36863662528216,85
8892,2020-04-16,South Australia,Total cases,433.0,85
8893,2020-04-16,South Australia,Total cases per million,258.19916517590934,85
8894,2020-04-16,South Australia,New cases,0.0,85
8895,2020-04-16,South Australia,css_per_prsn,0.0,85
8896,2020-04-16,South Australia,New cases per week,13.0,85
8897,2020-04-16,South Australia,log10(Total cases),2.6364878963533656,85
8898,2020-04-16,South Australia,log10(New cases per week),1.1139433523068367,85
8899,2020-04-16,South Australia,Slope of power-law,-40.243730270851856,85
8900,2020-04-16,South Australia,Acceleration of power-law,-inf,85
8901,2020-04-16,South Australia,Growth Rate,0.1854427445526194,85
8902,2020-04-16,South Australia,Days since first case,85.0,85
8903,2020-04-16,South Australia,Average Growth Rate,1.37132769703232,85
8904,2020-04-16,South Australia,Doubling time,116.56285424774721,85
8905,2020-04-16,Tasmania,Total cases,169.0,85
8906,2020-04-16,Tasmania,Total cases per million,328.15533980582524,85
8907,2020-04-16,Tasmania,New cases,4.0,85
8908,2020-04-16,Tasmania,css_per_prsn,7.766990291262136,85
8909,2020-04-16,Tasmania,New cases per week,58.0,85
8910,2020-04-16,Tasmania,log10(Total cases),2.2278867046136734,85
8911,2020-04-16,Tasmania,log10(New cases per week),1.7634279935629373,85
8912,2020-04-16,Tasmania,Slope of power-law,1.5760617290824066,85
8913,2020-04-16,Tasmania,Acceleration of power-law,-45.37881704649376,85
8914,2020-04-16,Tasmania,Growth Rate,4.639175257731959,85
8915,2020-04-16,Tasmania,Days since first case,85.0,85
8916,2020-04-16,Tasmania,Average Growth Rate,0.10591576261653987,85
8917,2020-04-16,Tasmania,Doubling time,9.002839822405889,85
8918,2020-04-16,Victoria,Total cases,1299.0,85
8919,2020-04-16,Victoria,Total cases per million,204.27740210724957,85
8920,2020-04-16,Victoria,New cases,0.0,85
8921,2020-04-16,Victoria,css_per_prsn,0.0,85
8922,2020-04-16,Victoria,New cases per week,71.0,85
8923,2020-04-16,Victoria,log10(Total cases),3.1136091510730277,85
8924,2020-04-16,Victoria,log10(New cases per week),1.8512583487190752,85
8925,2020-04-16,Victoria,Slope of power-law,-13.554379404313206,85
8926,2020-04-16,Victoria,Acceleration of power-law,-inf,85
8927,2020-04-16,Victoria,Growth Rate,0.5281143212177695,85
8928,2020-04-16,Victoria,Days since first case,85.0,85
8929,2020-04-16,Victoria,Average Growth Rate,0.7275014679067954,85
8930,2020-04-16,Victoria,Doubling time,61.8376247720776,85
8931,2020-04-16,Western Australia,Total cases,532.0,85
8932,2020-04-16,Western Australia,Total cases per million,205.48474314407107,85
8933,2020-04-16,Western Australia,New cases,5.0,85
8934,2020-04-16,Western Australia,css_per_prsn,1.9312475859405176,85
8935,2020-04-16,Western Australia,New cases per week,37.0,85
8936,2020-04-16,Western Australia,log10(Total cases),2.7259116322950483,85
8937,2020-04-16,Western Australia,log10(New cases per week),1.568201724066995,85
8938,2020-04-16,Western Australia,Slope of power-law,-7.17276823568231,85
8939,2020-04-16,Western Australia,Acceleration of power-law,67.50067127615763,85
8940,2020-04-16,Western Australia,Growth Rate,0.6878104700038212,85
8941,2020-04-16,Western Australia,Days since first case,85.0,85
8942,2020-04-16,Western Australia,Average Growth Rate,0.5499018251930642,85
8943,2020-04-16,Western Australia,Doubling time,46.741655141410455,85
8944,2020-04-17,Australian Capital Territory,Total cases,103.0,86
8945,2020-04-17,Australian Capital Territory,Total cases per million,271.05263157894734,86
8946,2020-04-17,Australian Capital Territory,New cases,0.0,86
8947,2020-04-17,Australian Capital Territory,css_per_prsn,0.0,86
8948,2020-04-17,Australian Capital Territory,New cases per week,0.0,86
8949,2020-04-17,Australian Capital Territory,log10(Total cases),2.012837224705172,86
8950,2020-04-17,Australian Capital Territory,log10(New cases per week),0.0,86
8951,2020-04-17,Australian Capital Territory,Slope of power-law,-39.39410819152126,86
8952,2020-04-17,Australian Capital Territory,Acceleration of power-law,-inf,86
8953,2020-04-17,Australian Capital Territory,Growth Rate,0.0,86
8954,2020-04-17,Australian Capital Territory,Days since first case,86.0,86
8955,2020-04-17,Australian Capital Territory,Average Growth Rate,2.9602907245983157,86
8956,2020-04-17,Australian Capital Territory,Doubling time,254.58500231545514,86
8957,2020-04-17,New South Wales,Total cases,2926.0,86
8958,2020-04-17,New South Wales,Total cases per million,387.85790031813366,86
8959,2020-04-17,New South Wales,New cases,29.0,86
8960,2020-04-17,New South Wales,css_per_prsn,3.844114528101803,86
8961,2020-04-17,New South Wales,New cases per week,104.0,86
8962,2020-04-17,New South Wales,log10(Total cases),3.466274321789292,86
8963,2020-04-17,New South Wales,log10(New cases per week),2.0170333392987803,86
8964,2020-04-17,New South Wales,Slope of power-law,-21.48454785170759,86
8965,2020-04-17,New South Wales,Acceleration of power-law,-1070.1939405441028,86
8966,2020-04-17,New South Wales,Growth Rate,0.47777316161196515,86
8967,2020-04-17,New South Wales,Days since first case,86.0,86
8968,2020-04-17,New South Wales,Average Growth Rate,1.2410268656052124,86
8969,2020-04-17,New South Wales,Doubling time,106.72831044204827,86
8970,2020-04-17,Northern Territory,Total cases,28.0,86
8971,2020-04-17,Northern Territory,Total cases per million,114.61318051575931,86
8972,2020-04-17,Northern Territory,New cases,0.0,86
8973,2020-04-17,Northern Territory,css_per_prsn,0.0,86
8974,2020-04-17,Northern Territory,New cases per week,0.0,86
8975,2020-04-17,Northern Territory,log10(Total cases),1.4471580313422192,86
8976,2020-04-17,Northern Territory,log10(New cases per week),0.0,86
8977,2020-04-17,Northern Territory,Slope of power-law,-inf,86
8978,2020-04-17,Northern Territory,Acceleration of power-law,0.0,86
8979,2020-04-17,Northern Territory,Growth Rate,0.0,86
8980,2020-04-17,Northern Territory,Days since first case,86.0,86
8981,2020-04-17,Northern Territory,Average Growth Rate,inf,86
8982,2020-04-17,Northern Territory,Doubling time,inf,86
8983,2020-04-17,Queensland,Total cases,1007.0,86
8984,2020-04-17,Queensland,Total cases per million,198.58016170380597,86
8985,2020-04-17,Queensland,New cases,6.0,86
8986,2020-04-17,Queensland,css_per_prsn,1.1831985801617038,86
8987,2020-04-17,Queensland,New cases per week,42.0,86
8988,2020-04-17,Queensland,log10(Total cases),3.003029470553618,86
8989,2020-04-17,Queensland,log10(New cases per week),1.6232492903979006,86
8990,2020-04-17,Queensland,Slope of power-law,-20.126433977010294,86
8991,2020-04-17,Queensland,Acceleration of power-law,-466.6878204481197,86
8992,2020-04-17,Queensland,Growth Rate,0.4807692307692308,86
8993,2020-04-17,Queensland,Days since first case,86.0,86
8994,2020-04-17,Queensland,Average Growth Rate,0.9805720898795908,86
8995,2020-04-17,Queensland,Doubling time,84.32919972964481,86
8996,2020-04-17,South Australia,Total cases,435.0,86
8997,2020-04-17,South Australia,Total cases per million,259.391771019678,86
8998,2020-04-17,South Australia,New cases,2.0,86
8999,2020-04-17,South Australia,css_per_prsn,1.1926058437686344,86
9000,2020-04-17,South Australia,New cases per week,7.0,86
9001,2020-04-17,South Australia,log10(Total cases),2.6384892569546374,86
9002,2020-04-17,South Australia,log10(New cases per week),0.8450980400142568,86
9003,2020-04-17,South Australia,Slope of power-law,-41.55132882801429,86
9004,2020-04-17,South Australia,Acceleration of power-law,-653.354800894677,86
9005,2020-04-17,South Australia,Growth Rate,0.27739251040221913,86
9006,2020-04-17,South Australia,Days since first case,86.0,86
9007,2020-04-17,South Australia,Average Growth Rate,1.7718294130756607,86
9008,2020-04-17,South Australia,Doubling time,152.37732952450682,86
9009,2020-04-17,Tasmania,Total cases,180.0,86
9010,2020-04-17,Tasmania,Total cases per million,349.5145631067961,86
9011,2020-04-17,Tasmania,New cases,11.0,86
9012,2020-04-17,Tasmania,css_per_prsn,21.359223300970875,86
9013,2020-04-17,Tasmania,New cases per week,58.0,86
9014,2020-04-17,Tasmania,log10(Total cases),2.255272505103306,86
9015,2020-04-17,Tasmania,log10(New cases per week),1.7634279935629373,86
9016,2020-04-17,Tasmania,Slope of power-law,1.51168504320901,86
9017,2020-04-17,Tasmania,Acceleration of power-law,-2.3507323036902847,86
9018,2020-04-17,Tasmania,Growth Rate,5.710814094775213,86
9019,2020-04-17,Tasmania,Days since first case,86.0,86
9020,2020-04-17,Tasmania,Average Growth Rate,0.11157386615333206,86
9021,2020-04-17,Tasmania,Doubling time,9.595352489186558,86
9022,2020-04-17,Victoria,Total cases,1302.0,86
9023,2020-04-17,Victoria,Total cases per million,204.74917439849034,86
9024,2020-04-17,Victoria,New cases,3.0,86
9025,2020-04-17,Victoria,css_per_prsn,0.47177229124076114,86
9026,2020-04-17,Victoria,New cases per week,61.0,86
9027,2020-04-17,Victoria,log10(Total cases),3.114610984232173,86
9028,2020-04-17,Victoria,log10(New cases per week),1.7853298350107671,86
9029,2020-04-17,Victoria,Slope of power-law,-16.85875533042352,86
9030,2020-04-17,Victoria,Acceleration of power-law,-3298.3295631076217,86
9031,2020-04-17,Victoria,Growth Rate,0.5253399258343634,86
9032,2020-04-17,Victoria,Days since first case,86.0,86
9033,2020-04-17,Victoria,Average Growth Rate,0.8557180263436939,86
9034,2020-04-17,Victoria,Doubling time,73.59175026555768,86
9035,2020-04-17,Western Australia,Total cases,541.0,86
9036,2020-04-17,Western Australia,Total cases per million,208.960988798764,86
9037,2020-04-17,Western Australia,New cases,9.0,86
9038,2020-04-17,Western Australia,css_per_prsn,3.476245654692932,86
9039,2020-04-17,Western Australia,New cases per week,35.0,86
9040,2020-04-17,Western Australia,log10(Total cases),2.7331972651065692,86
9041,2020-04-17,Western Australia,log10(New cases per week),1.5440680443502757,86
9042,2020-04-17,Western Australia,Slope of power-law,-6.220992523398077,86
9043,2020-04-17,Western Australia,Acceleration of power-law,130.6373429606783,86
9044,2020-04-17,Western Australia,Growth Rate,1.021180030257186,86
9045,2020-04-17,Western Australia,Days since first case,86.0,86
9046,2020-04-17,Western Australia,Average Growth Rate,0.6700636745274932,86
9047,2020-04-17,Western Australia,Doubling time,57.62547600936441,86
9048,2020-04-18,Australian Capital Territory,Total cases,103.0,87
9049,2020-04-18,Australian Capital Territory,Total cases per million,271.05263157894734,87
9050,2020-04-18,Australian Capital Territory,New cases,0.0,87
9051,2020-04-18,Australian Capital Territory,css_per_prsn,0.0,87
9052,2020-04-18,Australian Capital Territory,New cases per week,0.0,87
9053,2020-04-18,Australian Capital Territory,log10(Total cases),2.012837224705172,87
9054,2020-04-18,Australian Capital Territory,log10(New cases per week),0.0,87
9055,2020-04-18,Australian Capital Territory,Slope of power-law,-68.36932918368528,87
9056,2020-04-18,Australian Capital Territory,Acceleration of power-law,-inf,87
9057,2020-04-18,Australian Capital Territory,Growth Rate,0.19417475728155342,87
9058,2020-04-18,Australian Capital Territory,Days since first case,87.0,87
9059,2020-04-18,Australian Capital Territory,Average Growth Rate,4.455633564012384,87
9060,2020-04-18,Australian Capital Territory,Doubling time,387.6401200690774,87
9061,2020-04-18,New South Wales,Total cases,2936.0,87
9062,2020-04-18,New South Wales,Total cases per million,389.18345705196185,87
9063,2020-04-18,New South Wales,New cases,10.0,87
9064,2020-04-18,New South Wales,css_per_prsn,1.325556733828208,87
9065,2020-04-18,New South Wales,New cases per week,79.0,87
9066,2020-04-18,New South Wales,log10(Total cases),3.467756051244033,87
9067,2020-04-18,New South Wales,log10(New cases per week),1.8976270912904414,87
9068,2020-04-18,New South Wales,Slope of power-law,-27.273225160396862,87
9069,2020-04-18,New South Wales,Acceleration of power-law,-3906.70327175256,87
9070,2020-04-18,New South Wales,Growth Rate,0.5029280055115398,87
9071,2020-04-18,New South Wales,Days since first case,87.0,87
9072,2020-04-18,New South Wales,Average Growth Rate,1.452944938524359,87
9073,2020-04-18,New South Wales,Doubling time,126.40620965161922,87
9074,2020-04-18,Northern Territory,Total cases,28.0,87
9075,2020-04-18,Northern Territory,Total cases per million,114.61318051575931,87
9076,2020-04-18,Northern Territory,New cases,0.0,87
9077,2020-04-18,Northern Territory,css_per_prsn,0.0,87
9078,2020-04-18,Northern Territory,New cases per week,0.0,87
9079,2020-04-18,Northern Territory,log10(Total cases),1.4471580313422192,87
9080,2020-04-18,Northern Territory,log10(New cases per week),0.0,87
9081,2020-04-18,Northern Territory,Slope of power-law,-inf,87
9082,2020-04-18,Northern Territory,Acceleration of power-law,0.0,87
9083,2020-04-18,Northern Territory,Growth Rate,0.0,87
9084,2020-04-18,Northern Territory,Days since first case,87.0,87
9085,2020-04-18,Northern Territory,Average Growth Rate,inf,87
9086,2020-04-18,Northern Territory,Doubling time,inf,87
9087,2020-04-18,Queensland,Total cases,1015.0,87
9088,2020-04-18,Queensland,Total cases per million,200.15775981068825,87
9089,2020-04-18,Queensland,New cases,8.0,87
9090,2020-04-18,Queensland,css_per_prsn,1.5775981068822718,87
9091,2020-04-18,Queensland,New cases per week,41.0,87
9092,2020-04-18,Queensland,log10(Total cases),3.0064660422492318,87
9093,2020-04-18,Queensland,log10(New cases per week),1.6127838567197355,87
9094,2020-04-18,Queensland,Slope of power-law,-18.67448929293987,87
9095,2020-04-18,Queensland,Acceleration of power-law,422.49800460255545,87
9096,2020-04-18,Queensland,Growth Rate,0.5577689243027888,87
9097,2020-04-18,Queensland,Days since first case,87.0,87
9098,2020-04-18,Queensland,Average Growth Rate,1.0873942571643855,87
9099,2020-04-18,Queensland,Doubling time,94.60330037330154,87
9100,2020-04-18,South Australia,Total cases,435.0,87
9101,2020-04-18,South Australia,Total cases per million,259.391771019678,87
9102,2020-04-18,South Australia,New cases,0.0,87
9103,2020-04-18,South Australia,css_per_prsn,0.0,87
9104,2020-04-18,South Australia,New cases per week,6.0,87
9105,2020-04-18,South Australia,log10(Total cases),2.6384892569546374,87
9106,2020-04-18,South Australia,log10(New cases per week),0.7781512503836436,87
9107,2020-04-18,South Australia,Slope of power-law,-44.1799768837147,87
9108,2020-04-18,South Australia,Acceleration of power-law,-inf,87
9109,2020-04-18,South Australia,Growth Rate,0.276625172890733,87
9110,2020-04-18,South Australia,Days since first case,87.0,87
9111,2020-04-18,South Australia,Average Growth Rate,2.1978038190900278,87
9112,2020-04-18,South Australia,Doubling time,191.20893226083243,87
9113,2020-04-18,Tasmania,Total cases,188.0,87
9114,2020-04-18,Tasmania,Total cases per million,365.04854368932035,87
9115,2020-04-18,Tasmania,New cases,8.0,87
9116,2020-04-18,Tasmania,css_per_prsn,15.533980582524272,87
9117,2020-04-18,Tasmania,New cases per week,55.0,87
9118,2020-04-18,Tasmania,log10(Total cases),2.27415784926368,87
9119,2020-04-18,Tasmania,log10(New cases per week),1.7403626894942439,87
9120,2020-04-18,Tasmania,Slope of power-law,0.9824442411921345,87
9121,2020-04-18,Tasmania,Acceleration of power-law,-28.023889716945153,87
9122,2020-04-18,Tasmania,Growth Rate,5.074971164936564,87
9123,2020-04-18,Tasmania,Days since first case,87.0,87
9124,2020-04-18,Tasmania,Average Growth Rate,0.1195771571209553,87
9125,2020-04-18,Tasmania,Doubling time,10.40321266952311,87
9126,2020-04-18,Victoria,Total cases,1319.0,87
9127,2020-04-18,Victoria,Total cases per million,207.4225507155213,87
9128,2020-04-18,Victoria,New cases,17.0,87
9129,2020-04-18,Victoria,css_per_prsn,2.67337631703098,87
9130,2020-04-18,Victoria,New cases per week,54.0,87
9131,2020-04-18,Victoria,log10(Total cases),3.1202447955463652,87
9132,2020-04-18,Victoria,log10(New cases per week),1.7323937598229686,87
9133,2020-04-18,Victoria,Slope of power-law,-17.826817648928326,87
9134,2020-04-18,Victoria,Acceleration of power-law,-171.83080236750862,87
9135,2020-04-18,Victoria,Growth Rate,0.5837173579109063,87
9136,2020-04-18,Victoria,Days since first case,87.0,87
9137,2020-04-18,Victoria,Average Growth Rate,0.9802379078731267,87
9138,2020-04-18,Victoria,Doubling time,85.28069798496202,87
9139,2020-04-18,Western Australia,Total cases,544.0,87
9140,2020-04-18,Western Australia,Total cases per million,210.1197373503283,87
9141,2020-04-18,Western Australia,New cases,3.0,87
9142,2020-04-18,Western Australia,css_per_prsn,1.1587485515643106,87
9143,2020-04-18,Western Australia,New cases per week,30.0,87
9144,2020-04-18,Western Australia,log10(Total cases),2.73559889969818,87
9145,2020-04-18,Western Australia,log10(New cases per week),1.4771212547196624,87
9146,2020-04-18,Western Australia,Slope of power-law,-8.835079000048513,87
9147,2020-04-18,Western Australia,Acceleration of power-law,-1088.4613695113633,87
9148,2020-04-18,Western Australia,Growth Rate,1.0108573567952077,87
9149,2020-04-18,Western Australia,Days since first case,87.0,87
9150,2020-04-18,Western Australia,Average Growth Rate,0.726702944947732,87
9151,2020-04-18,Western Australia,Doubling time,63.223156210452686,87
9152,2020-04-19,Australian Capital Territory,Total cases,103.0,88
9153,2020-04-19,Australian Capital Territory,Total cases per million,271.05263157894734,88
9154,2020-04-19,Australian Capital Territory,New cases,0.0,88
9155,2020-04-19,Australian Capital Territory,css_per_prsn,0.0,88
9156,2020-04-19,Australian Capital Territory,New cases per week,0.0,88
9157,2020-04-19,Australian Capital Territory,log10(Total cases),2.012837224705172,88
9158,2020-04-19,Australian Capital Territory,log10(New cases per week),0.0,88
9159,2020-04-19,Australian Capital Territory,Slope of power-law,-86.774468616884,88
9160,2020-04-19,Australian Capital Territory,Acceleration of power-law,-inf,88
9161,2020-04-19,Australian Capital Territory,Growth Rate,0.0,88
9162,2020-04-19,Australian Capital Territory,Days since first case,88.0,88
9163,2020-04-19,Australian Capital Territory,Average Growth Rate,17.84853989942126,88
9164,2020-04-19,Australian Capital Territory,Doubling time,1570.671511149071,88
9165,2020-04-19,New South Wales,Total cases,2957.0,88
9166,2020-04-19,New South Wales,Total cases per million,391.9671261930011,88
9167,2020-04-19,New South Wales,New cases,21.0,88
9168,2020-04-19,New South Wales,css_per_prsn,2.7836691410392365,88
9169,2020-04-19,New South Wales,New cases per week,100.0,88
9170,2020-04-19,New South Wales,log10(Total cases),3.4708513245261177,88
9171,2020-04-19,New South Wales,log10(New cases per week),2.0,88
9172,2020-04-19,New South Wales,Slope of power-law,-24.25298647973072,88
9173,2020-04-19,New South Wales,Acceleration of power-law,975.7583274301678,88
9174,2020-04-19,New South Wales,Growth Rate,0.595808793315984,88
9175,2020-04-19,New South Wales,Days since first case,88.0,88
9176,2020-04-19,New South Wales,Average Growth Rate,1.5059698306384657,88
9177,2020-04-19,New South Wales,Doubling time,132.525345096185,88
9178,2020-04-19,Northern Territory,Total cases,28.0,88
9179,2020-04-19,Northern Territory,Total cases per million,114.61318051575931,88
9180,2020-04-19,Northern Territory,New cases,0.0,88
9181,2020-04-19,Northern Territory,css_per_prsn,0.0,88
9182,2020-04-19,Northern Territory,New cases per week,0.0,88
9183,2020-04-19,Northern Territory,log10(Total cases),1.4471580313422192,88
9184,2020-04-19,Northern Territory,log10(New cases per week),0.0,88
9185,2020-04-19,Northern Territory,Slope of power-law,-inf,88
9186,2020-04-19,Northern Territory,Acceleration of power-law,0.0,88
9187,2020-04-19,Northern Territory,Growth Rate,0.0,88
9188,2020-04-19,Northern Territory,Days since first case,88.0,88
9189,2020-04-19,Northern Territory,Average Growth Rate,inf,88
9190,2020-04-19,Northern Territory,Doubling time,inf,88
9191,2020-04-19,Queensland,Total cases,1019.0,88
9192,2020-04-19,Queensland,Total cases per million,200.94655886412937,88
9193,2020-04-19,Queensland,New cases,4.0,88
9194,2020-04-19,Queensland,css_per_prsn,0.7887990534411359,88
9195,2020-04-19,Queensland,New cases per week,36.0,88
9196,2020-04-19,Queensland,log10(Total cases),3.0081741840064264,88
9197,2020-04-19,Queensland,log10(New cases per week),1.5563025007672873,88
9198,2020-04-19,Queensland,Slope of power-law,-17.72891175443744,88
9199,2020-04-19,Queensland,Acceleration of power-law,553.570881643551,88
9200,2020-04-19,Queensland,Growth Rate,0.41658401110890697,88
9201,2020-04-19,Queensland,Days since first case,88.0,88
9202,2020-04-19,Queensland,Average Growth Rate,1.28995041988404,88
9203,2020-04-19,Queensland,Doubling time,113.5156369497955,88
9204,2020-04-19,South Australia,Total cases,435.0,88
9205,2020-04-19,South Australia,Total cases per million,259.391771019678,88
9206,2020-04-19,South Australia,New cases,0.0,88
9207,2020-04-19,South Australia,css_per_prsn,0.0,88
9208,2020-04-19,South Australia,New cases per week,6.0,88
9209,2020-04-19,South Australia,log10(Total cases),2.6384892569546374,88
9210,2020-04-19,South Australia,log10(New cases per week),0.7781512503836436,88
9211,2020-04-19,South Australia,Slope of power-law,-62.081804162417555,88
9212,2020-04-19,South Australia,Acceleration of power-law,-inf,88
9213,2020-04-19,South Australia,Growth Rate,0.09212344541685859,88
9214,2020-04-19,South Australia,Days since first case,88.0,88
9215,2020-04-19,South Australia,Average Growth Rate,3.2578279518523567,88
9216,2020-04-19,South Australia,Doubling time,286.6888597630074,88
9217,2020-04-19,Tasmania,Total cases,195.0,88
9218,2020-04-19,Tasmania,Total cases per million,378.6407766990291,88
9219,2020-04-19,Tasmania,New cases,7.0,88
9220,2020-04-19,Tasmania,css_per_prsn,13.592233009708737,88
9221,2020-04-19,Tasmania,New cases per week,62.0,88
9222,2020-04-19,Tasmania,log10(Total cases),2.290034611362518,88
9223,2020-04-19,Tasmania,log10(New cases per week),1.792391689498254,88
9224,2020-04-19,Tasmania,Slope of power-law,0.8227115333773259,88
9225,2020-04-19,Tasmania,Acceleration of power-law,-10.060786123796678,88
9226,2020-04-19,Tasmania,Growth Rate,3.3444816053511706,88
9227,2020-04-19,Tasmania,Days since first case,88.0,88
9228,2020-04-19,Tasmania,Average Growth Rate,0.14099675508470577,88
9229,2020-04-19,Tasmania,Doubling time,12.407714447454108,88
9230,2020-04-19,Victoria,Total cases,1328.0,88
9231,2020-04-19,Victoria,Total cases per million,208.8378675892436,88
9232,2020-04-19,Victoria,New cases,9.0,88
9233,2020-04-19,Victoria,css_per_prsn,1.4153168737222834,88
9234,2020-04-19,Victoria,New cases per week,60.0,88
9235,2020-04-19,Victoria,log10(Total cases),3.1231980750319988,88
9236,2020-04-19,Victoria,log10(New cases per week),1.7781512503836436,88
9237,2020-04-19,Victoria,Slope of power-law,-14.857479803929223,88
9238,2020-04-19,Victoria,Acceleration of power-law,1005.4374668715615,88
9239,2020-04-19,Victoria,Growth Rate,0.565144340919505,88
9240,2020-04-19,Victoria,Days since first case,88.0,88
9241,2020-04-19,Victoria,Average Growth Rate,1.1151016800683384,88
9242,2020-04-19,Victoria,Doubling time,98.12894784601379,88
9243,2020-04-19,Western Australia,Total cases,545.0,88
9244,2020-04-19,Western Australia,Total cases per million,210.5059868675164,88
9245,2020-04-19,Western Australia,New cases,1.0,88
9246,2020-04-19,Western Australia,css_per_prsn,0.3862495171881035,88
9247,2020-04-19,Western Australia,New cases per week,31.0,88
9248,2020-04-19,Western Australia,log10(Total cases),2.7363965022766426,88
9249,2020-04-19,Western Australia,log10(New cases per week),1.4913616938342726,88
9250,2020-04-19,Western Australia,Slope of power-law,-11.637873733248446,88
9251,2020-04-19,Western Australia,Acceleration of power-law,-3514.024163014023,88
9252,2020-04-19,Western Australia,Growth Rate,0.669393826701376,88
9253,2020-04-19,Western Australia,Days since first case,88.0,88
9254,2020-04-19,Western Australia,Average Growth Rate,0.8257168927313496,88
9255,2020-04-19,Western Australia,Doubling time,72.66308656035876,88
9256,2020-04-20,Australian Capital Territory,Total cases,104.0,89
9257,2020-04-20,Australian Capital Territory,Total cases per million,273.6842105263158,89
9258,2020-04-20,Australian Capital Territory,New cases,1.0,89
9259,2020-04-20,Australian Capital Territory,css_per_prsn,2.6315789473684212,89
9260,2020-04-20,Australian Capital Territory,New cases per week,2.0,89
9261,2020-04-20,Australian Capital Territory,log10(Total cases),2.0170333392987803,89
9262,2020-04-20,Australian Capital Territory,log10(New cases per week),0.3010299956639812,89
9263,2020-04-20,Australian Capital Territory,Slope of power-law,-185.44566241564675,89
9264,2020-04-20,Australian Capital Territory,Acceleration of power-law,-23514.89493377139,89
9265,2020-04-20,Australian Capital Territory,Growth Rate,0.1937984496124031,89
9266,2020-04-20,Australian Capital Territory,Days since first case,89.0,89
9267,2020-04-20,Australian Capital Territory,Average Growth Rate,8.932925885645666,89
9268,2020-04-20,Australian Capital Territory,Doubling time,795.0304038224643,89
9269,2020-04-20,New South Wales,Total cases,2963.0,89
9270,2020-04-20,New South Wales,Total cases per million,392.762460233298,89
9271,2020-04-20,New South Wales,New cases,6.0,89
9272,2020-04-20,New South Wales,css_per_prsn,0.7953340402969248,89
9273,2020-04-20,New South Wales,New cases per week,100.0,89
9274,2020-04-20,New South Wales,log10(Total cases),3.471731651480051,89
9275,2020-04-20,New South Wales,log10(New cases per week),2.0,89
9276,2020-04-20,New South Wales,Slope of power-law,-30.05896838766254,89
9277,2020-04-20,New South Wales,Acceleration of power-law,-6595.256321518966,89
9278,2020-04-20,New South Wales,Growth Rate,0.524558893657606,89
9279,2020-04-20,New South Wales,Days since first case,89.0,89
9280,2020-04-20,New South Wales,Average Growth Rate,1.4565780731077018,89
9281,2020-04-20,New South Wales,Doubling time,129.63544850658548,89
9282,2020-04-20,Northern Territory,Total cases,28.0,89
9283,2020-04-20,Northern Territory,Total cases per million,114.61318051575931,89
9284,2020-04-20,Northern Territory,New cases,0.0,89
9285,2020-04-20,Northern Territory,css_per_prsn,0.0,89
9286,2020-04-20,Northern Territory,New cases per week,0.0,89
9287,2020-04-20,Northern Territory,log10(Total cases),1.4471580313422192,89
9288,2020-04-20,Northern Territory,log10(New cases per week),0.0,89
9289,2020-04-20,Northern Territory,Slope of power-law,-inf,89
9290,2020-04-20,Northern Territory,Acceleration of power-law,0.0,89
9291,2020-04-20,Northern Territory,Growth Rate,0.0,89
9292,2020-04-20,Northern Territory,Days since first case,89.0,89
9293,2020-04-20,Northern Territory,Average Growth Rate,inf,89
9294,2020-04-20,Northern Territory,Doubling time,inf,89
9295,2020-04-20,Queensland,Total cases,1019.0,89
9296,2020-04-20,Queensland,Total cases per million,200.94655886412937,89
9297,2020-04-20,Queensland,New cases,0.0,89
9298,2020-04-20,Queensland,css_per_prsn,0.0,89
9299,2020-04-20,Queensland,New cases per week,32.0,89
9300,2020-04-20,Queensland,log10(Total cases),3.0081741840064264,89
9301,2020-04-20,Queensland,log10(New cases per week),1.505149978319906,89
9302,2020-04-20,Queensland,Slope of power-law,-19.395287248319796,89
9303,2020-04-20,Queensland,Acceleration of power-law,-inf,89
9304,2020-04-20,Queensland,Growth Rate,0.3951788184153329,89
9305,2020-04-20,Queensland,Days since first case,89.0,89
9306,2020-04-20,Queensland,Average Growth Rate,1.447809320497858,89
9307,2020-04-20,Queensland,Doubling time,128.85502952430934,89
9308,2020-04-20,South Australia,Total cases,435.0,89
9309,2020-04-20,South Australia,Total cases per million,259.391771019678,89
9310,2020-04-20,South Australia,New cases,0.0,89
9311,2020-04-20,South Australia,css_per_prsn,0.0,89
9312,2020-04-20,South Australia,New cases per week,6.0,89
9313,2020-04-20,South Australia,log10(Total cases),2.6384892569546374,89
9314,2020-04-20,South Australia,log10(New cases per week),0.7781512503836436,89
9315,2020-04-20,South Australia,Slope of power-law,-103.18642711140225,89
9316,2020-04-20,South Australia,Acceleration of power-law,-inf,89
9317,2020-04-20,South Australia,Growth Rate,0.09203865623561897,89
9318,2020-04-20,South Australia,Days since first case,89.0,89
9319,2020-04-20,South Australia,Average Growth Rate,3.752329325144457,89
9320,2020-04-20,South Australia,Doubling time,333.9573099378567,89
9321,2020-04-20,Tasmania,Total cases,200.0,89
9322,2020-04-20,Tasmania,Total cases per million,388.34951456310677,89
9323,2020-04-20,Tasmania,New cases,5.0,89
9324,2020-04-20,Tasmania,css_per_prsn,9.70873786407767,89
9325,2020-04-20,Tasmania,New cases per week,56.0,89
9326,2020-04-20,Tasmania,log10(Total cases),2.3010299956639813,89
9327,2020-04-20,Tasmania,log10(New cases per week),1.7481880270062005,89
9328,2020-04-20,Tasmania,Slope of power-law,0.3118588446325139,89
9329,2020-04-20,Tasmania,Acceleration of power-law,-46.46064882669187,89
9330,2020-04-20,Tasmania,Growth Rate,3.7553648068669525,89
9331,2020-04-20,Tasmania,Days since first case,89.0,89
9332,2020-04-20,Tasmania,Average Growth Rate,0.15386306811073533,89
9333,2020-04-20,Tasmania,Doubling time,13.693813061855444,89
9334,2020-04-20,Victoria,Total cases,1329.0,89
9335,2020-04-20,Victoria,Total cases per million,208.99512501965717,89
9336,2020-04-20,Victoria,New cases,1.0,89
9337,2020-04-20,Victoria,css_per_prsn,0.15725743041358703,89
9338,2020-04-20,Victoria,New cases per week,48.0,89
9339,2020-04-20,Victoria,log10(Total cases),3.123524980942732,89
9340,2020-04-20,Victoria,log10(New cases per week),1.6812412373755872,89
9341,2020-04-20,Victoria,Slope of power-law,-17.204313167808372,89
9342,2020-04-20,Victoria,Acceleration of power-law,-7178.926066568722,89
9343,2020-04-20,Victoria,Growth Rate,0.4561350159647255,89
9344,2020-04-20,Victoria,Days since first case,89.0,89
9345,2020-04-20,Victoria,Average Growth Rate,1.30366741855995,89
9346,2020-04-20,Victoria,Doubling time,116.02640025183554,89
9347,2020-04-20,Western Australia,Total cases,545.0,89
9348,2020-04-20,Western Australia,Total cases per million,210.5059868675164,89
9349,2020-04-20,Western Australia,New cases,0.0,89
9350,2020-04-20,Western Australia,css_per_prsn,0.0,89
9351,2020-04-20,Western Australia,New cases per week,28.0,89
9352,2020-04-20,Western Australia,log10(Total cases),2.7363965022766426,89
9353,2020-04-20,Western Australia,log10(New cases per week),1.4471580313422192,89
9354,2020-04-20,Western Australia,Slope of power-law,-17.92929650281292,89
9355,2020-04-20,Western Australia,Acceleration of power-law,-inf,89
9356,2020-04-20,Western Australia,Growth Rate,0.6649427410417437,89
9357,2020-04-20,Western Australia,Days since first case,89.0,89
9358,2020-04-20,Western Australia,Average Growth Rate,0.8548540321944714,89
9359,2020-04-20,Western Australia,Doubling time,76.08200886530796,89
9360,2020-04-21,Australian Capital Territory,Total cases,104.0,90
9361,2020-04-21,Australian Capital Territory,Total cases per million,273.6842105263158,90
9362,2020-04-21,Australian Capital Territory,New cases,0.0,90
9363,2020-04-21,Australian Capital Territory,css_per_prsn,0.0,90
9364,2020-04-21,Australian Capital Territory,New cases per week,1.0,90
9365,2020-04-21,Australian Capital Territory,log10(Total cases),2.0170333392987803,90
9366,2020-04-21,Australian Capital Territory,log10(New cases per week),0.0,90
9367,2020-04-21,Australian Capital Territory,Slope of power-law,-238.31570318009312,90
9368,2020-04-21,Australian Capital Territory,Acceleration of power-law,-inf,90
9369,2020-04-21,Australian Capital Territory,Growth Rate,0.19342359767891684,90
9370,2020-04-21,Australian Capital Territory,Days since first case,90.0,90
9371,2020-04-21,Australian Capital Territory,Average Growth Rate,5.961050827147259,90
9372,2020-04-21,Australian Capital Territory,Doubling time,536.4945744432533,90
9373,2020-04-21,New South Wales,Total cases,2969.0,90
9374,2020-04-21,New South Wales,Total cases per million,393.55779427359494,90
9375,2020-04-21,New South Wales,New cases,6.0,90
9376,2020-04-21,New South Wales,css_per_prsn,0.7953340402969248,90
9377,2020-04-21,New South Wales,New cases per week,99.0,90
9378,2020-04-21,New South Wales,log10(Total cases),3.472610197596045,90
9379,2020-04-21,New South Wales,log10(New cases per week),1.99563519459755,90
9380,2020-04-21,New South Wales,Slope of power-law,-33.86033759422429,90
9381,2020-04-21,New South Wales,Acceleration of power-law,-4326.886360724715,90
9382,2020-04-21,New South Wales,Growth Rate,0.48810250152532036,90
9383,2020-04-21,New South Wales,Days since first case,90.0,90
9384,2020-04-21,New South Wales,Average Growth Rate,1.3385502258372546,90
9385,2020-04-21,New South Wales,Doubling time,120.46952032535292,90
9386,2020-04-21,Northern Territory,Total cases,28.0,90
9387,2020-04-21,Northern Territory,Total cases per million,114.61318051575931,90
9388,2020-04-21,Northern Territory,New cases,0.0,90
9389,2020-04-21,Northern Territory,css_per_prsn,0.0,90
9390,2020-04-21,Northern Territory,New cases per week,0.0,90
9391,2020-04-21,Northern Territory,log10(Total cases),1.4471580313422192,90
9392,2020-04-21,Northern Territory,log10(New cases per week),0.0,90
9393,2020-04-21,Northern Territory,Slope of power-law,-inf,90
9394,2020-04-21,Northern Territory,Acceleration of power-law,0.0,90
9395,2020-04-21,Northern Territory,Growth Rate,0.0,90
9396,2020-04-21,Northern Territory,Days since first case,90.0,90
9397,2020-04-21,Northern Territory,Average Growth Rate,inf,90
9398,2020-04-21,Northern Territory,Doubling time,inf,90
9399,2020-04-21,Queensland,Total cases,1024.0,90
9400,2020-04-21,Queensland,Total cases per million,201.93255768093078,90
9401,2020-04-21,Queensland,New cases,5.0,90
9402,2020-04-21,Queensland,css_per_prsn,0.9859988168014199,90
9403,2020-04-21,Queensland,New cases per week,26.0,90
9404,2020-04-21,Queensland,log10(Total cases),3.010299956639812,90
9405,2020-04-21,Queensland,log10(New cases per week),1.414973347970818,90
9406,2020-04-21,Queensland,Slope of power-law,-20.89408843888241,90
9407,2020-04-21,Queensland,Acceleration of power-law,-705.0618523466088,90
9408,2020-04-21,Queensland,Growth Rate,0.45239968528717545,90
9409,2020-04-21,Queensland,Days since first case,90.0,90
9410,2020-04-21,Queensland,Average Growth Rate,1.5050744320038745,90
9411,2020-04-21,Queensland,Doubling time,135.4566988803487,90
9412,2020-04-21,South Australia,Total cases,437.0,90
9413,2020-04-21,South Australia,Total cases per million,260.5843768634466,90
9414,2020-04-21,South Australia,New cases,2.0,90
9415,2020-04-21,South Australia,css_per_prsn,1.1926058437686344,90
9416,2020-04-21,South Australia,New cases per week,4.0,90
9417,2020-04-21,South Australia,log10(Total cases),2.640481436970422,90
9418,2020-04-21,South Australia,log10(New cases per week),0.6020599913279624,90
9419,2020-04-21,South Australia,Slope of power-law,-92.26686572429426,90
9420,2020-04-21,South Australia,Acceleration of power-law,5481.212189957647,90
9421,2020-04-21,South Australia,Growth Rate,0.18373909049150208,90
9422,2020-04-21,South Australia,Days since first case,90.0,90
9423,2020-04-21,South Australia,Average Growth Rate,3.7592634180063724,90
9424,2020-04-21,South Australia,Doubling time,338.33370762057353,90
9425,2020-04-21,Tasmania,Total cases,201.0,90
9426,2020-04-21,Tasmania,Total cases per million,390.2912621359223,90
9427,2020-04-21,Tasmania,New cases,1.0,90
9428,2020-04-21,Tasmania,css_per_prsn,1.941747572815534,90
9429,2020-04-21,Tasmania,New cases per week,36.0,90
9430,2020-04-21,Tasmania,log10(Total cases),2.303196057420489,90
9431,2020-04-21,Tasmania,log10(New cases per week),1.5563025007672873,90
9432,2020-04-21,Tasmania,Slope of power-law,-0.9365965897084062,90
9433,2020-04-21,Tasmania,Acceleration of power-law,-576.3711171161272,90
9434,2020-04-21,Tasmania,Growth Rate,3.319502074688797,90
9435,2020-04-21,Tasmania,Days since first case,90.0,90
9436,2020-04-21,Tasmania,Average Growth Rate,0.1634385306978958,90
9437,2020-04-21,Tasmania,Doubling time,14.709467762810622,90
9438,2020-04-21,Victoria,Total cases,1336.0,90
9439,2020-04-21,Victoria,Total cases per million,210.09592703255228,90
9440,2020-04-21,Victoria,New cases,7.0,90
9441,2020-04-21,Victoria,css_per_prsn,1.1008020128951093,90
9442,2020-04-21,Victoria,New cases per week,45.0,90
9443,2020-04-21,Victoria,log10(Total cases),3.125806458139527,90
9444,2020-04-21,Victoria,log10(New cases per week),1.6532125137753437,90
9445,2020-04-21,Victoria,Slope of power-law,-22.047572553391085,90
9446,2020-04-21,Victoria,Acceleration of power-law,-2122.8611850193365,90
9447,2020-04-21,Victoria,Growth Rate,0.5594194133655882,90
9448,2020-04-21,Victoria,Days since first case,90.0,90
9449,2020-04-21,Victoria,Average Growth Rate,1.288494507764746,90
9450,2020-04-21,Victoria,Doubling time,115.96450569882714,90
9451,2020-04-21,Western Australia,Total cases,546.0,90
9452,2020-04-21,Western Australia,Total cases per million,210.89223638470452,90
9453,2020-04-21,Western Australia,New cases,1.0,90
9454,2020-04-21,Western Australia,css_per_prsn,0.3862495171881035,90
9455,2020-04-21,Western Australia,New cases per week,19.0,90
9456,2020-04-21,Western Australia,log10(Total cases),2.7371926427047373,90
9457,2020-04-21,Western Australia,log10(New cases per week),1.2787536009528289,90
9458,2020-04-21,Western Australia,Slope of power-law,-23.38361186163703,90
9459,2020-04-21,Western Australia,Acceleration of power-law,-6850.946348594594,90
9460,2020-04-21,Western Australia,Growth Rate,0.5145167217934582,90
9461,2020-04-21,Western Australia,Days since first case,90.0,90
9462,2020-04-21,Western Australia,Average Growth Rate,0.8930259034881838,90
9463,2020-04-21,Western Australia,Doubling time,80.37233131393654,90
9464,2020-04-22,Australian Capital Territory,Total cases,104.0,91
9465,2020-04-22,Australian Capital Territory,Total cases per million,273.6842105263158,91
9466,2020-04-22,Australian Capital Territory,New cases,0.0,91
9467,2020-04-22,Australian Capital Territory,css_per_prsn,0.0,91
9468,2020-04-22,Australian Capital Territory,New cases per week,1.0,91
9469,2020-04-22,Australian Capital Territory,log10(Total cases),2.0170333392987803,91
9470,2020-04-22,Australian Capital Territory,log10(New cases per week),0.0,91
9471,2020-04-22,Australian Capital Territory,Slope of power-law,-201.40013366211608,91
9472,2020-04-22,Australian Capital Territory,Acceleration of power-law,inf,91
9473,2020-04-22,Australian Capital Territory,Growth Rate,0.19305019305019308,91
9474,2020-04-22,Australian Capital Territory,Days since first case,91.0,91
9475,2020-04-22,Australian Capital Territory,Average Growth Rate,4.475110515550963,91
9476,2020-04-22,Australian Capital Territory,Doubling time,407.2350569151376,91
9477,2020-04-22,New South Wales,Total cases,2971.0,91
9478,2020-04-22,New South Wales,Total cases per million,393.8229056203606,91
9479,2020-04-22,New South Wales,New cases,2.0,91
9480,2020-04-22,New South Wales,css_per_prsn,0.2651113467656416,91
9481,2020-04-22,New South Wales,New cases per week,85.0,91
9482,2020-04-22,New South Wales,log10(Total cases),3.472902651803664,91
9483,2020-04-22,New South Wales,log10(New cases per week),1.9294189257142926,91
9484,2020-04-22,New South Wales,Slope of power-law,-30.193527607180993,91
9485,2020-04-22,New South Wales,Acceleration of power-law,12538.06541850106,91
9486,2020-04-22,New South Wales,Growth Rate,0.30413625304136255,91
9487,2020-04-22,New South Wales,Days since first case,91.0,91
9488,2020-04-22,New South Wales,Average Growth Rate,1.4347698113060257,91
9489,2020-04-22,New South Wales,Doubling time,130.56405282884833,91
9490,2020-04-22,Northern Territory,Total cases,28.0,91
9491,2020-04-22,Northern Territory,Total cases per million,114.61318051575931,91
9492,2020-04-22,Northern Territory,New cases,0.0,91
9493,2020-04-22,Northern Territory,css_per_prsn,0.0,91
9494,2020-04-22,Northern Territory,New cases per week,0.0,91
9495,2020-04-22,Northern Territory,log10(Total cases),1.4471580313422192,91
9496,2020-04-22,Northern Territory,log10(New cases per week),0.0,91
9497,2020-04-22,Northern Territory,Slope of power-law,0.0,91
9498,2020-04-22,Northern Territory,Acceleration of power-law,0.0,91
9499,2020-04-22,Northern Territory,Growth Rate,0.0,91
9500,2020-04-22,Northern Territory,Days since first case,91.0,91
9501,2020-04-22,Northern Territory,Average Growth Rate,inf,91
9502,2020-04-22,Northern Territory,Doubling time,inf,91
9503,2020-04-22,Queensland,Total cases,1024.0,91
9504,2020-04-22,Queensland,Total cases per million,201.93255768093078,91
9505,2020-04-22,Queensland,New cases,0.0,91
9506,2020-04-22,Queensland,css_per_prsn,0.0,91
9507,2020-04-22,Queensland,New cases per week,25.0,91
9508,2020-04-22,Queensland,log10(Total cases),3.010299956639812,91
9509,2020-04-22,Queensland,log10(New cases per week),1.3979400086720377,91
9510,2020-04-22,Queensland,Slope of power-law,-27.20960463345887,91
9511,2020-04-22,Queensland,Acceleration of power-law,-inf,91
9512,2020-04-22,Queensland,Growth Rate,0.3332679866692805,91
9513,2020-04-22,Queensland,Days since first case,91.0,91
9514,2020-04-22,Queensland,Average Growth Rate,1.6080813039098907,91
9515,2020-04-22,Queensland,Doubling time,146.33539865580005,91
9516,2020-04-22,South Australia,Total cases,438.0,91
9517,2020-04-22,South Australia,Total cases per million,261.18067978533094,91
9518,2020-04-22,South Australia,New cases,1.0,91
9519,2020-04-22,South Australia,css_per_prsn,0.5963029218843172,91
9520,2020-04-22,South Australia,New cases per week,5.0,91
9521,2020-04-22,South Australia,log10(Total cases),2.6414741105040997,91
9522,2020-04-22,South Australia,log10(New cases per week),0.6989700043360189,91
9523,2020-04-22,South Australia,Slope of power-law,-71.36138865119861,91
9524,2020-04-22,South Australia,Acceleration of power-law,21059.77077442725,91
9525,2020-04-22,South Australia,Growth Rate,0.13761467889908255,91
9526,2020-04-22,South Australia,Days since first case,91.0,91
9527,2020-04-22,South Australia,Average Growth Rate,4.431088138999355,91
9528,2020-04-22,South Australia,Doubling time,403.2290206489413,91
9529,2020-04-22,Tasmania,Total cases,205.0,91
9530,2020-04-22,Tasmania,Total cases per million,398.05825242718447,91
9531,2020-04-22,Tasmania,New cases,4.0,91
9532,2020-04-22,Tasmania,css_per_prsn,7.766990291262136,91
9533,2020-04-22,Tasmania,New cases per week,40.0,91
9534,2020-04-22,Tasmania,log10(Total cases),2.311753861055754,91
9535,2020-04-22,Tasmania,log10(New cases per week),1.6020599913279623,91
9536,2020-04-22,Tasmania,Slope of power-law,-0.5615164350915344,91
9537,2020-04-22,Tasmania,Acceleration of power-law,43.82902092672878,91
9538,2020-04-22,Tasmania,Growth Rate,2.5278058645096055,91
9539,2020-04-22,Tasmania,Days since first case,91.0,91
9540,2020-04-22,Tasmania,Average Growth Rate,0.19230450368659086,91
9541,2020-04-22,Tasmania,Doubling time,17.499709835479766,91
9542,2020-04-22,Victoria,Total cases,1336.0,91
9543,2020-04-22,Victoria,Total cases per million,210.09592703255228,91
9544,2020-04-22,Victoria,New cases,0.0,91
9545,2020-04-22,Victoria,css_per_prsn,0.0,91
9546,2020-04-22,Victoria,New cases per week,37.0,91
9547,2020-04-22,Victoria,log10(Total cases),3.125806458139527,91
9548,2020-04-22,Victoria,log10(New cases per week),1.568201724066995,91
9549,2020-04-22,Victoria,Slope of power-law,-24.49177529132932,91
9550,2020-04-22,Victoria,Acceleration of power-law,-inf,91
9551,2020-04-22,Victoria,Growth Rate,0.5114320096269556,91
9552,2020-04-22,Victoria,Days since first case,91.0,91
9553,2020-04-22,Victoria,Average Growth Rate,1.2951915521129032,91
9554,2020-04-22,Victoria,Doubling time,117.86243124227418,91
9555,2020-04-22,Western Australia,Total cases,546.0,91
9556,2020-04-22,Western Australia,Total cases per million,210.89223638470452,91
9557,2020-04-22,Western Australia,New cases,0.0,91
9558,2020-04-22,Western Australia,css_per_prsn,0.0,91
9559,2020-04-22,Western Australia,New cases per week,19.0,91
9560,2020-04-22,Western Australia,log10(Total cases),2.7371926427047373,91
9561,2020-04-22,Western Australia,log10(New cases per week),1.2787536009528289,91
9562,2020-04-22,Western Australia,Slope of power-law,-19.3132075011796,91
9563,2020-04-22,Western Australia,Acceleration of power-law,inf,91
9564,2020-04-22,Western Australia,Growth Rate,0.18341892883345562,91
9565,2020-04-22,Western Australia,Days since first case,91.0,91
9566,2020-04-22,Western Australia,Average Growth Rate,1.1388722751352278,91
9567,2020-04-22,Western Australia,Doubling time,103.63737703730573,91
9568,2020-04-23,Australian Capital Territory,Total cases,104.0,92
9569,2020-04-23,Australian Capital Territory,Total cases per million,273.6842105263158,92
9570,2020-04-23,Australian Capital Territory,New cases,0.0,92
9571,2020-04-23,Australian Capital Territory,css_per_prsn,0.0,92
9572,2020-04-23,Australian Capital Territory,New cases per week,1.0,92
9573,2020-04-23,Australian Capital Territory,log10(Total cases),2.0170333392987803,92
9574,2020-04-23,Australian Capital Territory,log10(New cases per week),0.0,92
9575,2020-04-23,Australian Capital Territory,Slope of power-law,-92.27271330519862,92
9576,2020-04-23,Australian Capital Territory,Acceleration of power-law,inf,92
9577,2020-04-23,Australian Capital Territory,Growth Rate,0.19267822736030832,92
9578,2020-04-23,Australian Capital Territory,Days since first case,92.0,92
9579,2020-04-23,Australian Capital Territory,Average Growth Rate,4.483774895827895,92
9580,2020-04-23,Australian Capital Territory,Doubling time,412.5072904161663,92
9581,2020-04-23,New South Wales,Total cases,2976.0,92
9582,2020-04-23,New South Wales,Total cases per million,394.4856839872747,92
9583,2020-04-23,New South Wales,New cases,5.0,92
9584,2020-04-23,New South Wales,css_per_prsn,0.662778366914104,92
9585,2020-04-23,New South Wales,New cases per week,79.0,92
9586,2020-04-23,New South Wales,log10(Total cases),3.473632926873841,92
9587,2020-04-23,New South Wales,log10(New cases per week),1.8976270912904414,92
9588,2020-04-23,New South Wales,Slope of power-law,-27.15279462262258,92
9589,2020-04-23,New South Wales,Acceleration of power-law,4163.818687964503,92
9590,2020-04-23,New South Wales,Growth Rate,0.26961445133459155,92
9591,2020-04-23,New South Wales,Days since first case,92.0,92
9592,2020-04-23,New South Wales,Average Growth Rate,1.5881691510312523,92
9593,2020-04-23,New South Wales,Doubling time,146.11156189487522,92
9594,2020-04-23,Northern Territory,Total cases,28.0,92
9595,2020-04-23,Northern Territory,Total cases per million,114.61318051575931,92
9596,2020-04-23,Northern Territory,New cases,0.0,92
9597,2020-04-23,Northern Territory,css_per_prsn,0.0,92
9598,2020-04-23,Northern Territory,New cases per week,0.0,92
9599,2020-04-23,Northern Territory,log10(Total cases),1.4471580313422192,92
9600,2020-04-23,Northern Territory,log10(New cases per week),0.0,92
9601,2020-04-23,Northern Territory,Slope of power-law,0.0,92
9602,2020-04-23,Northern Territory,Acceleration of power-law,0.0,92
9603,2020-04-23,Northern Territory,Growth Rate,0.0,92
9604,2020-04-23,Northern Territory,Days since first case,92.0,92
9605,2020-04-23,Northern Territory,Average Growth Rate,inf,92
9606,2020-04-23,Northern Territory,Doubling time,inf,92
9607,2020-04-23,Queensland,Total cases,1026.0,92
9608,2020-04-23,Queensland,Total cases per million,202.32695720765136,92
9609,2020-04-23,Queensland,New cases,2.0,92
9610,2020-04-23,Queensland,css_per_prsn,0.39439952672056794,92
9611,2020-04-23,Queensland,New cases per week,25.0,92
9612,2020-04-23,Queensland,log10(Total cases),3.0111473607757975,92
9613,2020-04-23,Queensland,log10(New cases per week),1.3979400086720377,92
9614,2020-04-23,Queensland,Slope of power-law,-25.050428622774938,92
9615,2020-04-23,Queensland,Acceleration of power-law,2547.9885204633574,92
9616,2020-04-23,Queensland,Growth Rate,0.2151799687010955,92
9617,2020-04-23,Queensland,Days since first case,92.0,92
9618,2020-04-23,Queensland,Average Growth Rate,1.912013617824999,92
9619,2020-04-23,Queensland,Doubling time,175.9052528398999,92
9620,2020-04-23,South Australia,Total cases,438.0,92
9621,2020-04-23,South Australia,Total cases per million,261.18067978533094,92
9622,2020-04-23,South Australia,New cases,0.0,92
9623,2020-04-23,South Australia,css_per_prsn,0.0,92
9624,2020-04-23,South Australia,New cases per week,5.0,92
9625,2020-04-23,South Australia,log10(Total cases),2.6414741105040997,92
9626,2020-04-23,South Australia,log10(New cases per week),0.6989700043360189,92
9627,2020-04-23,South Australia,Slope of power-law,-61.696097344215936,92
9628,2020-04-23,South Australia,Acceleration of power-law,inf,92
9629,2020-04-23,South Australia,Growth Rate,0.1374255611543747,92
9630,2020-04-23,South Australia,Days since first case,92.0,92
9631,2020-04-23,South Australia,Average Growth Rate,5.390437960973275,92
9632,2020-04-23,South Australia,Doubling time,495.9202924095413,92
9633,2020-04-23,Tasmania,Total cases,207.0,92
9634,2020-04-23,Tasmania,Total cases per million,401.94174757281553,92
9635,2020-04-23,Tasmania,New cases,2.0,92
9636,2020-04-23,Tasmania,css_per_prsn,3.883495145631068,92
9637,2020-04-23,Tasmania,New cases per week,38.0,92
9638,2020-04-23,Tasmania,log10(Total cases),2.315970345456918,92
9639,2020-04-23,Tasmania,log10(New cases per week),1.5797835966168101,92
9640,2020-04-23,Tasmania,Slope of power-law,-1.1651982628347348,92
9641,2020-04-23,Tasmania,Acceleration of power-law,-143.17183945388305,92
9642,2020-04-23,Tasmania,Growth Rate,1.8849206349206349,92
9643,2020-04-23,Tasmania,Days since first case,92.0,92
9644,2020-04-23,Tasmania,Average Growth Rate,0.23366493939602193,92
9645,2020-04-23,Tasmania,Doubling time,21.497174424434018,92
9646,2020-04-23,Victoria,Total cases,1337.0,92
9647,2020-04-23,Victoria,Total cases per million,210.25318446296586,92
9648,2020-04-23,Victoria,New cases,1.0,92
9649,2020-04-23,Victoria,css_per_prsn,0.15725743041358703,92
9650,2020-04-23,Victoria,New cases per week,38.0,92
9651,2020-04-23,Victoria,log10(Total cases),3.1261314072619846,92
9652,2020-04-23,Victoria,log10(New cases per week),1.5797835966168101,92
9653,2020-04-23,Victoria,Slope of power-law,-27.452044796323424,92
9654,2020-04-23,Victoria,Acceleration of power-law,-9109.947682290513,92
9655,2020-04-23,Victoria,Growth Rate,0.27002700270027,92
9656,2020-04-23,Victoria,Days since first case,92.0,92
9657,2020-04-23,Victoria,Average Growth Rate,1.467190688260723,92
9658,2020-04-23,Victoria,Doubling time,134.9815433199865,92
9659,2020-04-23,Western Australia,Total cases,546.0,92
9660,2020-04-23,Western Australia,Total cases per million,210.89223638470452,92
9661,2020-04-23,Western Australia,New cases,0.0,92
9662,2020-04-23,Western Australia,css_per_prsn,0.0,92
9663,2020-04-23,Western Australia,New cases per week,14.0,92
9664,2020-04-23,Western Australia,log10(Total cases),2.7371926427047373,92
9665,2020-04-23,Western Australia,log10(New cases per week),1.146128035678238,92
9666,2020-04-23,Western Australia,Slope of power-law,-25.725434877362158,92
9667,2020-04-23,Western Australia,Acceleration of power-law,-inf,92
9668,2020-04-23,Western Australia,Growth Rate,0.07331378299120235,92
9669,2020-04-23,Western Australia,Days since first case,92.0,92
9670,2020-04-23,Western Australia,Average Growth Rate,1.645972142937494,92
9671,2020-04-23,Western Australia,Doubling time,151.42943715024944,92
9672,2020-04-24,Australian Capital Territory,Total cases,105.0,93
9673,2020-04-24,Australian Capital Territory,Total cases per million,276.3157894736842,93
9674,2020-04-24,Australian Capital Territory,New cases,1.0,93
9675,2020-04-24,Australian Capital Territory,css_per_prsn,2.6315789473684212,93
9676,2020-04-24,Australian Capital Territory,New cases per week,2.0,93
9677,2020-04-24,Australian Capital Territory,log10(Total cases),2.0211892990699383,93
9678,2020-04-24,Australian Capital Territory,log10(New cases per week),0.3010299956639812,93
9679,2020-04-24,Australian Capital Territory,Slope of power-law,-65.1416666792935,93
9680,2020-04-24,Australian Capital Territory,Acceleration of power-law,6528.226479522768,93
9681,2020-04-24,Australian Capital Territory,Growth Rate,0.38387715930902117,93
9682,2020-04-24,Australian Capital Territory,Days since first case,93.0,93
9683,2020-04-24,Australian Capital Territory,Average Growth Rate,2.9958965552672874,93
9684,2020-04-24,Australian Capital Territory,Doubling time,278.6183796398577,93
9685,2020-04-24,New South Wales,Total cases,2982.0,93
9686,2020-04-24,New South Wales,Total cases per million,395.2810180275716,93
9687,2020-04-24,New South Wales,New cases,6.0,93
9688,2020-04-24,New South Wales,css_per_prsn,0.7953340402969248,93
9689,2020-04-24,New South Wales,New cases per week,56.0,93
9690,2020-04-24,New South Wales,log10(Total cases),3.474507639116976,93
9691,2020-04-24,New South Wales,log10(New cases per week),1.7481880270062005,93
9692,2020-04-24,New South Wales,Slope of power-law,-31.0740888498375,93
9693,2020-04-24,New South Wales,Acceleration of power-law,-4482.953403238137,93
9694,2020-04-24,New South Wales,Growth Rate,0.1682255568265931,93
9695,2020-04-24,New South Wales,Days since first case,93.0,93
9696,2020-04-24,New South Wales,Average Growth Rate,1.975186096221769,93
9697,2020-04-24,New South Wales,Doubling time,183.69230694862452,93
9698,2020-04-24,Northern Territory,Total cases,28.0,93
9699,2020-04-24,Northern Territory,Total cases per million,114.61318051575931,93
9700,2020-04-24,Northern Territory,New cases,0.0,93
9701,2020-04-24,Northern Territory,css_per_prsn,0.0,93
9702,2020-04-24,Northern Territory,New cases per week,0.0,93
9703,2020-04-24,Northern Territory,log10(Total cases),1.4471580313422192,93
9704,2020-04-24,Northern Territory,log10(New cases per week),0.0,93
9705,2020-04-24,Northern Territory,Slope of power-law,0.0,93
9706,2020-04-24,Northern Territory,Acceleration of power-law,0.0,93
9707,2020-04-24,Northern Territory,Growth Rate,0.0,93
9708,2020-04-24,Northern Territory,Days since first case,93.0,93
9709,2020-04-24,Northern Territory,Average Growth Rate,inf,93
9710,2020-04-24,Northern Territory,Doubling time,inf,93
9711,2020-04-24,Queensland,Total cases,1026.0,93
9712,2020-04-24,Queensland,Total cases per million,202.32695720765136,93
9713,2020-04-24,Queensland,New cases,0.0,93
9714,2020-04-24,Queensland,css_per_prsn,0.0,93
9715,2020-04-24,Queensland,New cases per week,19.0,93
9716,2020-04-24,Queensland,log10(Total cases),3.0111473607757975,93
9717,2020-04-24,Queensland,log10(New cases per week),1.2787536009528289,93
9718,2020-04-24,Queensland,Slope of power-law,-43.89067952123504,93
9719,2020-04-24,Queensland,Acceleration of power-law,-inf,93
9720,2020-04-24,Queensland,Growth Rate,0.1367454580972846,93
9721,2020-04-24,Queensland,Days since first case,93.0,93
9722,2020-04-24,Queensland,Average Growth Rate,2.2610904231585014,93
9723,2020-04-24,Queensland,Doubling time,210.28140935374063,93
9724,2020-04-24,South Australia,Total cases,438.0,93
9725,2020-04-24,South Australia,Total cases per million,261.18067978533094,93
9726,2020-04-24,South Australia,New cases,0.0,93
9727,2020-04-24,South Australia,css_per_prsn,0.0,93
9728,2020-04-24,South Australia,New cases per week,3.0,93
9729,2020-04-24,South Australia,log10(Total cases),2.6414741105040997,93
9730,2020-04-24,South Australia,log10(New cases per week),0.47712125471966244,93
9731,2020-04-24,South Australia,Slope of power-law,-173.5387610608608,93
9732,2020-04-24,South Australia,Acceleration of power-law,-inf,93
9733,2020-04-24,South Australia,Growth Rate,0.1372369624885636,93
9734,2020-04-24,South Australia,Days since first case,93.0,93
9735,2020-04-24,South Australia,Average Growth Rate,5.037004539362638,93
9736,2020-04-24,South Australia,Doubling time,468.4414221607253,93
9737,2020-04-24,Tasmania,Total cases,207.0,93
9738,2020-04-24,Tasmania,Total cases per million,401.94174757281553,93
9739,2020-04-24,Tasmania,New cases,0.0,93
9740,2020-04-24,Tasmania,css_per_prsn,0.0,93
9741,2020-04-24,Tasmania,New cases per week,27.0,93
9742,2020-04-24,Tasmania,log10(Total cases),2.315970345456918,93
9743,2020-04-24,Tasmania,log10(New cases per week),1.4313637641589874,93
9744,2020-04-24,Tasmania,Slope of power-law,-4.563572457204555,93
9745,2020-04-24,Tasmania,Acceleration of power-law,-inf,93
9746,2020-04-24,Tasmania,Growth Rate,1.1764705882352942,93
9747,2020-04-24,Tasmania,Days since first case,93.0,93
9748,2020-04-24,Tasmania,Average Growth Rate,0.2736669611921452,93
9749,2020-04-24,Tasmania,Doubling time,25.451027390869502,93
9750,2020-04-24,Victoria,Total cases,1343.0,93
9751,2020-04-24,Victoria,Total cases per million,211.1967290454474,93
9752,2020-04-24,Victoria,New cases,6.0,93
9753,2020-04-24,Victoria,css_per_prsn,0.9435445824815223,93
9754,2020-04-24,Victoria,New cases per week,41.0,93
9755,2020-04-24,Victoria,log10(Total cases),3.1280760126687155,93
9756,2020-04-24,Victoria,log10(New cases per week),1.6127838567197355,93
9757,2020-04-24,Victoria,Slope of power-law,-22.578503046807175,93
9758,2020-04-24,Victoria,Acceleration of power-law,2506.18543620589,93
9759,2020-04-24,Victoria,Growth Rate,0.22451728783116298,93
9760,2020-04-24,Victoria,Days since first case,93.0,93
9761,2020-04-24,Victoria,Average Growth Rate,1.7144116842963832,93
9762,2020-04-24,Victoria,Doubling time,159.44028663956365,93
9763,2020-04-24,Western Australia,Total cases,548.0,93
9764,2020-04-24,Western Australia,Total cases per million,211.66473541908073,93
9765,2020-04-24,Western Australia,New cases,2.0,93
9766,2020-04-24,Western Australia,css_per_prsn,0.772499034376207,93
9767,2020-04-24,Western Australia,New cases per week,7.0,93
9768,2020-04-24,Western Australia,log10(Total cases),2.738780558484369,93
9769,2020-04-24,Western Australia,log10(New cases per week),0.8450980400142568,93
9770,2020-04-24,Western Australia,Slope of power-law,-57.806720209573236,93
9771,2020-04-24,Western Australia,Acceleration of power-law,-20203.392235101885,93
9772,2020-04-24,Western Australia,Growth Rate,0.10984987184181619,93
9773,2020-04-24,Western Australia,Days since first case,93.0,93
9774,2020-04-24,Western Australia,Average Growth Rate,2.241682825277541,93
9775,2020-04-24,Western Australia,Doubling time,208.4765027508113,93
9776,2020-04-25,Australian Capital Territory,Total cases,106.0,94
9777,2020-04-25,Australian Capital Territory,Total cases per million,278.9473684210526,94
9778,2020-04-25,Australian Capital Territory,New cases,1.0,94
9779,2020-04-25,Australian Capital Territory,css_per_prsn,2.6315789473684212,94
9780,2020-04-25,Australian Capital Territory,New cases per week,3.0,94
9781,2020-04-25,Australian Capital Territory,log10(Total cases),2.0253058652647704,94
9782,2020-04-25,Australian Capital Territory,log10(New cases per week),0.47712125471966244,94
9783,2020-04-25,Australian Capital Territory,Slope of power-law,-10.020237251295349,94
9784,2020-04-25,Australian Capital Territory,Acceleration of power-law,13390.147715150693,94
9785,2020-04-25,Australian Capital Territory,Growth Rate,0.38240917782026773,94
9786,2020-04-25,Australian Capital Territory,Days since first case,94.0,94
9787,2020-04-25,Australian Capital Territory,Average Growth Rate,2.575915789346164,94
9788,2020-04-25,Australian Capital Territory,Doubling time,242.13608419853944,94
9789,2020-04-25,New South Wales,Total cases,2994.0,94
9790,2020-04-25,New South Wales,Total cases per million,396.8716861081655,94
9791,2020-04-25,New South Wales,New cases,12.0,94
9792,2020-04-25,New South Wales,css_per_prsn,1.5906680805938496,94
9793,2020-04-25,New South Wales,New cases per week,58.0,94
9794,2020-04-25,New South Wales,log10(Total cases),3.4762517960070336,94
9795,2020-04-25,New South Wales,log10(New cases per week),1.7634279935629373,94
9796,2020-04-25,New South Wales,Slope of power-law,-26.223960438732906,94
9797,2020-04-25,New South Wales,Acceleration of power-law,2780.7867736851704,94
9798,2020-04-25,New South Wales,Growth Rate,0.2081654579640075,94
9799,2020-04-25,New South Wales,Days since first case,94.0,94
9800,2020-04-25,New South Wales,Average Growth Rate,2.4096991685685545,94
9801,2020-04-25,New South Wales,Doubling time,226.51172184544413,94
9802,2020-04-25,Northern Territory,Total cases,28.0,94
9803,2020-04-25,Northern Territory,Total cases per million,114.61318051575931,94
9804,2020-04-25,Northern Territory,New cases,0.0,94
9805,2020-04-25,Northern Territory,css_per_prsn,0.0,94
9806,2020-04-25,Northern Territory,New cases per week,0.0,94
9807,2020-04-25,Northern Territory,log10(Total cases),1.4471580313422192,94
9808,2020-04-25,Northern Territory,log10(New cases per week),0.0,94
9809,2020-04-25,Northern Territory,Slope of power-law,0.0,94
9810,2020-04-25,Northern Territory,Acceleration of power-law,0.0,94
9811,2020-04-25,Northern Territory,Growth Rate,0.0,94
9812,2020-04-25,Northern Territory,Days since first case,94.0,94
9813,2020-04-25,Northern Territory,Average Growth Rate,inf,94
9814,2020-04-25,Northern Territory,Doubling time,inf,94
9815,2020-04-25,Queensland,Total cases,1026.0,94
9816,2020-04-25,Queensland,Total cases per million,202.32695720765136,94
9817,2020-04-25,Queensland,New cases,0.0,94
9818,2020-04-25,Queensland,css_per_prsn,0.0,94
9819,2020-04-25,Queensland,New cases per week,11.0,94
9820,2020-04-25,Queensland,log10(Total cases),3.0111473607757975,94
9821,2020-04-25,Queensland,log10(New cases per week),1.0413926851582251,94
9822,2020-04-25,Queensland,Slope of power-law,-61.025998931343544,94
9823,2020-04-25,Queensland,Acceleration of power-law,-inf,94
9824,2020-04-25,Queensland,Growth Rate,0.13655872024970736,94
9825,2020-04-25,Queensland,Days since first case,94.0,94
9826,2020-04-25,Queensland,Average Growth Rate,2.7200337127073664,94
9827,2020-04-25,Queensland,Doubling time,255.68316899449243,94
9828,2020-04-25,South Australia,Total cases,438.0,94
9829,2020-04-25,South Australia,Total cases per million,261.18067978533094,94
9830,2020-04-25,South Australia,New cases,0.0,94
9831,2020-04-25,South Australia,css_per_prsn,0.0,94
9832,2020-04-25,South Australia,New cases per week,3.0,94
9833,2020-04-25,South Australia,log10(Total cases),2.6414741105040997,94
9834,2020-04-25,South Australia,log10(New cases per week),0.47712125471966244,94
9835,2020-04-25,South Australia,Slope of power-law,-156.06053548042362,94
9836,2020-04-25,South Australia,Acceleration of power-law,inf,94
9837,2020-04-25,South Australia,Growth Rate,0.1370488807674737,94
9838,2020-04-25,South Australia,Days since first case,94.0,94
9839,2020-04-25,South Australia,Average Growth Rate,4.727732303567922,94
9840,2020-04-25,South Australia,Doubling time,444.4068365353847,94
9841,2020-04-25,Tasmania,Total cases,207.0,94
9842,2020-04-25,Tasmania,Total cases per million,401.94174757281553,94
9843,2020-04-25,Tasmania,New cases,0.0,94
9844,2020-04-25,Tasmania,css_per_prsn,0.0,94
9845,2020-04-25,Tasmania,New cases per week,19.0,94
9846,2020-04-25,Tasmania,log10(Total cases),2.315970345456918,94
9847,2020-04-25,Tasmania,log10(New cases per week),1.2787536009528289,94
9848,2020-04-25,Tasmania,Slope of power-law,-5.557327659861413,94
9849,2020-04-25,Tasmania,Acceleration of power-law,-inf,94
9850,2020-04-25,Tasmania,Growth Rate,0.6815968841285296,94
9851,2020-04-25,Tasmania,Days since first case,94.0,94
9852,2020-04-25,Tasmania,Average Growth Rate,0.36137944918506937,94
9853,2020-04-25,Tasmania,Doubling time,33.96966822339652,94
9854,2020-04-25,Victoria,Total cases,1346.0,94
9855,2020-04-25,Victoria,Total cases per million,211.66850133668817,94
9856,2020-04-25,Victoria,New cases,3.0,94
9857,2020-04-25,Victoria,css_per_prsn,0.47177229124076114,94
9858,2020-04-25,Victoria,New cases per week,27.0,94
9859,2020-04-25,Victoria,log10(Total cases),3.1290450598879582,94
9860,2020-04-25,Victoria,log10(New cases per week),1.4313637641589874,94
9861,2020-04-25,Victoria,Slope of power-law,-32.92034790773793,94
9862,2020-04-25,Victoria,Acceleration of power-law,-10672.178461037649,94
9863,2020-04-25,Victoria,Growth Rate,0.2538071065989848,94
9864,2020-04-25,Victoria,Days since first case,94.0,94
9865,2020-04-25,Victoria,Average Growth Rate,1.9050849440555278,94
9866,2020-04-25,Victoria,Doubling time,179.0779847412196,94
9867,2020-04-25,Western Australia,Total cases,549.0,94
9868,2020-04-25,Western Australia,Total cases per million,212.05098493626883,94
9869,2020-04-25,Western Australia,New cases,1.0,94
9870,2020-04-25,Western Australia,css_per_prsn,0.3862495171881035,94
9871,2020-04-25,Western Australia,New cases per week,5.0,94
9872,2020-04-25,Western Australia,log10(Total cases),2.739572344450092,94
9873,2020-04-25,Western Australia,log10(New cases per week),0.6989700043360189,94
9874,2020-04-25,Western Australia,Slope of power-law,-54.26204928900043,94
9875,2020-04-25,Western Australia,Acceleration of power-law,4476.804432037841,94
9876,2020-04-25,Western Australia,Growth Rate,0.14625228519195613,94
9877,2020-04-25,Western Australia,Days since first case,94.0,94
9878,2020-04-25,Western Australia,Average Growth Rate,3.3734662352550955,94
9879,2020-04-25,Western Australia,Doubling time,317.105826113979,94
9880,2020-04-26,Australian Capital Territory,Total cases,106.0,95
9881,2020-04-26,Australian Capital Territory,Total cases per million,278.9473684210526,95
9882,2020-04-26,Australian Capital Territory,New cases,0.0,95
9883,2020-04-26,Australian Capital Territory,css_per_prsn,0.0,95
9884,2020-04-26,Australian Capital Territory,New cases per week,3.0,95
9885,2020-04-26,Australian Capital Territory,log10(Total cases),2.0253058652647704,95
9886,2020-04-26,Australian Capital Territory,log10(New cases per week),0.47712125471966244,95
9887,2020-04-26,Australian Capital Territory,Slope of power-law,0.0,95
9888,2020-04-26,Australian Capital Territory,Acceleration of power-law,inf,95
9889,2020-04-26,Australian Capital Territory,Growth Rate,0.38095238095238093,95
9890,2020-04-26,Australian Capital Territory,Days since first case,95.0,95
9891,2020-04-26,Australian Capital Territory,Average Growth Rate,2.2608024763066314,95
9892,2020-04-26,Australian Capital Territory,Doubling time,214.77623524913,95
9893,2020-04-26,New South Wales,Total cases,3002.0,95
9894,2020-04-26,New South Wales,Total cases per million,397.932131495228,95
9895,2020-04-26,New South Wales,New cases,8.0,95
9896,2020-04-26,New South Wales,css_per_prsn,1.0604453870625663,95
9897,2020-04-26,New South Wales,New cases per week,45.0,95
9898,2020-04-26,New South Wales,log10(Total cases),3.4774106879072515,95
9899,2020-04-26,New South Wales,log10(New cases per week),1.6532125137753437,95
9900,2020-04-26,New South Wales,Slope of power-law,-28.470035254931595,95
9901,2020-04-26,New South Wales,Acceleration of power-law,-1938.1228014246894,95
9902,2020-04-26,New South Wales,Growth Rate,0.22110552763819094,95
9903,2020-04-26,New South Wales,Days since first case,95.0,95
9904,2020-04-26,New South Wales,Average Growth Rate,2.959013062574569,95
9905,2020-04-26,New South Wales,Doubling time,281.1062409445841,95
9906,2020-04-26,Northern Territory,Total cases,28.0,95
9907,2020-04-26,Northern Territory,Total cases per million,114.61318051575931,95
9908,2020-04-26,Northern Territory,New cases,0.0,95
9909,2020-04-26,Northern Territory,css_per_prsn,0.0,95
9910,2020-04-26,Northern Territory,New cases per week,0.0,95
9911,2020-04-26,Northern Territory,log10(Total cases),1.4471580313422192,95
9912,2020-04-26,Northern Territory,log10(New cases per week),0.0,95
9913,2020-04-26,Northern Territory,Slope of power-law,0.0,95
9914,2020-04-26,Northern Territory,Acceleration of power-law,0.0,95
9915,2020-04-26,Northern Territory,Growth Rate,0.0,95
9916,2020-04-26,Northern Territory,Days since first case,95.0,95
9917,2020-04-26,Northern Territory,Average Growth Rate,inf,95
9918,2020-04-26,Northern Territory,Doubling time,inf,95
9919,2020-04-26,Queensland,Total cases,1030.0,95
9920,2020-04-26,Queensland,Total cases per million,203.11575626109249,95
9921,2020-04-26,Queensland,New cases,4.0,95
9922,2020-04-26,Queensland,css_per_prsn,0.7887990534411359,95
9923,2020-04-26,Queensland,New cases per week,11.0,95
9924,2020-04-26,Queensland,log10(Total cases),3.012837224705172,95
9925,2020-04-26,Queensland,log10(New cases per week),1.0413926851582251,95
9926,2020-04-26,Queensland,Slope of power-law,-51.58759632262174,95
9927,2020-04-26,Queensland,Acceleration of power-law,5585.3033162351785,95
9928,2020-04-26,Queensland,Growth Rate,0.11691348402182383,95
9929,2020-04-26,Queensland,Days since first case,95.0,95
9930,2020-04-26,Queensland,Average Growth Rate,3.6921943632569953,95
9931,2020-04-26,Queensland,Doubling time,350.7584645094146,95
9932,2020-04-26,South Australia,Total cases,438.0,95
9933,2020-04-26,South Australia,Total cases per million,261.18067978533094,95
9934,2020-04-26,South Australia,New cases,0.0,95
9935,2020-04-26,South Australia,css_per_prsn,0.0,95
9936,2020-04-26,South Australia,New cases per week,3.0,95
9937,2020-04-26,South Australia,log10(Total cases),2.6414741105040997,95
9938,2020-04-26,South Australia,log10(New cases per week),0.47712125471966244,95
9939,2020-04-26,South Australia,Slope of power-law,-127.7165557547114,95
9940,2020-04-26,South Australia,Acceleration of power-law,inf,95
9941,2020-04-26,South Australia,Growth Rate,0.04566210045662101,95
9942,2020-04-26,South Australia,Days since first case,95.0,95
9943,2020-04-26,South Australia,Average Growth Rate,5.824881900783976,95
9944,2020-04-26,South Australia,Doubling time,553.3637805744777,95
9945,2020-04-26,Tasmania,Total cases,212.0,95
9946,2020-04-26,Tasmania,Total cases per million,411.6504854368932,95
9947,2020-04-26,Tasmania,New cases,5.0,95
9948,2020-04-26,Tasmania,css_per_prsn,9.70873786407767,95
9949,2020-04-26,Tasmania,New cases per week,17.0,95
9950,2020-04-26,Tasmania,log10(Total cases),2.326335860928751,95
9951,2020-04-26,Tasmania,log10(New cases per week),1.2304489213782739,95
9952,2020-04-26,Tasmania,Slope of power-law,-5.413749514306768,95
9953,2020-04-26,Tasmania,Acceleration of power-law,13.85152006620372,95
9954,2020-04-26,Tasmania,Growth Rate,1.0597302504816957,95
9955,2020-04-26,Tasmania,Days since first case,95.0,95
9956,2020-04-26,Tasmania,Average Growth Rate,0.47278145432875834,95
9957,2020-04-26,Tasmania,Doubling time,44.91423816123204,95
9958,2020-04-26,Victoria,Total cases,1349.0,95
9959,2020-04-26,Victoria,Total cases per million,212.14027362792893,95
9960,2020-04-26,Victoria,New cases,3.0,95
9961,2020-04-26,Victoria,css_per_prsn,0.47177229124076114,95
9962,2020-04-26,Victoria,New cases per week,21.0,95
9963,2020-04-26,Victoria,log10(Total cases),3.1300119496719043,95
9964,2020-04-26,Victoria,log10(New cases per week),1.3222192947339193,95
9965,2020-04-26,Victoria,Slope of power-law,-32.25297505154935,95
9966,2020-04-26,Victoria,Acceleration of power-law,690.2264014672644,95
9967,2020-04-26,Victoria,Growth Rate,0.19371181642080165,95
9968,2020-04-26,Victoria,Days since first case,95.0,95
9969,2020-04-26,Victoria,Average Growth Rate,2.38441506207464,95
9970,2020-04-26,Victoria,Doubling time,226.51943089709079,95
9971,2020-04-26,Western Australia,Total cases,549.0,95
9972,2020-04-26,Western Australia,Total cases per million,212.05098493626883,95
9973,2020-04-26,Western Australia,New cases,0.0,95
9974,2020-04-26,Western Australia,css_per_prsn,0.0,95
9975,2020-04-26,Western Australia,New cases per week,4.0,95
9976,2020-04-26,Western Australia,log10(Total cases),2.739572344450092,95
9977,2020-04-26,Western Australia,log10(New cases per week),0.6020599913279624,95
9978,2020-04-26,Western Australia,Slope of power-law,-70.72411172812303,95
9979,2020-04-26,Western Australia,Acceleration of power-law,-inf,95
9980,2020-04-26,Western Australia,Growth Rate,0.1095690284879474,95
9981,2020-04-26,Western Australia,Days since first case,95.0,95
9982,2020-04-26,Western Australia,Average Growth Rate,5.568306878501189,95
9983,2020-04-26,Western Australia,Doubling time,528.9891534576129,95
9984,2020-04-27,Australian Capital Territory,Total cases,106.0,96
9985,2020-04-27,Australian Capital Territory,Total cases per million,278.9473684210526,96
9986,2020-04-27,Australian Capital Territory,New cases,0.0,96
9987,2020-04-27,Australian Capital Territory,css_per_prsn,0.0,96
9988,2020-04-27,Australian Capital Territory,New cases per week,2.0,96
9989,2020-04-27,Australian Capital Territory,log10(Total cases),2.0253058652647704,96
9990,2020-04-27,Australian Capital Territory,log10(New cases per week),0.3010299956639812,96
9991,2020-04-27,Australian Capital Territory,Slope of power-law,24.1429684515404,96
9992,2020-04-27,Australian Capital Territory,Acceleration of power-law,inf,96
9993,2020-04-27,Australian Capital Territory,Growth Rate,0.3795066413662239,96
9994,2020-04-27,Australian Capital Territory,Days since first case,96.0,96
9995,2020-04-27,Australian Capital Territory,Average Growth Rate,2.0156382228263454,96
9996,2020-04-27,Australian Capital Territory,Doubling time,193.50126939132917,96
9997,2020-04-27,New South Wales,Total cases,3004.0,96
9998,2020-04-27,New South Wales,Total cases per million,398.19724284199367,96
9999,2020-04-27,New South Wales,New cases,2.0,96
10000,2020-04-27,New South Wales,css_per_prsn,0.2651113467656416,96
10001,2020-04-27,New South Wales,New cases per week,41.0,96
10002,2020-04-27,New South Wales,log10(Total cases),3.4776999283321306,96
10003,2020-04-27,New South Wales,log10(New cases per week),1.6127838567197355,96
10004,2020-04-27,New South Wales,Slope of power-law,-35.381008532314716,96
10005,2020-04-27,New South Wales,Acceleration of power-law,-23893.52484277342,96
10006,2020-04-27,New South Wales,Growth Rate,0.2206177296430004,96
10007,2020-04-27,New South Wales,Days since first case,96.0,96
10008,2020-04-27,New South Wales,Average Growth Rate,3.186213463175156,96
10009,2020-04-27,New South Wales,Doubling time,305.876492464815,96
10010,2020-04-27,Northern Territory,Total cases,28.0,96
10011,2020-04-27,Northern Territory,Total cases per million,114.61318051575931,96
10012,2020-04-27,Northern Territory,New cases,0.0,96
10013,2020-04-27,Northern Territory,css_per_prsn,0.0,96
10014,2020-04-27,Northern Territory,New cases per week,0.0,96
10015,2020-04-27,Northern Territory,log10(Total cases),1.4471580313422192,96
10016,2020-04-27,Northern Territory,log10(New cases per week),0.0,96
10017,2020-04-27,Northern Territory,Slope of power-law,0.0,96
10018,2020-04-27,Northern Territory,Acceleration of power-law,0.0,96
10019,2020-04-27,Northern Territory,Growth Rate,0.0,96
10020,2020-04-27,Northern Territory,Days since first case,96.0,96
10021,2020-04-27,Northern Territory,Average Growth Rate,inf,96
10022,2020-04-27,Northern Territory,Doubling time,inf,96
10023,2020-04-27,Queensland,Total cases,1033.0,96
10024,2020-04-27,Queensland,Total cases per million,203.70735555117335,96
10025,2020-04-27,Queensland,New cases,3.0,96
10026,2020-04-27,Queensland,css_per_prsn,0.5915992900808519,96
10027,2020-04-27,Queensland,New cases per week,14.0,96
10028,2020-04-27,Queensland,log10(Total cases),3.0141003215196207,96
10029,2020-04-27,Queensland,log10(New cases per week),1.146128035678238,96
10030,2020-04-27,Queensland,Slope of power-law,-43.097071416176334,96
10031,2020-04-27,Queensland,Acceleration of power-law,6721.990594324538,96
10032,2020-04-27,Queensland,Growth Rate,0.17506321727290408,96
10033,2020-04-27,Queensland,Days since first case,96.0,96
10034,2020-04-27,Queensland,Average Growth Rate,4.440627496124554,96
10035,2020-04-27,Queensland,Doubling time,426.3002396279572,96
10036,2020-04-27,South Australia,Total cases,438.0,96
10037,2020-04-27,South Australia,Total cases per million,261.18067978533094,96
10038,2020-04-27,South Australia,New cases,0.0,96
10039,2020-04-27,South Australia,css_per_prsn,0.0,96
10040,2020-04-27,South Australia,New cases per week,3.0,96
10041,2020-04-27,South Australia,log10(Total cases),2.6414741105040997,96
10042,2020-04-27,South Australia,log10(New cases per week),0.47712125471966244,96
10043,2020-04-27,South Australia,Slope of power-law,-123.28135340538918,96
10044,2020-04-27,South Australia,Acceleration of power-law,inf,96
10045,2020-04-27,South Australia,Growth Rate,0.0,96
10046,2020-04-27,South Australia,Days since first case,96.0,96
10047,2020-04-27,South Australia,Average Growth Rate,7.577474134202604,96
10048,2020-04-27,South Australia,Doubling time,727.43751688345,96
10049,2020-04-27,Tasmania,Total cases,214.0,96
10050,2020-04-27,Tasmania,Total cases per million,415.53398058252424,96
10051,2020-04-27,Tasmania,New cases,2.0,96
10052,2020-04-27,Tasmania,css_per_prsn,3.883495145631068,96
10053,2020-04-27,Tasmania,New cases per week,14.0,96
10054,2020-04-27,Tasmania,log10(Total cases),2.330413773349191,96
10055,2020-04-27,Tasmania,log10(New cases per week),1.146128035678238,96
10056,2020-04-27,Tasmania,Slope of power-law,-8.215192161312837,96
10057,2020-04-27,Tasmania,Acceleration of power-law,-686.9796008772464,96
10058,2020-04-27,Tasmania,Growth Rate,0.8595988538681949,96
10059,2020-04-27,Tasmania,Days since first case,96.0,96
10060,2020-04-27,Tasmania,Average Growth Rate,0.6120702484980328,96
10061,2020-04-27,Tasmania,Doubling time,58.75874385581115,96
10062,2020-04-27,Victoria,Total cases,1349.0,96
10063,2020-04-27,Victoria,Total cases per million,212.14027362792893,96
10064,2020-04-27,Victoria,New cases,0.0,96
10065,2020-04-27,Victoria,css_per_prsn,0.0,96
10066,2020-04-27,Victoria,New cases per week,20.0,96
10067,2020-04-27,Victoria,log10(Total cases),3.1300119496719043,96
10068,2020-04-27,Victoria,log10(New cases per week),1.3010299956639813,96
10069,2020-04-27,Victoria,Slope of power-law,-31.4460701338496,96
10070,2020-04-27,Victoria,Acceleration of power-law,inf,96
10071,2020-04-27,Victoria,Growth Rate,0.19333729922665083,96
10072,2020-04-27,Victoria,Days since first case,96.0,96
10073,2020-04-27,Victoria,Average Growth Rate,3.0524346816792183,96
10074,2020-04-27,Victoria,Doubling time,293.03372944120497,96
10075,2020-04-27,Western Australia,Total cases,549.0,96
10076,2020-04-27,Western Australia,Total cases per million,212.05098493626883,96
10077,2020-04-27,Western Australia,New cases,0.0,96
10078,2020-04-27,Western Australia,css_per_prsn,0.0,96
10079,2020-04-27,Western Australia,New cases per week,4.0,96
10080,2020-04-27,Western Australia,log10(Total cases),2.739572344450092,96
10081,2020-04-27,Western Australia,log10(New cases per week),0.6020599913279624,96
10082,2020-04-27,Western Australia,Slope of power-law,-147.76413002285716,96
10083,2020-04-27,Western Australia,Acceleration of power-law,-inf,96
10084,2020-04-27,Western Australia,Growth Rate,0.10944910616563297,96
10085,2020-04-27,Western Australia,Days since first case,96.0,96
10086,2020-04-27,Western Australia,Average Growth Rate,6.319330003029273,96
10087,2020-04-27,Western Australia,Doubling time,606.6556802908102,96
10088,2020-04-28,Australian Capital Territory,Total cases,106.0,97
10089,2020-04-28,Australian Capital Territory,Total cases per million,278.9473684210526,97
10090,2020-04-28,Australian Capital Territory,New cases,0.0,97
10091,2020-04-28,Australian Capital Territory,css_per_prsn,0.0,97
10092,2020-04-28,Australian Capital Territory,New cases per week,2.0,97
10093,2020-04-28,Australian Capital Territory,log10(Total cases),2.0253058652647704,97
10094,2020-04-28,Australian Capital Territory,log10(New cases per week),0.3010299956639812,97
10095,2020-04-28,Australian Capital Territory,Slope of power-law,24.1429684515404,97
10096,2020-04-28,Australian Capital Territory,Acceleration of power-law,0.0,97
10097,2020-04-28,Australian Capital Territory,Growth Rate,0.3780718336483932,97
10098,2020-04-28,Australian Capital Territory,Days since first case,97.0,97
10099,2020-04-28,Australian Capital Territory,Average Growth Rate,1.8194585366830993,97
10100,2020-04-28,Australian Capital Territory,Doubling time,176.48747805826062,97
10101,2020-04-28,New South Wales,Total cases,3016.0,97
10102,2020-04-28,New South Wales,Total cases per million,399.7879109225875,97
10103,2020-04-28,New South Wales,New cases,12.0,97
10104,2020-04-28,New South Wales,css_per_prsn,1.5906680805938496,97
10105,2020-04-28,New South Wales,New cases per week,47.0,97
10106,2020-04-28,New South Wales,log10(Total cases),3.4794313371977363,97
10107,2020-04-28,New South Wales,log10(New cases per week),1.6720978579357175,97
10108,2020-04-28,New South Wales,Slope of power-law,-19.316805965098325,97
10109,2020-04-28,New South Wales,Acceleration of power-law,9278.110379547026,97
10110,2020-04-28,New South Wales,Growth Rate,0.26670222696359513,97
10111,2020-04-28,New South Wales,Days since first case,97.0,97
10112,2020-04-28,New South Wales,Average Growth Rate,3.1947669544862722,97
10113,2020-04-28,New South Wales,Doubling time,309.8923945851684,97
10114,2020-04-28,Northern Territory,Total cases,28.0,97
10115,2020-04-28,Northern Territory,Total cases per million,114.61318051575931,97
10116,2020-04-28,Northern Territory,New cases,0.0,97
10117,2020-04-28,Northern Territory,css_per_prsn,0.0,97
10118,2020-04-28,Northern Territory,New cases per week,0.0,97
10119,2020-04-28,Northern Territory,log10(Total cases),1.4471580313422192,97
10120,2020-04-28,Northern Territory,log10(New cases per week),0.0,97
10121,2020-04-28,Northern Territory,Slope of power-law,0.0,97
10122,2020-04-28,Northern Territory,Acceleration of power-law,0.0,97
10123,2020-04-28,Northern Territory,Growth Rate,0.0,97
10124,2020-04-28,Northern Territory,Days since first case,97.0,97
10125,2020-04-28,Northern Territory,Average Growth Rate,inf,97
10126,2020-04-28,Northern Territory,Doubling time,inf,97
10127,2020-04-28,Queensland,Total cases,1034.0,97
10128,2020-04-28,Queensland,Total cases per million,203.90455531453364,97
10129,2020-04-28,Queensland,New cases,1.0,97
10130,2020-04-28,Queensland,css_per_prsn,0.19719976336028397,97
10131,2020-04-28,Queensland,New cases per week,10.0,97
10132,2020-04-28,Queensland,log10(Total cases),3.0145205387579237,97
10133,2020-04-28,Queensland,log10(New cases per week),1.0,97
10134,2020-04-28,Queensland,Slope of power-law,-76.07972218480134,97
10135,2020-04-28,Queensland,Acceleration of power-law,-78489.52342322412,97
10136,2020-04-28,Queensland,Growth Rate,0.1553699747523791,97
10137,2020-04-28,Queensland,Days since first case,97.0,97
10138,2020-04-28,Queensland,Average Growth Rate,4.809174764267354,97
10139,2020-04-28,Queensland,Doubling time,466.48995213393334,97
10140,2020-04-28,South Australia,Total cases,438.0,97
10141,2020-04-28,South Australia,Total cases per million,261.18067978533094,97
10142,2020-04-28,South Australia,New cases,0.0,97
10143,2020-04-28,South Australia,css_per_prsn,0.0,97
10144,2020-04-28,South Australia,New cases per week,1.0,97
10145,2020-04-28,South Australia,log10(Total cases),2.6414741105040997,97
10146,2020-04-28,South Australia,log10(New cases per week),0.0,97
10147,2020-04-28,South Australia,Slope of power-law,-260.6999765612679,97
10148,2020-04-28,South Australia,Acceleration of power-law,-inf,97
10149,2020-04-28,South Australia,Growth Rate,0.0,97
10150,2020-04-28,South Australia,Days since first case,97.0,97
10151,2020-04-28,South Australia,Average Growth Rate,10.832186831967848,97
10152,2020-04-28,South Australia,Doubling time,1050.7221227008813,97
10153,2020-04-28,Tasmania,Total cases,218.0,97
10154,2020-04-28,Tasmania,Total cases per million,423.3009708737864,97
10155,2020-04-28,Tasmania,New cases,4.0,97
10156,2020-04-28,Tasmania,css_per_prsn,7.766990291262136,97
10157,2020-04-28,Tasmania,New cases per week,17.0,97
10158,2020-04-28,Tasmania,log10(Total cases),2.3384564936046046,97
10159,2020-04-28,Tasmania,log10(New cases per week),1.2304489213782739,97
10160,2020-04-28,Tasmania,Slope of power-law,-7.930396874501782,97
10161,2020-04-28,Tasmania,Acceleration of power-law,35.410318619419364,97
10162,2020-04-28,Tasmania,Growth Rate,1.0396975425330812,97
10163,2020-04-28,Tasmania,Days since first case,97.0,97
10164,2020-04-28,Tasmania,Average Growth Rate,0.7194660965730995,97
10165,2020-04-28,Tasmania,Doubling time,69.78821136759065,97
10166,2020-04-28,Victoria,Total cases,1354.0,97
10167,2020-04-28,Victoria,Total cases per million,212.92656077999686,97
10168,2020-04-28,Victoria,New cases,5.0,97
10169,2020-04-28,Victoria,css_per_prsn,0.7862871520679352,97
10170,2020-04-28,Victoria,New cases per week,18.0,97
10171,2020-04-28,Victoria,log10(Total cases),3.1316186643491255,97
10172,2020-04-28,Victoria,log10(New cases per week),1.255272505103306,97
10173,2020-04-28,Victoria,Slope of power-law,-41.9488973359595,97
10174,2020-04-28,Victoria,Acceleration of power-law,-6536.8340446572665,97
10175,2020-04-28,Victoria,Growth Rate,0.2521881026553924,97
10176,2020-04-28,Victoria,Days since first case,97.0,97
10177,2020-04-28,Victoria,Average Growth Rate,3.1011586862974765,97
10178,2020-04-28,Victoria,Doubling time,300.8123925708552,97
10179,2020-04-28,Western Australia,Total cases,550.0,97
10180,2020-04-28,Western Australia,Total cases per million,212.43723445345694,97
10181,2020-04-28,Western Australia,New cases,1.0,97
10182,2020-04-28,Western Australia,css_per_prsn,0.3862495171881035,97
10183,2020-04-28,Western Australia,New cases per week,4.0,97
10184,2020-04-28,Western Australia,log10(Total cases),2.7403626894942437,97
10185,2020-04-28,Western Australia,log10(New cases per week),0.6020599913279624,97
10186,2020-04-28,Western Australia,Slope of power-law,-183.6901502486011,97
10187,2020-04-28,Western Australia,Acceleration of power-law,-45456.1213378664,97
10188,2020-04-28,Western Australia,Growth Rate,0.14571948998178508,97
10189,2020-04-28,Western Australia,Days since first case,97.0,97
10190,2020-04-28,Western Australia,Average Growth Rate,5.582335419102971,97
10191,2020-04-28,Western Australia,Doubling time,541.4865356529881,97
10192,2020-04-29,Australian Capital Territory,Total cases,106.0,98
10193,2020-04-29,Australian Capital Territory,Total cases per million,278.9473684210526,98
10194,2020-04-29,Australian Capital Territory,New cases,0.0,98
10195,2020-04-29,Australian Capital Territory,css_per_prsn,0.0,98
10196,2020-04-29,Australian Capital Territory,New cases per week,2.0,98
10197,2020-04-29,Australian Capital Territory,log10(Total cases),2.0253058652647704,98
10198,2020-04-29,Australian Capital Territory,log10(New cases per week),0.3010299956639812,98
10199,2020-04-29,Australian Capital Territory,Slope of power-law,24.1429684515404,98
10200,2020-04-29,Australian Capital Territory,Acceleration of power-law,0.0,98
10201,2020-04-29,Australian Capital Territory,Growth Rate,0.18867924528301888,98
10202,2020-04-29,Australian Capital Territory,Days since first case,98.0,98
10203,2020-04-29,Australian Capital Territory,Average Growth Rate,2.0271974849771826,98
10204,2020-04-29,Australian Capital Territory,Doubling time,198.6653535277639,98
10205,2020-04-29,New South Wales,Total cases,3016.0,98
10206,2020-04-29,New South Wales,Total cases per million,399.7879109225875,98
10207,2020-04-29,New South Wales,New cases,0.0,98
10208,2020-04-29,New South Wales,css_per_prsn,0.0,98
10209,2020-04-29,New South Wales,New cases per week,45.0,98
10210,2020-04-29,New South Wales,log10(Total cases),3.4794313371977363,98
10211,2020-04-29,New South Wales,log10(New cases per week),1.6532125137753437,98
10212,2020-04-29,New South Wales,Slope of power-law,-40.41806224503309,98
10213,2020-04-29,New South Wales,Acceleration of power-law,-inf,98
10214,2020-04-29,New South Wales,Growth Rate,0.22618414050026608,98
10215,2020-04-29,New South Wales,Days since first case,98.0,98
10216,2020-04-29,New South Wales,Average Growth Rate,3.0327366734177272,98
10217,2020-04-29,New South Wales,Doubling time,297.2081939949373,98
10218,2020-04-29,Northern Territory,Total cases,28.0,98
10219,2020-04-29,Northern Territory,Total cases per million,114.61318051575931,98
10220,2020-04-29,Northern Territory,New cases,0.0,98
10221,2020-04-29,Northern Territory,css_per_prsn,0.0,98
10222,2020-04-29,Northern Territory,New cases per week,0.0,98
10223,2020-04-29,Northern Territory,log10(Total cases),1.4471580313422192,98
10224,2020-04-29,Northern Territory,log10(New cases per week),0.0,98
10225,2020-04-29,Northern Territory,Slope of power-law,0.0,98
10226,2020-04-29,Northern Territory,Acceleration of power-law,0.0,98
10227,2020-04-29,Northern Territory,Growth Rate,0.0,98
10228,2020-04-29,Northern Territory,Days since first case,98.0,98
10229,2020-04-29,Northern Territory,Average Growth Rate,inf,98
10230,2020-04-29,Northern Territory,Doubling time,inf,98
10231,2020-04-29,Queensland,Total cases,1033.0,98
10232,2020-04-29,Queensland,Total cases per million,203.70735555117335,98
10233,2020-04-29,Queensland,New cases,-1.0,98
10234,2020-04-29,Queensland,css_per_prsn,-0.19719976336028397,98
10235,2020-04-29,Queensland,New cases per week,9.0,98
10236,2020-04-29,Queensland,log10(Total cases),3.0141003215196207,98
10237,2020-04-29,Queensland,log10(New cases per week),0.9542425094393249,98
10238,2020-04-29,Queensland,Slope of power-law,-101.59399608724983,98
10239,2020-04-29,Queensland,Acceleration of power-law,60716.86636532496,98
10240,2020-04-29,Queensland,Growth Rate,0.13576415826221877,98
10241,2020-04-29,Queensland,Days since first case,98.0,98
10242,2020-04-29,Queensland,Average Growth Rate,4.815732277188503,98
10243,2020-04-29,Queensland,Doubling time,471.9417631644733,98
10244,2020-04-29,South Australia,Total cases,438.0,98
10245,2020-04-29,South Australia,Total cases per million,261.18067978533094,98
10246,2020-04-29,South Australia,New cases,0.0,98
10247,2020-04-29,South Australia,css_per_prsn,0.0,98
10248,2020-04-29,South Australia,New cases per week,0.0,98
10249,2020-04-29,South Australia,log10(Total cases),2.6414741105040997,98
10250,2020-04-29,South Australia,log10(New cases per week),0.0,98
10251,2020-04-29,South Australia,Slope of power-law,-260.6999765612679,98
10252,2020-04-29,South Australia,Acceleration of power-law,0.0,98
10253,2020-04-29,South Australia,Growth Rate,0.0,98
10254,2020-04-29,South Australia,Days since first case,98.0,98
10255,2020-04-29,South Australia,Average Growth Rate,18.96840507111348,98
10256,2020-04-29,South Australia,Doubling time,1858.903696969121,98
10257,2020-04-29,Tasmania,Total cases,219.0,98
10258,2020-04-29,Tasmania,Total cases per million,425.24271844660194,98
10259,2020-04-29,Tasmania,New cases,1.0,98
10260,2020-04-29,Tasmania,css_per_prsn,1.941747572815534,98
10261,2020-04-29,Tasmania,New cases per week,14.0,98
10262,2020-04-29,Tasmania,log10(Total cases),2.3404441148401185,98
10263,2020-04-29,Tasmania,log10(New cases per week),1.146128035678238,98
10264,2020-04-29,Tasmania,Slope of power-law,-12.820274139521763,98
10265,2020-04-29,Tasmania,Acceleration of power-law,-2460.165537402174,98
10266,2020-04-29,Tasmania,Growth Rate,1.1214953271028036,98
10267,2020-04-29,Tasmania,Days since first case,98.0,98
10268,2020-04-29,Tasmania,Average Growth Rate,0.7277718188184997,98
10269,2020-04-29,Tasmania,Doubling time,71.32163824421298,98
10270,2020-04-29,Victoria,Total cases,1361.0,98
10271,2020-04-29,Victoria,Total cases per million,214.02736279289198,98
10272,2020-04-29,Victoria,New cases,7.0,98
10273,2020-04-29,Victoria,css_per_prsn,1.1008020128951093,98
10274,2020-04-29,Victoria,New cases per week,25.0,98
10275,2020-04-29,Victoria,log10(Total cases),3.133858125203335,98
10276,2020-04-29,Victoria,log10(New cases per week),1.3979400086720377,98
10277,2020-04-29,Victoria,Slope of power-law,-35.66692797881567,98
10278,2020-04-29,Victoria,Acceleration of power-law,2805.1257718285624,98
10279,2020-04-29,Victoria,Growth Rate,0.2663115845539281,98
10280,2020-04-29,Victoria,Days since first case,98.0,98
10281,2020-04-29,Victoria,Average Growth Rate,2.989363209807143,98
10282,2020-04-29,Victoria,Doubling time,292.95759456110005,98
10283,2020-04-29,Western Australia,Total cases,551.0,98
10284,2020-04-29,Western Australia,Total cases per million,212.82348397064504,98
10285,2020-04-29,Western Australia,New cases,1.0,98
10286,2020-04-29,Western Australia,css_per_prsn,0.3862495171881035,98
10287,2020-04-29,Western Australia,New cases per week,5.0,98
10288,2020-04-29,Western Australia,log10(Total cases),2.741151598851785,98
10289,2020-04-29,Western Australia,log10(New cases per week),0.6989700043360189,98
10290,2020-04-29,Western Australia,Slope of power-law,-166.64050392594297,98
10291,2020-04-29,Western Australia,Acceleration of power-law,21611.666992764796,98
10292,2020-04-29,Western Australia,Growth Rate,0.10917030567685589,98
10293,2020-04-29,Western Australia,Days since first case,98.0,98
10294,2020-04-29,Western Australia,Average Growth Rate,5.588452493654741,98
10295,2020-04-29,Western Australia,Doubling time,547.6683443781646,98
10296,2020-04-30,Australian Capital Territory,Total cases,106.0,99
10297,2020-04-30,Australian Capital Territory,Total cases per million,278.9473684210526,99
10298,2020-04-30,Australian Capital Territory,New cases,0.0,99
10299,2020-04-30,Australian Capital Territory,css_per_prsn,0.0,99
10300,2020-04-30,Australian Capital Territory,New cases per week,2.0,99
10301,2020-04-30,Australian Capital Territory,log10(Total cases),2.0253058652647704,99
10302,2020-04-30,Australian Capital Territory,log10(New cases per week),0.3010299956639812,99
10303,2020-04-30,Australian Capital Territory,Slope of power-law,0.0,99
10304,2020-04-30,Australian Capital Territory,Acceleration of power-law,-inf,99
10305,2020-04-30,Australian Capital Territory,Growth Rate,0.0,99
10306,2020-04-30,Australian Capital Territory,Days since first case,99.0,99
10307,2020-04-30,Australian Capital Territory,Average Growth Rate,2.6112940969448926,99
10308,2020-04-30,Australian Capital Territory,Doubling time,258.51811559754435,99
10309,2020-04-30,New South Wales,Total cases,3025.0,99
10310,2020-04-30,New South Wales,Total cases per million,400.9809119830329,99
10311,2020-04-30,New South Wales,New cases,9.0,99
10312,2020-04-30,New South Wales,css_per_prsn,1.1930010604453871,99
10313,2020-04-30,New South Wales,New cases per week,49.0,99
10314,2020-04-30,New South Wales,log10(Total cases),3.4807253789884878,99
10315,2020-04-30,New South Wales,log10(New cases per week),1.6901960800285136,99
10316,2020-04-30,New South Wales,Slope of power-law,-34.44666515422719,99
10317,2020-04-30,New South Wales,Acceleration of power-law,4614.531874846478,99
10318,2020-04-30,New South Wales,Growth Rate,0.2058022970191861,99
10319,2020-04-30,New South Wales,Days since first case,99.0,99
10320,2020-04-30,New South Wales,Average Growth Rate,3.0390211086518497,99
10321,2020-04-30,New South Wales,Doubling time,300.8630897565331,99
10322,2020-04-30,Northern Territory,Total cases,28.0,99
10323,2020-04-30,Northern Territory,Total cases per million,114.61318051575931,99
10324,2020-04-30,Northern Territory,New cases,0.0,99
10325,2020-04-30,Northern Territory,css_per_prsn,0.0,99
10326,2020-04-30,Northern Territory,New cases per week,0.0,99
10327,2020-04-30,Northern Territory,log10(Total cases),1.4471580313422192,99
10328,2020-04-30,Northern Territory,log10(New cases per week),0.0,99
10329,2020-04-30,Northern Territory,Slope of power-law,0.0,99
10330,2020-04-30,Northern Territory,Acceleration of power-law,0.0,99
10331,2020-04-30,Northern Territory,Growth Rate,0.0,99
10332,2020-04-30,Northern Territory,Days since first case,99.0,99
10333,2020-04-30,Northern Territory,Average Growth Rate,inf,99
10334,2020-04-30,Northern Territory,Doubling time,inf,99
10335,2020-04-30,Queensland,Total cases,1033.0,99
10336,2020-04-30,Queensland,Total cases per million,203.70735555117335,99
10337,2020-04-30,Queensland,New cases,0.0,99
10338,2020-04-30,Queensland,css_per_prsn,0.0,99
10339,2020-04-30,Queensland,New cases per week,7.0,99
10340,2020-04-30,Queensland,log10(Total cases),3.0141003215196207,99
10341,2020-04-30,Queensland,log10(New cases per week),0.8450980400142568,99
10342,2020-04-30,Queensland,Slope of power-law,-111.3797877346037,99
10343,2020-04-30,Queensland,Acceleration of power-law,-inf,99
10344,2020-04-30,Queensland,Growth Rate,0.1355800890954871,99
10345,2020-04-30,Queensland,Days since first case,99.0,99
10346,2020-04-30,Queensland,Average Growth Rate,4.822289790972751,99
10347,2020-04-30,Queensland,Doubling time,477.4066893063023,99
10348,2020-04-30,South Australia,Total cases,438.0,99
10349,2020-04-30,South Australia,Total cases per million,261.18067978533094,99
10350,2020-04-30,South Australia,New cases,0.0,99
10351,2020-04-30,South Australia,css_per_prsn,0.0,99
10352,2020-04-30,South Australia,New cases per week,0.0,99
10353,2020-04-30,South Australia,log10(Total cases),2.6414741105040997,99
10354,2020-04-30,South Australia,log10(New cases per week),0.0,99
10355,2020-04-30,South Australia,Slope of power-law,-260.6999765612679,99
10356,2020-04-30,South Australia,Acceleration of power-law,0.0,99
10357,2020-04-30,South Australia,Growth Rate,0.0,99
10358,2020-04-30,South Australia,Days since first case,99.0,99
10359,2020-04-30,South Australia,Average Growth Rate,75.89961627127126,99
10360,2020-04-30,South Australia,Doubling time,7514.062010855854,99
10361,2020-04-30,Tasmania,Total cases,221.0,99
10362,2020-04-30,Tasmania,Total cases per million,429.126213592233,99
10363,2020-04-30,Tasmania,New cases,2.0,99
10364,2020-04-30,Tasmania,css_per_prsn,3.883495145631068,99
10365,2020-04-30,Tasmania,New cases per week,14.0,99
10366,2020-04-30,Tasmania,log10(Total cases),2.3443922736851106,99
10367,2020-04-30,Tasmania,log10(New cases per week),1.146128035678238,99
10368,2020-04-30,Tasmania,Slope of power-law,-13.884417950426723,99
10369,2020-04-30,Tasmania,Acceleration of power-law,-269.52912805287264,99
10370,2020-04-30,Tasmania,Growth Rate,1.2915129151291511,99
10371,2020-04-30,Tasmania,Days since first case,99.0,99
10372,2020-04-30,Tasmania,Average Growth Rate,0.6451439676652443,99
10373,2020-04-30,Tasmania,Doubling time,63.869252798859186,99
10374,2020-04-30,Victoria,Total cases,1364.0,99
10375,2020-04-30,Victoria,Total cases per million,214.49913508413272,99
10376,2020-04-30,Victoria,New cases,3.0,99
10377,2020-04-30,Victoria,css_per_prsn,0.47177229124076114,99
10378,2020-04-30,Victoria,New cases per week,27.0,99
10379,2020-04-30,Victoria,log10(Total cases),3.13481437032046,99
10380,2020-04-30,Victoria,log10(New cases per week),1.4313637641589874,99
10381,2020-04-30,Victoria,Slope of power-law,-22.13383424523968,99
10382,2020-04-30,Victoria,Acceleration of power-law,14152.327150449468,99
10383,2020-04-30,Victoria,Growth Rate,0.2656042496679947,99
10384,2020-04-30,Victoria,Days since first case,99.0,99
10385,2020-04-30,Victoria,Average Growth Rate,2.9592510520534647,99
10386,2020-04-30,Victoria,Doubling time,292.965854153293,99
10387,2020-04-30,Western Australia,Total cases,551.0,99
10388,2020-04-30,Western Australia,Total cases per million,212.82348397064504,99
10389,2020-04-30,Western Australia,New cases,0.0,99
10390,2020-04-30,Western Australia,css_per_prsn,0.0,99
10391,2020-04-30,Western Australia,New cases per week,5.0,99
10392,2020-04-30,Western Australia,log10(Total cases),2.741151598851785,99
10393,2020-04-30,Western Australia,log10(New cases per week),0.6989700043360189,99
10394,2020-04-30,Western Australia,Slope of power-law,-157.34444404713182,99
10395,2020-04-30,Western Australia,Acceleration of power-law,inf,99
10396,2020-04-30,Western Australia,Growth Rate,0.07272727272727274,99
10397,2020-04-30,Western Australia,Days since first case,99.0,99
10398,2020-04-30,Western Australia,Average Growth Rate,6.3401257063742245,99
10399,2020-04-30,Western Australia,Doubling time,627.6724449310482,99
10400,2020-05-01,Australian Capital Territory,Total cases,106.0,100
10401,2020-05-01,Australian Capital Territory,Total cases per million,278.9473684210526,100
10402,2020-05-01,Australian Capital Territory,New cases,0.0,100
10403,2020-05-01,Australian Capital Territory,css_per_prsn,0.0,100
10404,2020-05-01,Australian Capital Territory,New cases per week,1.0,100
10405,2020-05-01,Australian Capital Territory,log10(Total cases),2.0253058652647704,100
10406,2020-05-01,Australian Capital Territory,log10(New cases per week),0.0,100
10407,2020-05-01,Australian Capital Territory,Slope of power-law,0.0,100
10408,2020-05-01,Australian Capital Territory,Acceleration of power-law,0.0,100
10409,2020-05-01,Australian Capital Territory,Growth Rate,0.0,100
10410,2020-05-01,Australian Capital Territory,Days since first case,100.0,100
10411,2020-05-01,Australian Capital Territory,Average Growth Rate,3.662570807569971,100
10412,2020-05-01,Australian Capital Territory,Doubling time,366.2570807569971,100
10413,2020-05-01,New South Wales,Total cases,3030.0,100
10414,2020-05-01,New South Wales,Total cases per million,401.643690349947,100
10415,2020-05-01,New South Wales,New cases,5.0,100
10416,2020-05-01,New South Wales,css_per_prsn,0.662778366914104,100
10417,2020-05-01,New South Wales,New cases per week,48.0,100
10418,2020-05-01,New South Wales,log10(Total cases),3.481442628502305,100
10419,2020-05-01,New South Wales,log10(New cases per week),1.6812412373755872,100
10420,2020-05-01,New South Wales,Slope of power-law,-35.59540522407449,100
10421,2020-05-01,New South Wales,Acceleration of power-law,-1601.5905869827593,100
10422,2020-05-01,New South Wales,Growth Rate,0.18554105095752435,100
10423,2020-05-01,New South Wales,Days since first case,100.0,100
10424,2020-05-01,New South Wales,Average Growth Rate,3.136845650702112,100
10425,2020-05-01,New South Wales,Doubling time,313.6845650702112,100
10426,2020-05-01,Northern Territory,Total cases,27.0,100
10427,2020-05-01,Northern Territory,Total cases per million,110.51985264019649,100
10428,2020-05-01,Northern Territory,New cases,-1.0,100
10429,2020-05-01,Northern Territory,css_per_prsn,-4.093327875562832,100
10430,2020-05-01,Northern Territory,New cases per week,-1.0,100
10431,2020-05-01,Northern Territory,log10(Total cases),1.4313637641589874,100
10432,2020-05-01,Northern Territory,log10(New cases per week),0.0,100
10433,2020-05-01,Northern Territory,Slope of power-law,0.0,100
10434,2020-05-01,Northern Territory,Acceleration of power-law,0.0,100
10435,2020-05-01,Northern Territory,Growth Rate,-0.7194244604316548,100
10436,2020-05-01,Northern Territory,Days since first case,100.0,100
10437,2020-05-01,Northern Territory,Average Growth Rate,-4.817372904891494,100
10438,2020-05-01,Northern Territory,Doubling time,-481.7372904891494,100
10439,2020-05-01,Queensland,Total cases,1034.0,100
10440,2020-05-01,Queensland,Total cases per million,203.90455531453364,100
10441,2020-05-01,Queensland,New cases,1.0,100
10442,2020-05-01,Queensland,css_per_prsn,0.19719976336028397,100
10443,2020-05-01,Queensland,New cases per week,8.0,100
10444,2020-05-01,Queensland,log10(Total cases),3.0145205387579237,100
10445,2020-05-01,Queensland,log10(New cases per week),0.9030899869919435,100
10446,2020-05-01,Queensland,Slope of power-law,-121.28264458645435,100
10447,2020-05-01,Queensland,Acceleration of power-law,-23566.041440476096,100
10448,2020-05-01,Queensland,Growth Rate,0.0774143603638475,100
10449,2020-05-01,Queensland,Days since first case,100.0,100
10450,2020-05-01,Queensland,Average Growth Rate,5.102735198056925,100
10451,2020-05-01,Queensland,Doubling time,510.27351980569244,100
10452,2020-05-01,South Australia,Total cases,438.0,100
10453,2020-05-01,South Australia,Total cases per million,261.18067978533094,100
10454,2020-05-01,South Australia,New cases,0.0,100
10455,2020-05-01,South Australia,css_per_prsn,0.0,100
10456,2020-05-01,South Australia,New cases per week,0.0,100
10457,2020-05-01,South Australia,log10(Total cases),2.6414741105040997,100
10458,2020-05-01,South Australia,log10(New cases per week),0.0,100
10459,2020-05-01,South Australia,Slope of power-law,-606.5035189337117,100
10460,2020-05-01,South Australia,Acceleration of power-law,-inf,100
10461,2020-05-01,South Australia,Growth Rate,0.0,100
10462,2020-05-01,South Australia,Days since first case,100.0,100
10463,2020-05-01,South Australia,Average Growth Rate,134735684233404.03,100
10464,2020-05-01,South Australia,Doubling time,1.3473568423340404e+16,100
10465,2020-05-01,Tasmania,Total cases,221.0,100
10466,2020-05-01,Tasmania,Total cases per million,429.126213592233,100
10467,2020-05-01,Tasmania,New cases,0.0,100
10468,2020-05-01,Tasmania,css_per_prsn,0.0,100
10469,2020-05-01,Tasmania,New cases per week,14.0,100
10470,2020-05-01,Tasmania,log10(Total cases),2.3443922736851106,100
10471,2020-05-01,Tasmania,log10(New cases per week),1.146128035678238,100
10472,2020-05-01,Tasmania,Slope of power-law,-9.956605297300047,100
10473,2020-05-01,Tasmania,Acceleration of power-law,inf,100
10474,2020-05-01,Tasmania,Growth Rate,0.8234217749313816,100
10475,2020-05-01,Tasmania,Days since first case,100.0,100
10476,2020-05-01,Tasmania,Average Growth Rate,0.6748287630053529,100
10477,2020-05-01,Tasmania,Doubling time,67.48287630053528,100
10478,2020-05-01,Victoria,Total cases,1371.0,100
10479,2020-05-01,Victoria,Total cases per million,215.59993709702783,100
10480,2020-05-01,Victoria,New cases,7.0,100
10481,2020-05-01,Victoria,css_per_prsn,1.1008020128951093,100
10482,2020-05-01,Victoria,New cases per week,28.0,100
10483,2020-05-01,Victoria,log10(Total cases),3.1370374547895126,100
10484,2020-05-01,Victoria,log10(New cases per week),1.4471580313422192,100
10485,2020-05-01,Victoria,Slope of power-law,-18.34694540963918,100
10486,2020-05-01,Victoria,Acceleration of power-law,1703.4390228161233,100
10487,2020-05-01,Victoria,Growth Rate,0.3235769966171496,100
10488,2020-05-01,Victoria,Days since first case,100.0,100
10489,2020-05-01,Victoria,Average Growth Rate,2.6638642069995293,100
10490,2020-05-01,Victoria,Doubling time,266.3864206999529,100
10491,2020-05-01,Western Australia,Total cases,551.0,100
10492,2020-05-01,Western Australia,Total cases per million,212.82348397064504,100
10493,2020-05-01,Western Australia,New cases,0.0,100
10494,2020-05-01,Western Australia,css_per_prsn,0.0,100
10495,2020-05-01,Western Australia,New cases per week,3.0,100
10496,2020-05-01,Western Australia,log10(Total cases),2.741151598851785,100
10497,2020-05-01,Western Australia,log10(New cases per week),0.47712125471966244,100
10498,2020-05-01,Western Australia,Slope of power-law,-202.48578576223238,100
10499,2020-05-01,Western Australia,Acceleration of power-law,-inf,100
10500,2020-05-01,Western Australia,Growth Rate,0.07267441860465117,100
10501,2020-05-01,Western Australia,Days since first case,100.0,100
10502,2020-05-01,Western Australia,Average Growth Rate,6.799018852590776,100
10503,2020-05-01,Western Australia,Doubling time,679.9018852590776,100
10504,2020-05-02,Australian Capital Territory,Total cases,106.0,101
10505,2020-05-02,Australian Capital Territory,Total cases per million,278.9473684210526,101
10506,2020-05-02,Australian Capital Territory,New cases,0.0,101
10507,2020-05-02,Australian Capital Territory,css_per_prsn,0.0,101
10508,2020-05-02,Australian Capital Territory,New cases per week,0.0,101
10509,2020-05-02,Australian Capital Territory,log10(Total cases),2.0253058652647704,101
10510,2020-05-02,Australian Capital Territory,log10(New cases per week),0.0,101
10511,2020-05-02,Australian Capital Territory,Slope of power-law,0.0,101
10512,2020-05-02,Australian Capital Territory,Acceleration of power-law,0.0,101
10513,2020-05-02,Australian Capital Territory,Growth Rate,0.0,101
10514,2020-05-02,Australian Capital Territory,Days since first case,101.0,101
10515,2020-05-02,Australian Capital Territory,Average Growth Rate,6.1150936127628,101
10516,2020-05-02,Australian Capital Territory,Doubling time,617.6244548890428,101
10517,2020-05-02,New South Wales,Total cases,3035.0,101
10518,2020-05-02,New South Wales,Total cases per million,402.3064687168611,101
10519,2020-05-02,New South Wales,New cases,5.0,101
10520,2020-05-02,New South Wales,css_per_prsn,0.662778366914104,101
10521,2020-05-02,New South Wales,New cases per week,41.0,101
10522,2020-05-02,New South Wales,log10(Total cases),3.482158695411276,101
10523,2020-05-02,New South Wales,log10(New cases per week),1.6127838567197355,101
10524,2020-05-02,New South Wales,Slope of power-law,-34.20846772309399,101
10525,2020-05-02,New South Wales,Acceleration of power-law,1936.8825505046068,101
10526,2020-05-02,New South Wales,Growth Rate,0.2049993387118106,101
10527,2020-05-02,New South Wales,Days since first case,101.0,101
10528,2020-05-02,New South Wales,Average Growth Rate,3.181824694803716,101
10529,2020-05-02,New South Wales,Doubling time,321.3642941751753,101
10530,2020-05-02,Northern Territory,Total cases,29.0,101
10531,2020-05-02,Northern Territory,Total cases per million,118.70650839132215,101
10532,2020-05-02,Northern Territory,New cases,2.0,101
10533,2020-05-02,Northern Territory,css_per_prsn,8.186655751125665,101
10534,2020-05-02,Northern Territory,New cases per week,1.0,101
10535,2020-05-02,Northern Territory,log10(Total cases),1.462397997898956,101
10536,2020-05-02,Northern Territory,log10(New cases per week),0.0,101
10537,2020-05-02,Northern Territory,Slope of power-law,0.0,101
10538,2020-05-02,Northern Territory,Acceleration of power-law,0.0,101
10539,2020-05-02,Northern Territory,Growth Rate,0.7142857142857143,101
10540,2020-05-02,Northern Territory,Days since first case,101.0,101
10541,2020-05-02,Northern Territory,Average Growth Rate,-674.432206682356,101
10542,2020-05-02,Northern Territory,Doubling time,-68117.65287491796,101
10543,2020-05-02,Queensland,Total cases,1035.0,101
10544,2020-05-02,Queensland,Total cases per million,204.10175507789393,101
10545,2020-05-02,Queensland,New cases,1.0,101
10546,2020-05-02,Queensland,css_per_prsn,0.19719976336028397,101
10547,2020-05-02,Queensland,New cases per week,9.0,101
10548,2020-05-02,Queensland,log10(Total cases),3.0149403497929366,101
10549,2020-05-02,Queensland,log10(New cases per week),0.9542425094393249,101
10550,2020-05-02,Queensland,Slope of power-law,-95.61635934532005,101
10551,2020-05-02,Queensland,Acceleration of power-law,61137.709827821076,101
10552,2020-05-02,Queensland,Growth Rate,0.03869220352099052,101
10553,2020-05-02,Queensland,Days since first case,101.0,101
10554,2020-05-02,Queensland,Average Growth Rate,6.384677949366976,101
10555,2020-05-02,Queensland,Doubling time,644.8524728860646,101
10556,2020-05-02,South Australia,Total cases,438.0,101
10557,2020-05-02,South Australia,Total cases per million,261.18067978533094,101
10558,2020-05-02,South Australia,New cases,0.0,101
10559,2020-05-02,South Australia,css_per_prsn,0.0,101
10560,2020-05-02,South Australia,New cases per week,0.0,101
10561,2020-05-02,South Australia,log10(Total cases),2.6414741105040997,101
10562,2020-05-02,South Australia,log10(New cases per week),0.0,101
10563,2020-05-02,South Australia,Slope of power-law,-inf,101
10564,2020-05-02,South Australia,Acceleration of power-law,-inf,101
10565,2020-05-02,South Australia,Growth Rate,0.0,101
10566,2020-05-02,South Australia,Days since first case,101.0,101
10567,2020-05-02,South Australia,Average Growth Rate,134735684233404.03,101
10568,2020-05-02,South Australia,Doubling time,1.3608304107573808e+16,101
10569,2020-05-02,Tasmania,Total cases,221.0,101
10570,2020-05-02,Tasmania,Total cases per million,429.126213592233,101
10571,2020-05-02,Tasmania,New cases,0.0,101
10572,2020-05-02,Tasmania,css_per_prsn,0.0,101
10573,2020-05-02,Tasmania,New cases per week,14.0,101
10574,2020-05-02,Tasmania,log10(Total cases),2.3443922736851106,101
10575,2020-05-02,Tasmania,log10(New cases per week),1.146128035678238,101
10576,2020-05-02,Tasmania,Slope of power-law,-13.96918290197849,101
10577,2020-05-02,Tasmania,Acceleration of power-law,-inf,101
10578,2020-05-02,Tasmania,Growth Rate,0.6363636363636362,101
10579,2020-05-02,Tasmania,Days since first case,101.0,101
10580,2020-05-02,Tasmania,Average Growth Rate,0.7054945778995665,101
10581,2020-05-02,Tasmania,Doubling time,71.25495236785622,101
10582,2020-05-02,Victoria,Total cases,1384.0,101
10583,2020-05-02,Victoria,Total cases per million,217.64428369240446,101
10584,2020-05-02,Victoria,New cases,13.0,101
10585,2020-05-02,Victoria,css_per_prsn,2.0443465953766315,101
10586,2020-05-02,Victoria,New cases per week,38.0,101
10587,2020-05-02,Victoria,log10(Total cases),3.141136090120739,101
10588,2020-05-02,Victoria,log10(New cases per week),1.5797835966168101,101
10589,2020-05-02,Victoria,Slope of power-law,0.7555218914589781,101
10590,2020-05-02,Victoria,Acceleration of power-law,4660.689658229018,101
10591,2020-05-02,Victoria,Growth Rate,0.5121451565700907,101
10592,2020-05-02,Victoria,Days since first case,101.0,101
10593,2020-05-02,Victoria,Average Growth Rate,2.1395728368972464,101
10594,2020-05-02,Victoria,Doubling time,216.09685652662188,101
10595,2020-05-02,Western Australia,Total cases,551.0,101
10596,2020-05-02,Western Australia,Total cases per million,212.82348397064504,101
10597,2020-05-02,Western Australia,New cases,0.0,101
10598,2020-05-02,Western Australia,css_per_prsn,0.0,101
10599,2020-05-02,Western Australia,New cases per week,2.0,101
10600,2020-05-02,Western Australia,log10(Total cases),2.741151598851785,101
10601,2020-05-02,Western Australia,log10(New cases per week),0.3010299956639812,101
10602,2020-05-02,Western Australia,Slope of power-law,-246.96500010942808,101
10603,2020-05-02,Western Australia,Acceleration of power-law,-inf,101
10604,2020-05-02,Western Australia,Growth Rate,0.07262164124909223,101
10605,2020-05-02,Western Australia,Days since first case,101.0,101
10606,2020-05-02,Western Australia,Average Growth Rate,7.328483173432809,101
10607,2020-05-02,Western Australia,Doubling time,740.1768005167137,101
10608,2020-05-03,Australian Capital Territory,Total cases,106.0,102
10609,2020-05-03,Australian Capital Territory,Total cases per million,278.9473684210526,102
10610,2020-05-03,Australian Capital Territory,New cases,0.0,102
10611,2020-05-03,Australian Capital Territory,css_per_prsn,0.0,102
10612,2020-05-03,Australian Capital Territory,New cases per week,0.0,102
10613,2020-05-03,Australian Capital Territory,log10(Total cases),2.0253058652647704,102
10614,2020-05-03,Australian Capital Territory,log10(New cases per week),0.0,102
10615,2020-05-03,Australian Capital Territory,Slope of power-law,0.0,102
10616,2020-05-03,Australian Capital Territory,Acceleration of power-law,0.0,102
10617,2020-05-03,Australian Capital Territory,Growth Rate,0.0,102
10618,2020-05-03,Australian Capital Territory,Days since first case,102.0,102
10619,2020-05-03,Australian Capital Territory,Average Growth Rate,18.36840028484137,102
10620,2020-05-03,Australian Capital Territory,Doubling time,1873.57682905382,102
10621,2020-05-03,New South Wales,Total cases,3033.0,102
10622,2020-05-03,New South Wales,Total cases per million,402.04135737009545,102
10623,2020-05-03,New South Wales,New cases,-2.0,102
10624,2020-05-03,New South Wales,css_per_prsn,-0.2651113467656416,102
10625,2020-05-03,New South Wales,New cases per week,31.0,102
10626,2020-05-03,New South Wales,log10(Total cases),3.4818724103106633,102
10627,2020-05-03,New South Wales,log10(New cases per week),1.4913616938342726,102
10628,2020-05-03,New South Wales,Slope of power-law,-49.30714413971262,102
10629,2020-05-03,New South Wales,Acceleration of power-law,52740.00073456169,102
10630,2020-05-03,New South Wales,Growth Rate,0.11229275381465088,102
10631,2020-05-03,New South Wales,Days since first case,102.0,102
10632,2020-05-03,New South Wales,Average Growth Rate,3.7073847972670997,102
10633,2020-05-03,New South Wales,Doubling time,378.1532493212442,102
10634,2020-05-03,Northern Territory,Total cases,29.0,102
10635,2020-05-03,Northern Territory,Total cases per million,118.70650839132215,102
10636,2020-05-03,Northern Territory,New cases,0.0,102
10637,2020-05-03,Northern Territory,css_per_prsn,0.0,102
10638,2020-05-03,Northern Territory,New cases per week,1.0,102
10639,2020-05-03,Northern Territory,log10(Total cases),1.462397997898956,102
10640,2020-05-03,Northern Territory,log10(New cases per week),0.0,102
10641,2020-05-03,Northern Territory,Slope of power-law,0.0,102
10642,2020-05-03,Northern Territory,Acceleration of power-law,0.0,102
10643,2020-05-03,Northern Territory,Growth Rate,0.7092198581560284,102
10644,2020-05-03,Northern Territory,Days since first case,102.0,102
10645,2020-05-03,Northern Territory,Average Growth Rate,4.922353183009634,102
10646,2020-05-03,Northern Territory,Doubling time,502.0800246669827,102
10647,2020-05-03,Queensland,Total cases,1038.0,102
10648,2020-05-03,Queensland,Total cases per million,204.69335436797476,102
10649,2020-05-03,Queensland,New cases,3.0,102
10650,2020-05-03,Queensland,css_per_prsn,0.5915992900808519,102
10651,2020-05-03,Queensland,New cases per week,8.0,102
10652,2020-05-03,Queensland,log10(Total cases),3.016197353512439,102
10653,2020-05-03,Queensland,log10(New cases per week),0.9030899869919435,102
10654,2020-05-03,Queensland,Slope of power-law,-97.9902442412625,102
10655,2020-05-03,Queensland,Acceleration of power-law,-1888.52654857881,102
10656,2020-05-03,Queensland,Growth Rate,0.07732456988208003,102
10657,2020-05-03,Queensland,Days since first case,102.0,102
10658,2020-05-03,Queensland,Average Growth Rate,7.456797505956017,102
10659,2020-05-03,Queensland,Doubling time,760.5933456075138,102
10660,2020-05-03,South Australia,Total cases,438.0,102
10661,2020-05-03,South Australia,Total cases per million,261.18067978533094,102
10662,2020-05-03,South Australia,New cases,0.0,102
10663,2020-05-03,South Australia,css_per_prsn,0.0,102
10664,2020-05-03,South Australia,New cases per week,0.0,102
10665,2020-05-03,South Australia,log10(Total cases),2.6414741105040997,102
10666,2020-05-03,South Australia,log10(New cases per week),0.0,102
10667,2020-05-03,South Australia,Slope of power-law,-inf,102
10668,2020-05-03,South Australia,Acceleration of power-law,0.0,102
10669,2020-05-03,South Australia,Growth Rate,0.0,102
10670,2020-05-03,South Australia,Days since first case,102.0,102
10671,2020-05-03,South Australia,Average Growth Rate,134735684233404.03,102
10672,2020-05-03,South Australia,Doubling time,1.3743039791807212e+16,102
10673,2020-05-03,Tasmania,Total cases,221.0,102
10674,2020-05-03,Tasmania,Total cases per million,429.126213592233,102
10675,2020-05-03,Tasmania,New cases,0.0,102
10676,2020-05-03,Tasmania,css_per_prsn,0.0,102
10677,2020-05-03,Tasmania,New cases per week,9.0,102
10678,2020-05-03,Tasmania,log10(Total cases),2.3443922736851106,102
10679,2020-05-03,Tasmania,log10(New cases per week),0.9542425094393249,102
10680,2020-05-03,Tasmania,Slope of power-law,-22.009100936261863,102
10681,2020-05-03,Tasmania,Acceleration of power-law,-inf,102
10682,2020-05-03,Tasmania,Growth Rate,0.271985494106981,102
10683,2020-05-03,Tasmania,Days since first case,102.0,102
10684,2020-05-03,Tasmania,Average Growth Rate,0.8361690163342329,102
10685,2020-05-03,Tasmania,Doubling time,85.28923966609176,102
10686,2020-05-03,Victoria,Total cases,1406.0,102
10687,2020-05-03,Victoria,Total cases per million,221.10394716150338,102
10688,2020-05-03,Victoria,New cases,22.0,102
10689,2020-05-03,Victoria,css_per_prsn,3.4596634690989148,102
10690,2020-05-03,Victoria,New cases per week,57.0,102
10691,2020-05-03,Victoria,log10(Total cases),3.147985320683805,102
10692,2020-05-03,Victoria,log10(New cases per week),1.7558748556724915,102
10693,2020-05-03,Victoria,Slope of power-law,8.057653366552607,102
10694,2020-05-03,Victoria,Acceleration of power-law,1066.1243489844753,102
10695,2020-05-03,Victoria,Growth Rate,0.7551553877432472,102
10696,2020-05-03,Victoria,Days since first case,102.0,102
10697,2020-05-03,Victoria,Average Growth Rate,1.6326298844562754,102
10698,2020-05-03,Victoria,Doubling time,166.5282482145401,102
10699,2020-05-03,Western Australia,Total cases,551.0,102
10700,2020-05-03,Western Australia,Total cases per million,212.82348397064504,102
10701,2020-05-03,Western Australia,New cases,0.0,102
10702,2020-05-03,Western Australia,css_per_prsn,0.0,102
10703,2020-05-03,Western Australia,New cases per week,2.0,102
10704,2020-05-03,Western Australia,log10(Total cases),2.741151598851785,102
10705,2020-05-03,Western Australia,log10(New cases per week),0.3010299956639812,102
10706,2020-05-03,Western Australia,Slope of power-law,-213.46486513736113,102
10707,2020-05-03,Western Australia,Acceleration of power-law,inf,102
10708,2020-05-03,Western Australia,Growth Rate,0.036297640653357534,102
10709,2020-05-03,Western Australia,Days since first case,102.0,102
10710,2020-05-03,Western Australia,Average Growth Rate,9.534577867124593,102
10711,2020-05-03,Western Australia,Doubling time,972.5269424467085,102
10712,2020-05-04,Australian Capital Territory,Total cases,107.0,103
10713,2020-05-04,Australian Capital Territory,Total cases per million,281.57894736842104,103
10714,2020-05-04,Australian Capital Territory,New cases,1.0,103
10715,2020-05-04,Australian Capital Territory,css_per_prsn,2.6315789473684212,103
10716,2020-05-04,Australian Capital Territory,New cases per week,1.0,103
10717,2020-05-04,Australian Capital Territory,log10(Total cases),2.0293837776852097,103
10718,2020-05-04,Australian Capital Territory,log10(New cases per week),0.0,103
10719,2020-05-04,Australian Capital Territory,Slope of power-law,-36.735710689753176,103
10720,2020-05-04,Australian Capital Territory,Acceleration of power-law,-9008.459942794861,103
10721,2020-05-04,Australian Capital Territory,Growth Rate,0.18832391713747648,103
10722,2020-05-04,Australian Capital Territory,Days since first case,103.0,103
10723,2020-05-04,Australian Capital Territory,Average Growth Rate,18.403057643869378,103
10724,2020-05-04,Australian Capital Territory,Doubling time,1895.514937318546,103
10725,2020-05-04,New South Wales,Total cases,3035.0,103
10726,2020-05-04,New South Wales,Total cases per million,402.3064687168611,103
10727,2020-05-04,New South Wales,New cases,2.0,103
10728,2020-05-04,New South Wales,css_per_prsn,0.2651113467656416,103
10729,2020-05-04,New South Wales,New cases per week,31.0,103
10730,2020-05-04,New South Wales,log10(Total cases),3.482158695411276,103
10731,2020-05-04,New South Wales,log10(New cases per week),1.4913616938342726,103
10732,2020-05-04,New South Wales,Slope of power-law,-33.56743478194619,103
10733,2020-05-04,New South Wales,Acceleration of power-law,54979.14255429111,103
10734,2020-05-04,New South Wales,Growth Rate,0.1253463517614461,103
10735,2020-05-04,New South Wales,Days since first case,103.0,103
10736,2020-05-04,New South Wales,Average Growth Rate,4.155649361826941,103
10737,2020-05-04,New South Wales,Doubling time,428.03188426817496,103
10738,2020-05-04,Northern Territory,Total cases,29.0,103
10739,2020-05-04,Northern Territory,Total cases per million,118.70650839132215,103
10740,2020-05-04,Northern Territory,New cases,0.0,103
10741,2020-05-04,Northern Territory,css_per_prsn,0.0,103
10742,2020-05-04,Northern Territory,New cases per week,1.0,103
10743,2020-05-04,Northern Territory,log10(Total cases),1.462397997898956,103
10744,2020-05-04,Northern Territory,log10(New cases per week),0.0,103
10745,2020-05-04,Northern Territory,Slope of power-law,0.0,103
10746,2020-05-04,Northern Territory,Acceleration of power-law,0.0,103
10747,2020-05-04,Northern Territory,Growth Rate,0.7042253521126761,103
10748,2020-05-04,Northern Territory,Days since first case,103.0,103
10749,2020-05-04,Northern Territory,Average Growth Rate,2.4609245154310813,103
10750,2020-05-04,Northern Territory,Doubling time,253.47522508940136,103
10751,2020-05-04,Queensland,Total cases,1043.0,103
10752,2020-05-04,Queensland,Total cases per million,205.67935318477618,103
10753,2020-05-04,Queensland,New cases,5.0,103
10754,2020-05-04,Queensland,css_per_prsn,0.9859988168014199,103
10755,2020-05-04,Queensland,New cases per week,10.0,103
10756,2020-05-04,Queensland,log10(Total cases),3.018284308426531,103
10757,2020-05-04,Queensland,log10(New cases per week),1.0,103
10758,2020-05-04,Queensland,Slope of power-law,-39.05781779472364,103
10759,2020-05-04,Queensland,Acceleration of power-law,28238.47609193698,103
10760,2020-05-04,Queensland,Growth Rate,0.1929384526336099,103
10761,2020-05-04,Queensland,Days since first case,103.0,103
10762,2020-05-04,Queensland,Average Growth Rate,6.639980951240767,103
10763,2020-05-04,Queensland,Doubling time,683.9180379777989,103
10764,2020-05-04,South Australia,Total cases,438.0,103
10765,2020-05-04,South Australia,Total cases per million,261.18067978533094,103
10766,2020-05-04,South Australia,New cases,0.0,103
10767,2020-05-04,South Australia,css_per_prsn,0.0,103
10768,2020-05-04,South Australia,New cases per week,0.0,103
10769,2020-05-04,South Australia,log10(Total cases),2.6414741105040997,103
10770,2020-05-04,South Australia,log10(New cases per week),0.0,103
10771,2020-05-04,South Australia,Slope of power-law,-inf,103
10772,2020-05-04,South Australia,Acceleration of power-law,0.0,103
10773,2020-05-04,South Australia,Growth Rate,0.0,103
10774,2020-05-04,South Australia,Days since first case,103.0,103
10775,2020-05-04,South Australia,Average Growth Rate,134735684233404.03,103
10776,2020-05-04,South Australia,Doubling time,1.3877775476040616e+16,103
10777,2020-05-04,Tasmania,Total cases,221.0,103
10778,2020-05-04,Tasmania,Total cases per million,429.126213592233,103
10779,2020-05-04,Tasmania,New cases,0.0,103
10780,2020-05-04,Tasmania,css_per_prsn,0.0,103
10781,2020-05-04,Tasmania,New cases per week,7.0,103
10782,2020-05-04,Tasmania,log10(Total cases),2.3443922736851106,103
10783,2020-05-04,Tasmania,log10(New cases per week),0.8450980400142568,103
10784,2020-05-04,Tasmania,Slope of power-law,-20.627232587379186,103
10785,2020-05-04,Tasmania,Acceleration of power-law,inf,103
10786,2020-05-04,Tasmania,Growth Rate,0.18099547511312217,103
10787,2020-05-04,Tasmania,Days since first case,103.0,103
10788,2020-05-04,Tasmania,Average Growth Rate,1.081596072948716,103
10789,2020-05-04,Tasmania,Doubling time,111.40439551371774,103
10790,2020-05-04,Victoria,Total cases,1423.0,103
10791,2020-05-04,Victoria,Total cases per million,223.77732347853436,103
10792,2020-05-04,Victoria,New cases,17.0,103
10793,2020-05-04,Victoria,css_per_prsn,2.67337631703098,103
10794,2020-05-04,Victoria,New cases per week,74.0,103
10795,2020-05-04,Victoria,log10(Total cases),3.153204900084284,103
10796,2020-05-04,Victoria,log10(New cases per week),1.8692317197309762,103
10797,2020-05-04,Victoria,Slope of power-law,10.205301124965775,103
10798,2020-05-04,Victoria,Acceleration of power-law,411.4599268699837,103
10799,2020-05-04,Victoria,Growth Rate,0.892343120322395,103
10800,2020-05-04,Victoria,Days since first case,103.0,103
10801,2020-05-04,Victoria,Average Growth Rate,1.260806350026347,103
10802,2020-05-04,Victoria,Doubling time,129.86305405271372,103
10803,2020-05-04,Western Australia,Total cases,551.0,103
10804,2020-05-04,Western Australia,Total cases per million,212.82348397064504,103
10805,2020-05-04,Western Australia,New cases,0.0,103
10806,2020-05-04,Western Australia,css_per_prsn,0.0,103
10807,2020-05-04,Western Australia,New cases per week,2.0,103
10808,2020-05-04,Western Australia,log10(Total cases),2.741151598851785,103
10809,2020-05-04,Western Australia,log10(New cases per week),0.3010299956639812,103
10810,2020-05-04,Western Australia,Slope of power-law,-229.46384710576075,103
10811,2020-05-04,Western Australia,Acceleration of power-law,-inf,103
10812,2020-05-04,Western Australia,Growth Rate,0.0,103
10813,2020-05-04,Western Australia,Days since first case,103.0,103
10814,2020-05-04,Western Australia,Average Growth Rate,13.627408934165869,103
10815,2020-05-04,Western Australia,Doubling time,1403.6231202190845,103
10816,2020-05-05,Australian Capital Territory,Total cases,107.0,104
10817,2020-05-05,Australian Capital Territory,Total cases per million,281.57894736842104,104
10818,2020-05-05,Australian Capital Territory,New cases,0.0,104
10819,2020-05-05,Australian Capital Territory,css_per_prsn,0.0,104
10820,2020-05-05,Australian Capital Territory,New cases per week,1.0,104
10821,2020-05-05,Australian Capital Territory,log10(Total cases),2.0293837776852097,104
10822,2020-05-05,Australian Capital Territory,log10(New cases per week),0.0,104
10823,2020-05-05,Australian Capital Territory,Slope of power-law,-117.00134910407478,104
10824,2020-05-05,Australian Capital Territory,Acceleration of power-law,-inf,104
10825,2020-05-05,Australian Capital Territory,Growth Rate,0.18796992481203006,104
10826,2020-05-05,Australian Capital Territory,Days since first case,104.0,104
10827,2020-05-05,Australian Capital Territory,Average Growth Rate,9.210185010853959,104
10828,2020-05-05,Australian Capital Territory,Doubling time,957.8592411288117,104
10829,2020-05-05,New South Wales,Total cases,3042.0,104
10830,2020-05-05,New South Wales,Total cases per million,403.23435843054085,104
10831,2020-05-05,New South Wales,New cases,7.0,104
10832,2020-05-05,New South Wales,css_per_prsn,0.9278897136797456,104
10833,2020-05-05,New South Wales,New cases per week,26.0,104
10834,2020-05-05,New South Wales,log10(Total cases),3.4831592097169795,104
10835,2020-05-05,New South Wales,log10(New cases per week),1.414973347970818,104
10836,2020-05-05,New South Wales,Slope of power-law,-50.44647102726541,104
10837,2020-05-05,New South Wales,Acceleration of power-law,-16870.35972309778,104
10838,2020-05-05,New South Wales,Growth Rate,0.11202635914332784,104
10839,2020-05-05,New South Wales,Days since first case,104.0,104
10840,2020-05-05,New South Wales,Average Growth Rate,4.682124414784121,104
10841,2020-05-05,New South Wales,Doubling time,486.9409391375486,104
10842,2020-05-05,Northern Territory,Total cases,29.0,104
10843,2020-05-05,Northern Territory,Total cases per million,118.70650839132215,104
10844,2020-05-05,Northern Territory,New cases,0.0,104
10845,2020-05-05,Northern Territory,css_per_prsn,0.0,104
10846,2020-05-05,Northern Territory,New cases per week,1.0,104
10847,2020-05-05,Northern Territory,log10(Total cases),1.462397997898956,104
10848,2020-05-05,Northern Territory,log10(New cases per week),0.0,104
10849,2020-05-05,Northern Territory,Slope of power-law,0.0,104
10850,2020-05-05,Northern Territory,Acceleration of power-law,0.0,104
10851,2020-05-05,Northern Territory,Growth Rate,0.6993006993006993,104
10852,2020-05-05,Northern Territory,Days since first case,104.0,104
10853,2020-05-05,Northern Territory,Average Growth Rate,1.6443936815863902,104
10854,2020-05-05,Northern Territory,Doubling time,171.0169428849846,104
10855,2020-05-05,Queensland,Total cases,1043.0,104
10856,2020-05-05,Queensland,Total cases per million,205.67935318477618,104
10857,2020-05-05,Queensland,New cases,0.0,104
10858,2020-05-05,Queensland,css_per_prsn,0.0,104
10859,2020-05-05,Queensland,New cases per week,9.0,104
10860,2020-05-05,Queensland,log10(Total cases),3.018284308426531,104
10861,2020-05-05,Queensland,log10(New cases per week),0.9542425094393249,104
10862,2020-05-05,Queensland,Slope of power-law,-12.211127219063146,104
10863,2020-05-05,Queensland,Acceleration of power-law,inf,104
10864,2020-05-05,Queensland,Growth Rate,0.1925669170036588,104
10865,2020-05-05,Queensland,Days since first case,104.0,104
10866,2020-05-05,Queensland,Average Growth Rate,5.986383450380242,104
10867,2020-05-05,Queensland,Doubling time,622.5838788395453,104
10868,2020-05-05,South Australia,Total cases,438.0,104
10869,2020-05-05,South Australia,Total cases per million,261.18067978533094,104
10870,2020-05-05,South Australia,New cases,0.0,104
10871,2020-05-05,South Australia,css_per_prsn,0.0,104
10872,2020-05-05,South Australia,New cases per week,0.0,104
10873,2020-05-05,South Australia,log10(Total cases),2.6414741105040997,104
10874,2020-05-05,South Australia,log10(New cases per week),0.0,104
10875,2020-05-05,South Australia,Slope of power-law,-inf,104
10876,2020-05-05,South Australia,Acceleration of power-law,0.0,104
10877,2020-05-05,South Australia,Growth Rate,0.0,104
10878,2020-05-05,South Australia,Days since first case,104.0,104
10879,2020-05-05,South Australia,Average Growth Rate,134735684233404.03,104
10880,2020-05-05,South Australia,Doubling time,1.401251116027402e+16,104
10881,2020-05-05,Tasmania,Total cases,225.0,104
10882,2020-05-05,Tasmania,Total cases per million,436.8932038834951,104
10883,2020-05-05,Tasmania,New cases,4.0,104
10884,2020-05-05,Tasmania,css_per_prsn,7.766990291262136,104
10885,2020-05-05,Tasmania,New cases per week,7.0,104
10886,2020-05-05,Tasmania,log10(Total cases),2.3521825181113627,104
10887,2020-05-05,Tasmania,log10(New cases per week),0.8450980400142568,104
10888,2020-05-05,Tasmania,Slope of power-law,-11.975408520133156,104
10889,2020-05-05,Tasmania,Acceleration of power-law,1110.5972539308948,104
10890,2020-05-05,Tasmania,Growth Rate,0.36068530207394045,104
10891,2020-05-05,Tasmania,Days since first case,104.0,104
10892,2020-05-05,Tasmania,Average Growth Rate,1.524437897379397,104
10893,2020-05-05,Tasmania,Doubling time,158.54154132745728,104
10894,2020-05-05,Victoria,Total cases,1440.0,104
10895,2020-05-05,Victoria,Total cases per million,226.45069979556533,104
10896,2020-05-05,Victoria,New cases,17.0,104
10897,2020-05-05,Victoria,css_per_prsn,2.67337631703098,104
10898,2020-05-05,Victoria,New cases per week,86.0,104
10899,2020-05-05,Victoria,log10(Total cases),3.1583624920952498,104
10900,2020-05-05,Victoria,log10(New cases per week),1.9344984512435677,104
10901,2020-05-05,Victoria,Slope of power-law,17.161621915832228,104
10902,2020-05-05,Victoria,Acceleration of power-law,1348.7535997567231,104
10903,2020-05-05,Victoria,Growth Rate,1.082004555808656,104
10904,2020-05-05,Victoria,Days since first case,104.0,104
10905,2020-05-05,Victoria,Average Growth Rate,0.9720945218872118,104
10906,2020-05-05,Victoria,Doubling time,101.09783027627003,104
10907,2020-05-05,Western Australia,Total cases,551.0,104
10908,2020-05-05,Western Australia,Total cases per million,212.82348397064504,104
10909,2020-05-05,Western Australia,New cases,0.0,104
10910,2020-05-05,Western Australia,css_per_prsn,0.0,104
10911,2020-05-05,Western Australia,New cases per week,1.0,104
10912,2020-05-05,Western Australia,log10(Total cases),2.741151598851785,104
10913,2020-05-05,Western Australia,log10(New cases per week),0.0,104
10914,2020-05-05,Western Australia,Slope of power-law,-442.59493821051694,104
10915,2020-05-05,Western Australia,Acceleration of power-law,-inf,104
10916,2020-05-05,Western Australia,Growth Rate,0.0,104
10917,2020-05-05,Western Australia,Days since first case,104.0,104
10918,2020-05-05,Western Australia,Average Growth Rate,19.085110844274002,104
10919,2020-05-05,Western Australia,Doubling time,1984.8515278044963,104
10920,2020-05-06,Australian Capital Territory,Total cases,107.0,105
10921,2020-05-06,Australian Capital Territory,Total cases per million,281.57894736842104,105
10922,2020-05-06,Australian Capital Territory,New cases,0.0,105
10923,2020-05-06,Australian Capital Territory,css_per_prsn,0.0,105
10924,2020-05-06,Australian Capital Territory,New cases per week,1.0,105
10925,2020-05-06,Australian Capital Territory,log10(Total cases),2.0293837776852097,105
10926,2020-05-06,Australian Capital Territory,log10(New cases per week),0.0,105
10927,2020-05-06,Australian Capital Territory,Slope of power-law,-117.00134910407478,105
10928,2020-05-06,Australian Capital Territory,Acceleration of power-law,0.0,105
10929,2020-05-06,Australian Capital Territory,Growth Rate,0.1876172607879925,105
10930,2020-05-06,Australian Capital Territory,Days since first case,105.0,105
10931,2020-05-06,Australian Capital Territory,Average Growth Rate,6.145890524189956,105
10932,2020-05-06,Australian Capital Territory,Doubling time,645.3185050399454,105
10933,2020-05-06,New South Wales,Total cases,3044.0,105
10934,2020-05-06,New South Wales,Total cases per million,403.4994697773065,105
10935,2020-05-06,New South Wales,New cases,2.0,105
10936,2020-05-06,New South Wales,css_per_prsn,0.2651113467656416,105
10937,2020-05-06,New South Wales,New cases per week,28.0,105
10938,2020-05-06,New South Wales,log10(Total cases),3.4834446480985353,105
10939,2020-05-06,New South Wales,log10(New cases per week),1.4471580313422192,105
10940,2020-05-06,New South Wales,Slope of power-law,-34.14912858238212,105
10941,2020-05-06,New South Wales,Acceleration of power-law,57095.833980184485,105
10942,2020-05-06,New South Wales,Growth Rate,0.09217196655474355,105
10943,2020-05-06,New South Wales,Days since first case,105.0,105
10944,2020-05-06,New South Wales,Average Growth Rate,5.357976020557519,105
10945,2020-05-06,New South Wales,Doubling time,562.5874821585395,105
10946,2020-05-06,Northern Territory,Total cases,29.0,105
10947,2020-05-06,Northern Territory,Total cases per million,118.70650839132215,105
10948,2020-05-06,Northern Territory,New cases,0.0,105
10949,2020-05-06,Northern Territory,css_per_prsn,0.0,105
10950,2020-05-06,Northern Territory,New cases per week,1.0,105
10951,2020-05-06,Northern Territory,log10(Total cases),1.462397997898956,105
10952,2020-05-06,Northern Territory,log10(New cases per week),0.0,105
10953,2020-05-06,Northern Territory,Slope of power-law,0.0,105
10954,2020-05-06,Northern Territory,Acceleration of power-law,0.0,105
10955,2020-05-06,Northern Territory,Growth Rate,1.3793103448275863,105
10956,2020-05-06,Northern Territory,Days since first case,105.0,105
10957,2020-05-06,Northern Territory,Average Growth Rate,0.8239310851573732,105
10958,2020-05-06,Northern Territory,Doubling time,86.51276394152418,105
10959,2020-05-06,Queensland,Total cases,1045.0,105
10960,2020-05-06,Queensland,Total cases per million,206.07375271149675,105
10961,2020-05-06,Queensland,New cases,2.0,105
10962,2020-05-06,Queensland,css_per_prsn,0.39439952672056794,105
10963,2020-05-06,Queensland,New cases per week,12.0,105
10964,2020-05-06,Queensland,log10(Total cases),3.019116290447073,105
10965,2020-05-06,Queensland,log10(New cases per week),1.0791812460476249,105
10966,2020-05-06,Queensland,Slope of power-law,6.018182074003805,105
10967,2020-05-06,Queensland,Acceleration of power-law,21910.70100432084,105
10968,2020-05-06,Queensland,Growth Rate,0.21137586471944658,105
10969,2020-05-06,Queensland,Days since first case,105.0,105
10970,2020-05-06,Queensland,Average Growth Rate,4.861475084901071,105
10971,2020-05-06,Queensland,Doubling time,510.4548839146124,105
10972,2020-05-06,South Australia,Total cases,438.0,105
10973,2020-05-06,South Australia,Total cases per million,261.18067978533094,105
10974,2020-05-06,South Australia,New cases,0.0,105
10975,2020-05-06,South Australia,css_per_prsn,0.0,105
10976,2020-05-06,South Australia,New cases per week,0.0,105
10977,2020-05-06,South Australia,log10(Total cases),2.6414741105040997,105
10978,2020-05-06,South Australia,log10(New cases per week),0.0,105
10979,2020-05-06,South Australia,Slope of power-law,-inf,105
10980,2020-05-06,South Australia,Acceleration of power-law,0.0,105
10981,2020-05-06,South Australia,Growth Rate,0.0,105
10982,2020-05-06,South Australia,Days since first case,105.0,105
10983,2020-05-06,South Australia,Average Growth Rate,134735684233404.03,105
10984,2020-05-06,South Australia,Doubling time,1.4147246844507424e+16,105
10985,2020-05-06,Tasmania,Total cases,226.0,105
10986,2020-05-06,Tasmania,Total cases per million,438.83495145631065,105
10987,2020-05-06,Tasmania,New cases,1.0,105
10988,2020-05-06,Tasmania,css_per_prsn,1.941747572815534,105
10989,2020-05-06,Tasmania,New cases per week,7.0,105
10990,2020-05-06,Tasmania,log10(Total cases),2.3541084391474008,105
10991,2020-05-06,Tasmania,log10(New cases per week),0.8450980400142568,105
10992,2020-05-06,Tasmania,Slope of power-law,-13.875228951745305,105
10993,2020-05-06,Tasmania,Acceleration of power-law,-986.4477286775978,105
10994,2020-05-06,Tasmania,Growth Rate,0.4488330341113106,105
10995,2020-05-06,Tasmania,Days since first case,105.0,105
10996,2020-05-06,Tasmania,Average Growth Rate,1.8251638001692856,105
10997,2020-05-06,Tasmania,Doubling time,191.642199017775,105
10998,2020-05-06,Victoria,Total cases,1454.0,105
10999,2020-05-06,Victoria,Total cases per million,228.65230382135556,105
11000,2020-05-06,Victoria,New cases,14.0,105
11001,2020-05-06,Victoria,css_per_prsn,2.2016040257902185,105
11002,2020-05-06,Victoria,New cases per week,93.0,105
11003,2020-05-06,Victoria,log10(Total cases),3.162564406523019,105
11004,2020-05-06,Victoria,log10(New cases per week),1.968482948553935,105
11005,2020-05-06,Victoria,Slope of power-law,19.852991642868485,105
11006,2020-05-06,Victoria,Acceleration of power-law,640.5103610035006,105
11007,2020-05-06,Victoria,Growth Rate,1.1678626706064443,105
11008,2020-05-06,Victoria,Days since first case,105.0,105
11009,2020-05-06,Victoria,Average Growth Rate,0.7859683281049242,105
11010,2020-05-06,Victoria,Doubling time,82.52667445101704,105
11011,2020-05-06,Western Australia,Total cases,551.0,105
11012,2020-05-06,Western Australia,Total cases per million,212.82348397064504,105
11013,2020-05-06,Western Australia,New cases,0.0,105
11014,2020-05-06,Western Australia,css_per_prsn,0.0,105
11015,2020-05-06,Western Australia,New cases per week,0.0,105
11016,2020-05-06,Western Australia,log10(Total cases),2.741151598851785,105
11017,2020-05-06,Western Australia,log10(New cases per week),0.0,105
11018,2020-05-06,Western Australia,Slope of power-law,-381.230529218423,105
11019,2020-05-06,Western Australia,Acceleration of power-law,inf,105
11020,2020-05-06,Western Australia,Growth Rate,0.0,105
11021,2020-05-06,Western Australia,Days since first case,105.0,105
11022,2020-05-06,Western Australia,Average Growth Rate,31.819305473424112,105
11023,2020-05-06,Western Australia,Doubling time,3341.027074709532,105
11024,2020-05-07,Australian Capital Territory,Total cases,107.0,106
11025,2020-05-07,Australian Capital Territory,Total cases per million,281.57894736842104,106
11026,2020-05-07,Australian Capital Territory,New cases,0.0,106
11027,2020-05-07,Australian Capital Territory,css_per_prsn,0.0,106
11028,2020-05-07,Australian Capital Territory,New cases per week,1.0,106
11029,2020-05-07,Australian Capital Territory,log10(Total cases),2.0293837776852097,106
11030,2020-05-07,Australian Capital Territory,log10(New cases per week),0.0,106
11031,2020-05-07,Australian Capital Territory,Slope of power-law,-73.81963235776196,106
11032,2020-05-07,Australian Capital Territory,Acceleration of power-law,inf,106
11033,2020-05-07,Australian Capital Territory,Growth Rate,0.18726591760299627,106
11034,2020-05-07,Australian Capital Territory,Days since first case,106.0,106
11035,2020-05-07,Australian Capital Territory,Average Growth Rate,4.6137405817192105,106
11036,2020-05-07,Australian Capital Territory,Doubling time,489.0565016622363,106
11037,2020-05-07,New South Wales,Total cases,3047.0,106
11038,2020-05-07,New South Wales,Total cases per million,403.89713679745495,106
11039,2020-05-07,New South Wales,New cases,3.0,106
11040,2020-05-07,New South Wales,css_per_prsn,0.3976670201484624,106
11041,2020-05-07,New South Wales,New cases per week,22.0,106
11042,2020-05-07,New South Wales,log10(Total cases),3.4838724542226736,106
11043,2020-05-07,New South Wales,log10(New cases per week),1.3424226808222062,106
11044,2020-05-07,New South Wales,Slope of power-law,-43.800735823847205,106
11045,2020-05-07,New South Wales,Acceleration of power-law,-22560.70377885769,106
11046,2020-05-07,New South Wales,Growth Rate,0.07894217485691732,106
11047,2020-05-07,New South Wales,Days since first case,106.0,106
11048,2020-05-07,New South Wales,Average Growth Rate,6.654899427700324,106
11049,2020-05-07,New South Wales,Doubling time,705.4193393362344,106
11050,2020-05-07,Northern Territory,Total cases,29.0,106
11051,2020-05-07,Northern Territory,Total cases per million,118.70650839132215,106
11052,2020-05-07,Northern Territory,New cases,0.0,106
11053,2020-05-07,Northern Territory,css_per_prsn,0.0,106
11054,2020-05-07,Northern Territory,New cases per week,1.0,106
11055,2020-05-07,Northern Territory,log10(Total cases),1.462397997898956,106
11056,2020-05-07,Northern Territory,log10(New cases per week),0.0,106
11057,2020-05-07,Northern Territory,Slope of power-law,0.0,106
11058,2020-05-07,Northern Territory,Acceleration of power-law,0.0,106
11059,2020-05-07,Northern Territory,Growth Rate,0.0,106
11060,2020-05-07,Northern Territory,Days since first case,106.0,106
11061,2020-05-07,Northern Territory,Average Growth Rate,0.992462792784594,106
11062,2020-05-07,Northern Territory,Doubling time,105.20105603516697,106
11063,2020-05-07,Queensland,Total cases,1045.0,106
11064,2020-05-07,Queensland,Total cases per million,206.07375271149675,106
11065,2020-05-07,Queensland,New cases,0.0,106
11066,2020-05-07,Queensland,css_per_prsn,0.0,106
11067,2020-05-07,Queensland,New cases per week,12.0,106
11068,2020-05-07,Queensland,log10(Total cases),3.019116290447073,106
11069,2020-05-07,Queensland,log10(New cases per week),1.0791812460476249,106
11070,2020-05-07,Queensland,Slope of power-law,-13.346731329258258,106
11071,2020-05-07,Queensland,Acceleration of power-law,-inf,106
11072,2020-05-07,Queensland,Growth Rate,0.19179133103183738,106
11073,2020-05-07,Queensland,Days since first case,106.0,106
11074,2020-05-07,Queensland,Average Growth Rate,4.002017745378243,106
11075,2020-05-07,Queensland,Doubling time,424.21388101009376,106
11076,2020-05-07,South Australia,Total cases,439.0,106
11077,2020-05-07,South Australia,Total cases per million,261.77698270721527,106
11078,2020-05-07,South Australia,New cases,1.0,106
11079,2020-05-07,South Australia,css_per_prsn,0.5963029218843172,106
11080,2020-05-07,South Australia,New cases per week,1.0,106
11081,2020-05-07,South Australia,log10(Total cases),2.6424645202421213,106
11082,2020-05-07,South Australia,log10(New cases per week),0.0,106
11083,2020-05-07,South Australia,Slope of power-law,-481.74127979876243,106
11084,2020-05-07,South Australia,Acceleration of power-law,inf,106
11085,2020-05-07,South Australia,Growth Rate,0.04564125969876769,106
11086,2020-05-07,South Australia,Days since first case,106.0,106
11087,2020-05-07,South Australia,Average Growth Rate,75.9342736302992,106
11088,2020-05-07,South Australia,Doubling time,8049.033004811716,106
11089,2020-05-07,Tasmania,Total cases,227.0,106
11090,2020-05-07,Tasmania,Total cases per million,440.7766990291262,106
11091,2020-05-07,Tasmania,New cases,1.0,106
11092,2020-05-07,Tasmania,css_per_prsn,1.941747572815534,106
11093,2020-05-07,Tasmania,New cases per week,6.0,106
11094,2020-05-07,Tasmania,log10(Total cases),2.3560258571931225,106
11095,2020-05-07,Tasmania,log10(New cases per week),0.7781512503836436,106
11096,2020-05-07,Tasmania,Slope of power-law,-14.36731144317965,106
11097,2020-05-07,Tasmania,Acceleration of power-law,-256.6380829325686,106
11098,2020-05-07,Tasmania,Growth Rate,0.5357142857142857,106
11099,2020-05-07,Tasmania,Days since first case,106.0,106
11100,2020-05-07,Tasmania,Average Growth Rate,1.9273216040158019,106
11101,2020-05-07,Tasmania,Doubling time,204.296090025675,106
11102,2020-05-07,Victoria,Total cases,1467.0,106
11103,2020-05-07,Victoria,Total cases per million,230.69665041673218,106
11104,2020-05-07,Victoria,New cases,13.0,106
11105,2020-05-07,Victoria,css_per_prsn,2.0443465953766315,106
11106,2020-05-07,Victoria,New cases per week,103.0,106
11107,2020-05-07,Victoria,log10(Total cases),3.166430113843283,106
11108,2020-05-07,Victoria,log10(New cases per week),2.012837224705172,106
11109,2020-05-07,Victoria,Slope of power-law,19.545390198460584,106
11110,2020-05-07,Victoria,Acceleration of power-law,-79.57184000854465,106
11111,2020-05-07,Victoria,Growth Rate,1.1543810848400557,106
11112,2020-05-07,Victoria,Days since first case,106.0,106
11113,2020-05-07,Victoria,Average Growth Rate,0.6860470302163023,106
11114,2020-05-07,Victoria,Doubling time,72.72098520292805,106
11115,2020-05-07,Western Australia,Total cases,552.0,106
11116,2020-05-07,Western Australia,Total cases per million,213.20973348783315,106
11117,2020-05-07,Western Australia,New cases,1.0,106
11118,2020-05-07,Western Australia,css_per_prsn,0.3862495171881035,106
11119,2020-05-07,Western Australia,New cases per week,1.0,106
11120,2020-05-07,Western Australia,log10(Total cases),2.741939077729199,106
11121,2020-05-07,Western Australia,log10(New cases per week),0.0,106
11122,2020-05-07,Western Australia,Slope of power-law,-254.3843857027722,106
11123,2020-05-07,Western Australia,Acceleration of power-law,161078.7884650244,106
11124,2020-05-07,Western Australia,Growth Rate,0.036284470246734396,106
11125,2020-05-07,Western Australia,Days since first case,106.0,106
11126,2020-05-07,Western Australia,Average Growth Rate,47.74917482863967,106
11127,2020-05-07,Western Australia,Doubling time,5061.412531835805,106
11128,2020-05-08,Australian Capital Territory,Total cases,107.0,107
11129,2020-05-08,Australian Capital Territory,Total cases per million,281.57894736842104,107
11130,2020-05-08,Australian Capital Territory,New cases,0.0,107
11131,2020-05-08,Australian Capital Territory,css_per_prsn,0.0,107
11132,2020-05-08,Australian Capital Territory,New cases per week,1.0,107
11133,2020-05-08,Australian Capital Territory,log10(Total cases),2.0293837776852097,107
11134,2020-05-08,Australian Capital Territory,log10(New cases per week),0.0,107
11135,2020-05-08,Australian Capital Territory,Slope of power-law,-73.81963235776196,107
11136,2020-05-08,Australian Capital Territory,Acceleration of power-law,0.0,107
11137,2020-05-08,Australian Capital Territory,Growth Rate,0.1869158878504673,107
11138,2020-05-08,Australian Capital Territory,Days since first case,107.0,107
11139,2020-05-08,Australian Capital Territory,Average Growth Rate,3.6944484629813785,107
11140,2020-05-08,Australian Capital Territory,Doubling time,395.3059855390075,107
11141,2020-05-08,New South Wales,Total cases,3051.0,107
11142,2020-05-08,New South Wales,Total cases per million,404.42735949098625,107
11143,2020-05-08,New South Wales,New cases,4.0,107
11144,2020-05-08,New South Wales,css_per_prsn,0.5302226935312832,107
11145,2020-05-08,New South Wales,New cases per week,21.0,107
11146,2020-05-08,New South Wales,log10(Total cases),3.484442207642407,107
11147,2020-05-08,New South Wales,log10(New cases per week),1.3222192947339193,107
11148,2020-05-08,New South Wales,Slope of power-law,-69.82390925191912,107
11149,2020-05-08,New South Wales,Acceleration of power-law,-45674.448852369926,107
11150,2020-05-08,New South Wales,Growth Rate,0.11827321111768183,107
11151,2020-05-08,New South Wales,Days since first case,107.0,107
11152,2020-05-08,New South Wales,Average Growth Rate,6.579344455624683,107
11153,2020-05-08,New South Wales,Doubling time,703.9898567518411,107
11154,2020-05-08,Northern Territory,Total cases,29.0,107
11155,2020-05-08,Northern Territory,Total cases per million,118.70650839132215,107
11156,2020-05-08,Northern Territory,New cases,0.0,107
11157,2020-05-08,Northern Territory,css_per_prsn,0.0,107
11158,2020-05-08,Northern Territory,New cases per week,2.0,107
11159,2020-05-08,Northern Territory,log10(Total cases),1.462397997898956,107
11160,2020-05-08,Northern Territory,log10(New cases per week),0.3010299956639812,107
11161,2020-05-08,Northern Territory,Slope of power-law,19.752667733441317,107
11162,2020-05-08,Northern Territory,Acceleration of power-law,inf,107
11163,2020-05-08,Northern Territory,Growth Rate,0.0,107
11164,2020-05-08,Northern Territory,Days since first case,107.0,107
11165,2020-05-08,Northern Territory,Average Growth Rate,1.2453969293635965,107
11166,2020-05-08,Northern Territory,Doubling time,133.2574714419048,107
11167,2020-05-08,Queensland,Total cases,1045.0,107
11168,2020-05-08,Queensland,Total cases per million,206.07375271149675,107
11169,2020-05-08,Queensland,New cases,0.0,107
11170,2020-05-08,Queensland,css_per_prsn,0.0,107
11171,2020-05-08,Queensland,New cases per week,11.0,107
11172,2020-05-08,Queensland,log10(Total cases),3.019116290447073,107
11173,2020-05-08,Queensland,log10(New cases per week),1.0413926851582251,107
11174,2020-05-08,Queensland,Slope of power-law,9.00672794310334,107
11175,2020-05-08,Queensland,Acceleration of power-law,inf,107
11176,2020-05-08,Queensland,Growth Rate,0.13407393219689714,107
11177,2020-05-08,Queensland,Days since first case,107.0,107
11178,2020-05-08,Queensland,Average Growth Rate,3.7558916905873705,107
11179,2020-05-08,Queensland,Doubling time,401.88041089284866,107
11180,2020-05-08,South Australia,Total cases,439.0,107
11181,2020-05-08,South Australia,Total cases per million,261.77698270721527,107
11182,2020-05-08,South Australia,New cases,0.0,107
11183,2020-05-08,South Australia,css_per_prsn,0.0,107
11184,2020-05-08,South Australia,New cases per week,1.0,107
11185,2020-05-08,South Australia,log10(Total cases),2.6424645202421213,107
11186,2020-05-08,South Australia,log10(New cases per week),0.0,107
11187,2020-05-08,South Australia,Slope of power-law,0.0,107
11188,2020-05-08,South Australia,Acceleration of power-law,inf,107
11189,2020-05-08,South Australia,Growth Rate,0.045620437956204386,107
11190,2020-05-08,South Australia,Days since first case,107.0,107
11191,2020-05-08,South Australia,Average Growth Rate,37.9757991781115,107
11192,2020-05-08,South Australia,Doubling time,4063.4105120579306,107
11193,2020-05-08,Tasmania,Total cases,227.0,107
11194,2020-05-08,Tasmania,Total cases per million,440.7766990291262,107
11195,2020-05-08,Tasmania,New cases,0.0,107
11196,2020-05-08,Tasmania,css_per_prsn,0.0,107
11197,2020-05-08,Tasmania,New cases per week,6.0,107
11198,2020-05-08,Tasmania,log10(Total cases),2.3560258571931225,107
11199,2020-05-08,Tasmania,log10(New cases per week),0.7781512503836436,107
11200,2020-05-08,Tasmania,Slope of power-law,-25.743543226017593,107
11201,2020-05-08,Tasmania,Acceleration of power-law,-inf,107
11202,2020-05-08,Tasmania,Growth Rate,0.5328596802841918,107
11203,2020-05-08,Tasmania,Days since first case,107.0,107
11204,2020-05-08,Tasmania,Average Growth Rate,1.6831414090318688,107
11205,2020-05-08,Tasmania,Doubling time,180.09613076640997,107
11206,2020-05-08,Victoria,Total cases,1468.0,107
11207,2020-05-08,Victoria,Total cases per million,230.8539078471458,107
11208,2020-05-08,Victoria,New cases,1.0,107
11209,2020-05-08,Victoria,css_per_prsn,0.15725743041358703,107
11210,2020-05-08,Victoria,New cases per week,97.0,107
11211,2020-05-08,Victoria,log10(Total cases),3.166726055580052,107
11212,2020-05-08,Victoria,log10(New cases per week),1.9867717342662448,107
11213,2020-05-08,Victoria,Slope of power-law,20.836046300089553,107
11214,2020-05-08,Victoria,Acceleration of power-law,4361.183102188253,107
11215,2020-05-08,Victoria,Growth Rate,0.8549365692222834,107
11216,2020-05-08,Victoria,Days since first case,107.0,107
11217,2020-05-08,Victoria,Average Growth Rate,0.6727588207346614,107
11218,2020-05-08,Victoria,Doubling time,71.98519381860878,107
11219,2020-05-08,Western Australia,Total cases,552.0,107
11220,2020-05-08,Western Australia,Total cases per million,213.20973348783315,107
11221,2020-05-08,Western Australia,New cases,0.0,107
11222,2020-05-08,Western Australia,css_per_prsn,0.0,107
11223,2020-05-08,Western Australia,New cases per week,1.0,107
11224,2020-05-08,Western Australia,log10(Total cases),2.741939077729199,107
11225,2020-05-08,Western Australia,log10(New cases per week),0.0,107
11226,2020-05-08,Western Australia,Slope of power-law,-381.92367716131037,107
11227,2020-05-08,Western Australia,Acceleration of power-law,-inf,107
11228,2020-05-08,Western Australia,Growth Rate,0.03627130939426914,107
11229,2020-05-08,Western Australia,Days since first case,107.0,107
11230,2020-05-08,Western Australia,Average Growth Rate,47.76650350872402,107
11231,2020-05-08,Western Australia,Doubling time,5111.015875433471,107
11232,2020-05-09,Australian Capital Territory,Total cases,107.0,108
11233,2020-05-09,Australian Capital Territory,Total cases per million,281.57894736842104,108
11234,2020-05-09,Australian Capital Territory,New cases,0.0,108
11235,2020-05-09,Australian Capital Territory,css_per_prsn,0.0,108
11236,2020-05-09,Australian Capital Territory,New cases per week,1.0,108
11237,2020-05-09,Australian Capital Territory,log10(Total cases),2.0293837776852097,108
11238,2020-05-09,Australian Capital Territory,log10(New cases per week),0.0,108
11239,2020-05-09,Australian Capital Territory,Slope of power-law,-73.81963235776196,108
11240,2020-05-09,Australian Capital Territory,Acceleration of power-law,0.0,108
11241,2020-05-09,Australian Capital Territory,Growth Rate,0.0,108
11242,2020-05-09,Australian Capital Territory,Days since first case,108.0,108
11243,2020-05-09,Australian Capital Territory,Average Growth Rate,4.622404959599916,108
11244,2020-05-09,Australian Capital Territory,Doubling time,499.219735636791,108
11245,2020-05-09,New South Wales,Total cases,3053.0,108
11246,2020-05-09,New South Wales,Total cases per million,404.6924708377519,108
11247,2020-05-09,New South Wales,New cases,2.0,108
11248,2020-05-09,New South Wales,css_per_prsn,0.2651113467656416,108
11249,2020-05-09,New South Wales,New cases per week,18.0,108
11250,2020-05-09,New South Wales,log10(Total cases),3.4847268042986617,108
11251,2020-05-09,New South Wales,log10(New cases per week),1.255272505103306,108
11252,2020-05-09,New South Wales,Slope of power-law,-75.14729127530644,108
11253,2020-05-09,New South Wales,Acceleration of power-law,-18705.005510048282,108
11254,2020-05-09,New South Wales,Growth Rate,0.11813349084465447,108
11255,2020-05-09,New South Wales,Days since first case,108.0,108
11256,2020-05-09,New South Wales,Average Growth Rate,6.67068533139526,108
11257,2020-05-09,New South Wales,Doubling time,720.4340157906881,108
11258,2020-05-09,Northern Territory,Total cases,29.0,108
11259,2020-05-09,Northern Territory,Total cases per million,118.70650839132215,108
11260,2020-05-09,Northern Territory,New cases,0.0,108
11261,2020-05-09,Northern Territory,css_per_prsn,0.0,108
11262,2020-05-09,Northern Territory,New cases per week,0.0,108
11263,2020-05-09,Northern Territory,log10(Total cases),1.462397997898956,108
11264,2020-05-09,Northern Territory,log10(New cases per week),0.0,108
11265,2020-05-09,Northern Territory,Slope of power-law,0.0,108
11266,2020-05-09,Northern Territory,Acceleration of power-law,-inf,108
11267,2020-05-09,Northern Territory,Growth Rate,0.0,108
11268,2020-05-09,Northern Territory,Days since first case,108.0,108
11269,2020-05-09,Northern Territory,Average Growth Rate,1.667332574119559,108
11270,2020-05-09,Northern Territory,Doubling time,180.0719180049124,108
11271,2020-05-09,Queensland,Total cases,1045.0,108
11272,2020-05-09,Queensland,Total cases per million,206.07375271149675,108
11273,2020-05-09,Queensland,New cases,0.0,108
11274,2020-05-09,Queensland,css_per_prsn,0.0,108
11275,2020-05-09,Queensland,New cases per week,10.0,108
11276,2020-05-09,Queensland,log10(Total cases),3.019116290447073,108
11277,2020-05-09,Queensland,log10(New cases per week),1.0,108
11278,2020-05-09,Queensland,Slope of power-law,9.12236324077799,108
11279,2020-05-09,Queensland,Acceleration of power-law,inf,108
11280,2020-05-09,Queensland,Growth Rate,0.0382921692513881,108
11281,2020-05-09,Queensland,Days since first case,108.0,108
11282,2020-05-09,Queensland,Average Growth Rate,4.512088186819358,108
11283,2020-05-09,Queensland,Doubling time,487.3055241764906,108
11284,2020-05-09,South Australia,Total cases,439.0,108
11285,2020-05-09,South Australia,Total cases per million,261.77698270721527,108
11286,2020-05-09,South Australia,New cases,0.0,108
11287,2020-05-09,South Australia,css_per_prsn,0.0,108
11288,2020-05-09,South Australia,New cases per week,1.0,108
11289,2020-05-09,South Australia,log10(Total cases),2.6424645202421213,108
11290,2020-05-09,South Australia,log10(New cases per week),0.0,108
11291,2020-05-09,South Australia,Slope of power-law,0.0,108
11292,2020-05-09,South Australia,Acceleration of power-law,0.0,108
11293,2020-05-09,South Australia,Growth Rate,0.045599635202918376,108
11294,2020-05-09,South Australia,Days since first case,108.0,108
11295,2020-05-09,South Australia,Average Growth Rate,25.32297348293189,108
11296,2020-05-09,South Australia,Doubling time,2734.881136156644,108
11297,2020-05-09,Tasmania,Total cases,227.0,108
11298,2020-05-09,Tasmania,Total cases per million,440.7766990291262,108
11299,2020-05-09,Tasmania,New cases,0.0,108
11300,2020-05-09,Tasmania,css_per_prsn,0.0,108
11301,2020-05-09,Tasmania,New cases per week,6.0,108
11302,2020-05-09,Tasmania,log10(Total cases),2.3560258571931225,108
11303,2020-05-09,Tasmania,log10(New cases per week),0.7781512503836436,108
11304,2020-05-09,Tasmania,Slope of power-law,-23.615894612944334,108
11305,2020-05-09,Tasmania,Acceleration of power-law,inf,108
11306,2020-05-09,Tasmania,Growth Rate,0.5300353356890459,108
11307,2020-05-09,Tasmania,Days since first case,108.0,108
11308,2020-05-09,Tasmania,Average Growth Rate,1.4391828108667808,108
11309,2020-05-09,Tasmania,Doubling time,155.43174357361232,108
11310,2020-05-09,Victoria,Total cases,1487.0,108
11311,2020-05-09,Victoria,Total cases per million,233.84179902500392,108
11312,2020-05-09,Victoria,New cases,19.0,108
11313,2020-05-09,Victoria,css_per_prsn,2.987891177858154,108
11314,2020-05-09,Victoria,New cases per week,103.0,108
11315,2020-05-09,Victoria,log10(Total cases),3.172310968521954,108
11316,2020-05-09,Victoria,log10(New cases per week),2.012837224705172,108
11317,2020-05-09,Victoria,Slope of power-law,15.990942748709402,108
11318,2020-05-09,Victoria,Acceleration of power-law,-867.534302106742,108
11319,2020-05-09,Victoria,Growth Rate,0.8747949699289228,108
11320,2020-05-09,Victoria,Days since first case,108.0,108
11321,2020-05-09,Victoria,Average Growth Rate,0.6750583375439946,108
11322,2020-05-09,Victoria,Doubling time,72.90630045475142,108
11323,2020-05-09,Western Australia,Total cases,552.0,108
11324,2020-05-09,Western Australia,Total cases per million,213.20973348783315,108
11325,2020-05-09,Western Australia,New cases,0.0,108
11326,2020-05-09,Western Australia,css_per_prsn,0.0,108
11327,2020-05-09,Western Australia,New cases per week,1.0,108
11328,2020-05-09,Western Australia,log10(Total cases),2.741939077729199,108
11329,2020-05-09,Western Australia,log10(New cases per week),0.0,108
11330,2020-05-09,Western Australia,Slope of power-law,-887.604765516163,108
11331,2020-05-09,Western Australia,Acceleration of power-law,-inf,108
11332,2020-05-09,Western Australia,Growth Rate,0.03625815808556925,108
11333,2020-05-09,Western Australia,Days since first case,108.0,108
11334,2020-05-09,Western Australia,Average Growth Rate,31.85011015324829,108
11335,2020-05-09,Western Australia,Doubling time,3439.8118965508156,108
11336,2020-05-10,Australian Capital Territory,Total cases,107.0,109
11337,2020-05-10,Australian Capital Territory,Total cases per million,281.57894736842104,109
11338,2020-05-10,Australian Capital Territory,New cases,0.0,109
11339,2020-05-10,Australian Capital Territory,css_per_prsn,0.0,109
11340,2020-05-10,Australian Capital Territory,New cases per week,1.0,109
11341,2020-05-10,Australian Capital Territory,log10(Total cases),2.0293837776852097,109
11342,2020-05-10,Australian Capital Territory,log10(New cases per week),0.0,109
11343,2020-05-10,Australian Capital Territory,Slope of power-law,-73.81963235776196,109
11344,2020-05-10,Australian Capital Territory,Acceleration of power-law,0.0,109
11345,2020-05-10,Australian Capital Territory,Growth Rate,0.0,109
11346,2020-05-10,Australian Capital Territory,Days since first case,109.0,109
11347,2020-05-10,Australian Capital Territory,Average Growth Rate,6.168995484428882,109
11348,2020-05-10,Australian Capital Territory,Doubling time,672.4205078027481,109
11349,2020-05-10,New South Wales,Total cases,3053.0,109
11350,2020-05-10,New South Wales,Total cases per million,404.6924708377519,109
11351,2020-05-10,New South Wales,New cases,0.0,109
11352,2020-05-10,New South Wales,css_per_prsn,0.0,109
11353,2020-05-10,New South Wales,New cases per week,20.0,109
11354,2020-05-10,New South Wales,log10(Total cases),3.4847268042986617,109
11355,2020-05-10,New South Wales,log10(New cases per week),1.3010299956639813,109
11356,2020-05-10,New South Wales,Slope of power-law,-97.25686579105994,109
11357,2020-05-10,New South Wales,Acceleration of power-law,-inf,109
11358,2020-05-10,New South Wales,Growth Rate,0.07214060860440714,109
11359,2020-05-10,New South Wales,Days since first case,109.0,109
11360,2020-05-10,New South Wales,Average Growth Rate,7.225379251355396,109
11361,2020-05-10,New South Wales,Doubling time,787.5663383977381,109
11362,2020-05-10,Northern Territory,Total cases,29.0,109
11363,2020-05-10,Northern Territory,Total cases per million,118.70650839132215,109
11364,2020-05-10,Northern Territory,New cases,0.0,109
11365,2020-05-10,Northern Territory,css_per_prsn,0.0,109
11366,2020-05-10,Northern Territory,New cases per week,0.0,109
11367,2020-05-10,Northern Territory,log10(Total cases),1.462397997898956,109
11368,2020-05-10,Northern Territory,log10(New cases per week),0.0,109
11369,2020-05-10,Northern Territory,Slope of power-law,0.0,109
11370,2020-05-10,Northern Territory,Acceleration of power-law,0.0,109
11371,2020-05-10,Northern Territory,Growth Rate,0.0,109
11372,2020-05-10,Northern Territory,Days since first case,109.0,109
11373,2020-05-10,Northern Territory,Average Growth Rate,2.512658529529836,109
11374,2020-05-10,Northern Territory,Doubling time,273.8797797187521,109
11375,2020-05-10,Queensland,Total cases,1045.0,109
11376,2020-05-10,Queensland,Total cases per million,206.07375271149675,109
11377,2020-05-10,Queensland,New cases,0.0,109
11378,2020-05-10,Queensland,css_per_prsn,0.0,109
11379,2020-05-10,Queensland,New cases per week,7.0,109
11380,2020-05-10,Queensland,log10(Total cases),3.019116290447073,109
11381,2020-05-10,Queensland,log10(New cases per week),0.8450980400142568,109
11382,2020-05-10,Queensland,Slope of power-law,0.0,109
11383,2020-05-10,Queensland,Acceleration of power-law,-inf,109
11384,2020-05-10,Queensland,Growth Rate,0.03827751196172249,109
11385,2020-05-10,Queensland,Days since first case,109.0,109
11386,2020-05-10,Queensland,Average Growth Rate,5.646260787644629,109
11387,2020-05-10,Queensland,Doubling time,615.4424258532646,109
11388,2020-05-10,South Australia,Total cases,439.0,109
11389,2020-05-10,South Australia,Total cases per million,261.77698270721527,109
11390,2020-05-10,South Australia,New cases,0.0,109
11391,2020-05-10,South Australia,css_per_prsn,0.0,109
11392,2020-05-10,South Australia,New cases per week,1.0,109
11393,2020-05-10,South Australia,log10(Total cases),2.6424645202421213,109
11394,2020-05-10,South Australia,log10(New cases per week),0.0,109
11395,2020-05-10,South Australia,Slope of power-law,0.0,109
11396,2020-05-10,South Australia,Acceleration of power-law,0.0,109
11397,2020-05-10,South Australia,Growth Rate,0.04557885141294439,109
11398,2020-05-10,South Australia,Days since first case,109.0,109
11399,2020-05-10,South Australia,Average Growth Rate,18.996559977457093,109
11400,2020-05-10,South Australia,Doubling time,2070.625037542823,109
11401,2020-05-10,Tasmania,Total cases,227.0,109
11402,2020-05-10,Tasmania,Total cases per million,440.7766990291262,109
11403,2020-05-10,Tasmania,New cases,0.0,109
11404,2020-05-10,Tasmania,css_per_prsn,0.0,109
11405,2020-05-10,Tasmania,New cases per week,6.0,109
11406,2020-05-10,Tasmania,log10(Total cases),2.3560258571931225,109
11407,2020-05-10,Tasmania,log10(New cases per week),0.7781512503836436,109
11408,2020-05-10,Tasmania,Slope of power-law,-31.630562074116973,109
11409,2020-05-10,Tasmania,Acceleration of power-law,-inf,109
11410,2020-05-10,Tasmania,Growth Rate,0.1763668430335097,109
11411,2020-05-10,Tasmania,Days since first case,109.0,109
11412,2020-05-10,Tasmania,Average Growth Rate,1.5584682066199018,109
11413,2020-05-10,Tasmania,Doubling time,169.8730345215693,109
11414,2020-05-10,Victoria,Total cases,1496.0,109
11415,2020-05-10,Victoria,Total cases per million,235.25711589872623,109
11416,2020-05-10,Victoria,New cases,9.0,109
11417,2020-05-10,Victoria,css_per_prsn,1.4153168737222834,109
11418,2020-05-10,Victoria,New cases per week,90.0,109
11419,2020-05-10,Victoria,log10(Total cases),3.1749315935284423,109
11420,2020-05-10,Victoria,log10(New cases per week),1.954242509439325,109
11421,2020-05-10,Victoria,Slope of power-law,13.033772117515312,109
11422,2020-05-10,Victoria,Acceleration of power-law,-1128.4218932020715,109
11423,2020-05-10,Victoria,Growth Rate,0.7596310363537709,109
11424,2020-05-10,Victoria,Days since first case,109.0,109
11425,2020-05-10,Victoria,Average Growth Rate,0.720286670275942,109
11426,2020-05-10,Victoria,Doubling time,78.51124706007768,109
11427,2020-05-10,Western Australia,Total cases,552.0,109
11428,2020-05-10,Western Australia,Total cases per million,213.20973348783315,109
11429,2020-05-10,Western Australia,New cases,0.0,109
11430,2020-05-10,Western Australia,css_per_prsn,0.0,109
11431,2020-05-10,Western Australia,New cases per week,1.0,109
11432,2020-05-10,Western Australia,log10(Total cases),2.741939077729199,109
11433,2020-05-10,Western Australia,log10(New cases per week),0.0,109
11434,2020-05-10,Western Australia,Slope of power-law,-887.604765516163,109
11435,2020-05-10,Western Australia,Acceleration of power-law,0.0,109
11436,2020-05-10,Western Australia,Growth Rate,0.036245016310257346,109
11437,2020-05-10,Western Australia,Days since first case,109.0,109
11438,2020-05-10,Western Australia,Average Growth Rate,23.891912952302288,109
11439,2020-05-10,Western Australia,Doubling time,2604.2185118009493,109
11440,2020-05-11,Australian Capital Territory,Total cases,107.0,110
11441,2020-05-11,Australian Capital Territory,Total cases per million,281.57894736842104,110
11442,2020-05-11,Australian Capital Territory,New cases,0.0,110
11443,2020-05-11,Australian Capital Territory,css_per_prsn,0.0,110
11444,2020-05-11,Australian Capital Territory,New cases per week,0.0,110
11445,2020-05-11,Australian Capital Territory,log10(Total cases),2.0293837776852097,110
11446,2020-05-11,Australian Capital Territory,log10(New cases per week),0.0,110
11447,2020-05-11,Australian Capital Territory,Slope of power-law,0.0,110
11448,2020-05-11,Australian Capital Territory,Acceleration of power-law,inf,110
11449,2020-05-11,Australian Capital Territory,Growth Rate,0.0,110
11450,2020-05-11,Australian Capital Territory,Days since first case,110.0,110
11451,2020-05-11,Australian Capital Territory,Average Growth Rate,9.262171095144343,110
11452,2020-05-11,Australian Capital Territory,Doubling time,1018.8388204658777,110
11453,2020-05-11,New South Wales,Total cases,3053.0,110
11454,2020-05-11,New South Wales,Total cases per million,404.6924708377519,110
11455,2020-05-11,New South Wales,New cases,0.0,110
11456,2020-05-11,New South Wales,css_per_prsn,0.0,110
11457,2020-05-11,New South Wales,New cases per week,18.0,110
11458,2020-05-11,New South Wales,log10(Total cases),3.4847268042986617,110
11459,2020-05-11,New South Wales,log10(New cases per week),1.255272505103306,110
11460,2020-05-11,New South Wales,Slope of power-law,-129.70338943025143,110
11461,2020-05-11,New South Wales,Acceleration of power-law,-inf,110
11462,2020-05-11,New South Wales,Growth Rate,0.05898931637936685,110
11463,2020-05-11,New South Wales,Days since first case,110.0,110
11464,2020-05-11,New South Wales,Average Growth Rate,7.7623750305815005,110
11465,2020-05-11,New South Wales,Doubling time,853.861253363965,110
11466,2020-05-11,Northern Territory,Total cases,29.0,110
11467,2020-05-11,Northern Territory,Total cases per million,118.70650839132215,110
11468,2020-05-11,Northern Territory,New cases,0.0,110
11469,2020-05-11,Northern Territory,css_per_prsn,0.0,110
11470,2020-05-11,Northern Territory,New cases per week,0.0,110
11471,2020-05-11,Northern Territory,log10(Total cases),1.462397997898956,110
11472,2020-05-11,Northern Territory,log10(New cases per week),0.0,110
11473,2020-05-11,Northern Territory,Slope of power-law,0.0,110
11474,2020-05-11,Northern Territory,Acceleration of power-law,0.0,110
11475,2020-05-11,Northern Territory,Growth Rate,0.0,110
11476,2020-05-11,Northern Territory,Days since first case,110.0,110
11477,2020-05-11,Northern Territory,Average Growth Rate,inf,110
11478,2020-05-11,Northern Territory,Doubling time,inf,110
11479,2020-05-11,Queensland,Total cases,1051.0,110
11480,2020-05-11,Queensland,Total cases per million,207.25695129165845,110
11481,2020-05-11,Queensland,New cases,6.0,110
11482,2020-05-11,Queensland,css_per_prsn,1.1831985801617038,110
11483,2020-05-11,Queensland,New cases per week,8.0,110
11484,2020-05-11,Queensland,log10(Total cases),3.021602716028242,110
11485,2020-05-11,Queensland,log10(New cases per week),0.9030899869919435,110
11486,2020-05-11,Queensland,Slope of power-law,0.0,110
11487,2020-05-11,Queensland,Acceleration of power-law,0.0,110
11488,2020-05-11,Queensland,Growth Rate,0.11470082202255781,110
11489,2020-05-11,Queensland,Days since first case,110.0,110
11490,2020-05-11,Queensland,Average Growth Rate,6.701791149536366,110
11491,2020-05-11,Queensland,Doubling time,737.1970264490002,110
11492,2020-05-11,South Australia,Total cases,439.0,110
11493,2020-05-11,South Australia,Total cases per million,261.77698270721527,110
11494,2020-05-11,South Australia,New cases,0.0,110
11495,2020-05-11,South Australia,css_per_prsn,0.0,110
11496,2020-05-11,South Australia,New cases per week,1.0,110
11497,2020-05-11,South Australia,log10(Total cases),2.6424645202421213,110
11498,2020-05-11,South Australia,log10(New cases per week),0.0,110
11499,2020-05-11,South Australia,Slope of power-law,0.0,110
11500,2020-05-11,South Australia,Acceleration of power-law,0.0,110
11501,2020-05-11,South Australia,Growth Rate,0.04555808656036447,110
11502,2020-05-11,South Australia,Days since first case,110.0,110
11503,2020-05-11,South Australia,Average Growth Rate,15.20071134822433,110
11504,2020-05-11,South Australia,Doubling time,1672.0782483046762,110
11505,2020-05-11,Tasmania,Total cases,227.0,110
11506,2020-05-11,Tasmania,Total cases per million,440.7766990291262,110
11507,2020-05-11,Tasmania,New cases,0.0,110
11508,2020-05-11,Tasmania,css_per_prsn,0.0,110
11509,2020-05-11,Tasmania,New cases per week,6.0,110
11510,2020-05-11,Tasmania,log10(Total cases),2.3560258571931225,110
11511,2020-05-11,Tasmania,log10(New cases per week),0.7781512503836436,110
11512,2020-05-11,Tasmania,Slope of power-law,-31.630562074116973,110
11513,2020-05-11,Tasmania,Acceleration of power-law,0.0,110
11514,2020-05-11,Tasmania,Growth Rate,0.0881057268722467,110
11515,2020-05-11,Tasmania,Days since first case,110.0,110
11516,2020-05-11,Tasmania,Average Growth Rate,1.860216641921309,110
11517,2020-05-11,Tasmania,Doubling time,204.623830611344,110
11518,2020-05-11,Victoria,Total cases,1511.0,110
11519,2020-05-11,Victoria,Total cases per million,237.61597735493,110
11520,2020-05-11,Victoria,New cases,15.0,110
11521,2020-05-11,Victoria,css_per_prsn,2.3588614562038055,110
11522,2020-05-11,Victoria,New cases per week,88.0,110
11523,2020-05-11,Victoria,log10(Total cases),3.1792644643390253,110
11524,2020-05-11,Victoria,log10(New cases per week),1.9444826721501687,110
11525,2020-05-11,Victoria,Slope of power-law,11.777406122610167,110
11526,2020-05-11,Victoria,Acceleration of power-law,-289.961563551927,110
11527,2020-05-11,Victoria,Growth Rate,0.7672634271099744,110
11528,2020-05-11,Victoria,Days since first case,110.0,110
11529,2020-05-11,Victoria,Average Growth Rate,0.7857017307127663,110
11530,2020-05-11,Victoria,Doubling time,86.42719037840429,110
11531,2020-05-11,Western Australia,Total cases,553.0,110
11532,2020-05-11,Western Australia,Total cases per million,213.59598300502125,110
11533,2020-05-11,Western Australia,New cases,1.0,110
11534,2020-05-11,Western Australia,css_per_prsn,0.3862495171881035,110
11535,2020-05-11,Western Australia,New cases per week,2.0,110
11536,2020-05-11,Western Australia,log10(Total cases),2.7427251313046983,110
11537,2020-05-11,Western Australia,log10(New cases per week),0.3010299956639812,110
11538,2020-05-11,Western Australia,Slope of power-law,-111.90824741469551,110
11539,2020-05-11,Western Australia,Acceleration of power-law,986823.9802976825,110
11540,2020-05-11,Western Australia,Growth Rate,0.07243752263672583,110
11541,2020-05-11,Western Australia,Days since first case,110.0,110
11542,2020-05-11,Western Australia,Average Growth Rate,15.934676072944692,110
11543,2020-05-11,Western Australia,Doubling time,1752.8143680239161,110
11544,2020-05-12,Australian Capital Territory,Total cases,107.0,111
11545,2020-05-12,Australian Capital Territory,Total cases per million,281.57894736842104,111
11546,2020-05-12,Australian Capital Territory,New cases,0.0,111
11547,2020-05-12,Australian Capital Territory,css_per_prsn,0.0,111
11548,2020-05-12,Australian Capital Territory,New cases per week,0.0,111
11549,2020-05-12,Australian Capital Territory,log10(Total cases),2.0293837776852097,111
11550,2020-05-12,Australian Capital Territory,log10(New cases per week),0.0,111
11551,2020-05-12,Australian Capital Territory,Slope of power-law,0.0,111
11552,2020-05-12,Australian Capital Territory,Acceleration of power-law,0.0,111
11553,2020-05-12,Australian Capital Territory,Growth Rate,0.0,111
11554,2020-05-12,Australian Capital Territory,Days since first case,111.0,111
11555,2020-05-12,Australian Capital Territory,Average Growth Rate,18.541687079981404,111
11556,2020-05-12,Australian Capital Territory,Doubling time,2058.1272658779358,111
11557,2020-05-12,New South Wales,Total cases,3059.0,111
11558,2020-05-12,New South Wales,Total cases per million,405.4878048780488,111
11559,2020-05-12,New South Wales,New cases,6.0,111
11560,2020-05-12,New South Wales,css_per_prsn,0.7953340402969248,111
11561,2020-05-12,New South Wales,New cases per week,17.0,111
11562,2020-05-12,New South Wales,log10(Total cases),3.485579476984679,111
11563,2020-05-12,New South Wales,log10(New cases per week),1.2304489213782739,111
11564,2020-05-12,New South Wales,Slope of power-law,-111.76829830767417,111
11565,2020-05-12,New South Wales,Acceleration of power-law,21033.969325734644,111
11566,2020-05-12,New South Wales,Growth Rate,0.07859060842229354,111
11567,2020-05-12,New South Wales,Days since first case,111.0,111
11568,2020-05-12,New South Wales,Average Growth Rate,7.768492098308741,111
11569,2020-05-12,New South Wales,Doubling time,862.3026229122702,111
11570,2020-05-12,Northern Territory,Total cases,29.0,111
11571,2020-05-12,Northern Territory,Total cases per million,118.70650839132215,111
11572,2020-05-12,Northern Territory,New cases,0.0,111
11573,2020-05-12,Northern Territory,css_per_prsn,0.0,111
11574,2020-05-12,Northern Territory,New cases per week,0.0,111
11575,2020-05-12,Northern Territory,log10(Total cases),1.462397997898956,111
11576,2020-05-12,Northern Territory,log10(New cases per week),0.0,111
11577,2020-05-12,Northern Territory,Slope of power-law,0.0,111
11578,2020-05-12,Northern Territory,Acceleration of power-law,0.0,111
11579,2020-05-12,Northern Territory,Growth Rate,0.0,111
11580,2020-05-12,Northern Territory,Days since first case,111.0,111
11581,2020-05-12,Northern Territory,Average Growth Rate,inf,111
11582,2020-05-12,Northern Territory,Doubling time,inf,111
11583,2020-05-12,Queensland,Total cases,1052.0,111
11584,2020-05-12,Queensland,Total cases per million,207.45415105501874,111
11585,2020-05-12,Queensland,New cases,1.0,111
11586,2020-05-12,Queensland,css_per_prsn,0.19719976336028397,111
11587,2020-05-12,Queensland,New cases per week,9.0,111
11588,2020-05-12,Queensland,log10(Total cases),3.02201573981772,111
11589,2020-05-12,Queensland,log10(New cases per week),0.9542425094393249,111
11590,2020-05-12,Queensland,Slope of power-law,0.0,111
11591,2020-05-12,Queensland,Acceleration of power-law,0.0,111
11592,2020-05-12,Queensland,Growth Rate,0.13363879343260787,111
11593,2020-05-12,Queensland,Days since first case,111.0,111
11594,2020-05-12,Queensland,Average Growth Rate,7.550898779828656,111
11595,2020-05-12,Queensland,Doubling time,838.1497645609808,111
11596,2020-05-12,South Australia,Total cases,439.0,111
11597,2020-05-12,South Australia,Total cases per million,261.77698270721527,111
11598,2020-05-12,South Australia,New cases,0.0,111
11599,2020-05-12,South Australia,css_per_prsn,0.0,111
11600,2020-05-12,South Australia,New cases per week,1.0,111
11601,2020-05-12,South Australia,log10(Total cases),2.6424645202421213,111
11602,2020-05-12,South Australia,log10(New cases per week),0.0,111
11603,2020-05-12,South Australia,Slope of power-law,0.0,111
11604,2020-05-12,South Australia,Acceleration of power-law,0.0,111
11605,2020-05-12,South Australia,Growth Rate,0.0,111
11606,2020-05-12,South Australia,Days since first case,111.0,111
11607,2020-05-12,South Australia,Average Growth Rate,19.00522431946609,111
11608,2020-05-12,South Australia,Doubling time,2109.579899460736,111
11609,2020-05-12,Tasmania,Total cases,227.0,111
11610,2020-05-12,Tasmania,Total cases per million,440.7766990291262,111
11611,2020-05-12,Tasmania,New cases,0.0,111
11612,2020-05-12,Tasmania,css_per_prsn,0.0,111
11613,2020-05-12,Tasmania,New cases per week,2.0,111
11614,2020-05-12,Tasmania,log10(Total cases),2.3560258571931225,111
11615,2020-05-12,Tasmania,log10(New cases per week),0.3010299956639812,111
11616,2020-05-12,Tasmania,Slope of power-law,-72.64296847418059,111
11617,2020-05-12,Tasmania,Acceleration of power-law,-inf,111
11618,2020-05-12,Tasmania,Growth Rate,0.0,111
11619,2020-05-12,Tasmania,Days since first case,111.0,111
11620,2020-05-12,Tasmania,Average Growth Rate,2.6109842817237965,111
11621,2020-05-12,Tasmania,Doubling time,289.81925527134143,111
11622,2020-05-12,Victoria,Total cases,1514.0,111
11623,2020-05-12,Victoria,Total cases per million,238.08774964617078,111
11624,2020-05-12,Victoria,New cases,3.0,111
11625,2020-05-12,Victoria,css_per_prsn,0.47177229124076114,111
11626,2020-05-12,Victoria,New cases per week,74.0,111
11627,2020-05-12,Victoria,log10(Total cases),3.180125875164054,111
11628,2020-05-12,Victoria,log10(New cases per week),1.8692317197309762,111
11629,2020-05-12,Victoria,Slope of power-law,7.42369117430649,111
11630,2020-05-12,Victoria,Acceleration of power-law,-5054.167908975148,111
11631,2020-05-12,Victoria,Growth Rate,0.6286784376672018,111
11632,2020-05-12,Victoria,Days since first case,111.0,111
11633,2020-05-12,Victoria,Average Growth Rate,0.8920114127653757,111
11634,2020-05-12,Victoria,Doubling time,99.0132668169567,111
11635,2020-05-12,Western Australia,Total cases,553.0,111
11636,2020-05-12,Western Australia,Total cases per million,213.59598300502125,111
11637,2020-05-12,Western Australia,New cases,0.0,111
11638,2020-05-12,Western Australia,css_per_prsn,0.0,111
11639,2020-05-12,Western Australia,New cases per week,2.0,111
11640,2020-05-12,Western Australia,log10(Total cases),2.7427251313046983,111
11641,2020-05-12,Western Australia,log10(New cases per week),0.3010299956639812,111
11642,2020-05-12,Western Australia,Slope of power-law,0.0,111
11643,2020-05-12,Western Australia,Acceleration of power-law,inf,111
11644,2020-05-12,Western Australia,Growth Rate,0.036205648081100654,111
11645,2020-05-12,Western Australia,Days since first case,111.0,111
11646,2020-05-12,Western Australia,Average Growth Rate,15.94045299883226,111
11647,2020-05-12,Western Australia,Doubling time,1769.3902828703808,111
11648,2020-05-13,Australian Capital Territory,Total cases,107.0,112
11649,2020-05-13,Australian Capital Territory,Total cases per million,281.57894736842104,112
11650,2020-05-13,Australian Capital Territory,New cases,0.0,112
11651,2020-05-13,Australian Capital Territory,css_per_prsn,0.0,112
11652,2020-05-13,Australian Capital Territory,New cases per week,0.0,112
11653,2020-05-13,Australian Capital Territory,log10(Total cases),2.0293837776852097,112
11654,2020-05-13,Australian Capital Territory,log10(New cases per week),0.0,112
11655,2020-05-13,Australian Capital Territory,Slope of power-law,0.0,112
11656,2020-05-13,Australian Capital Territory,Acceleration of power-law,0.0,112
11657,2020-05-13,Australian Capital Territory,Growth Rate,0.0,112
11658,2020-05-13,Australian Capital Territory,Days since first case,112.0,112
11659,2020-05-13,Australian Capital Territory,Average Growth Rate,inf,112
11660,2020-05-13,Australian Capital Territory,Doubling time,inf,112
11661,2020-05-13,New South Wales,Total cases,3063.0,112
11662,2020-05-13,New South Wales,Total cases per million,406.0180275715801,112
11663,2020-05-13,New South Wales,New cases,4.0,112
11664,2020-05-13,New South Wales,css_per_prsn,0.5302226935312832,112
11665,2020-05-13,New South Wales,New cases per week,19.0,112
11666,2020-05-13,New South Wales,log10(Total cases),3.4861469968065726,112
11667,2020-05-13,New South Wales,log10(New cases per week),1.2787536009528289,112
11668,2020-05-13,New South Wales,Slope of power-law,-49.73769815744906,112
11669,2020-05-13,New South Wales,Acceleration of power-law,109301.20456980247,112
11670,2020-05-13,New South Wales,Growth Rate,0.07852889208821412,112
11671,2020-05-13,New South Wales,Days since first case,112.0,112
11672,2020-05-13,New South Wales,Average Growth Rate,8.52825196005346,112
11673,2020-05-13,New South Wales,Doubling time,955.1642195259875,112
11674,2020-05-13,Northern Territory,Total cases,29.0,112
11675,2020-05-13,Northern Territory,Total cases per million,118.70650839132215,112
11676,2020-05-13,Northern Territory,New cases,0.0,112
11677,2020-05-13,Northern Territory,css_per_prsn,0.0,112
11678,2020-05-13,Northern Territory,New cases per week,0.0,112
11679,2020-05-13,Northern Territory,log10(Total cases),1.462397997898956,112
11680,2020-05-13,Northern Territory,log10(New cases per week),0.0,112
11681,2020-05-13,Northern Territory,Slope of power-law,0.0,112
11682,2020-05-13,Northern Territory,Acceleration of power-law,0.0,112
11683,2020-05-13,Northern Territory,Growth Rate,0.0,112
11684,2020-05-13,Northern Territory,Days since first case,112.0,112
11685,2020-05-13,Northern Territory,Average Growth Rate,inf,112
11686,2020-05-13,Northern Territory,Doubling time,inf,112
11687,2020-05-13,Queensland,Total cases,1051.0,112
11688,2020-05-13,Queensland,Total cases per million,207.25695129165845,112
11689,2020-05-13,Queensland,New cases,-1.0,112
11690,2020-05-13,Queensland,css_per_prsn,-0.19719976336028397,112
11691,2020-05-13,Queensland,New cases per week,6.0,112
11692,2020-05-13,Queensland,log10(Total cases),3.021602716028242,112
11693,2020-05-13,Queensland,log10(New cases per week),0.7781512503836436,112
11694,2020-05-13,Queensland,Slope of power-law,-23.113849671141534,112
11695,2020-05-13,Queensland,Acceleration of power-law,55962.514169843176,112
11696,2020-05-13,Queensland,Growth Rate,0.11441647597254005,112
11697,2020-05-13,Queensland,Days since first case,112.0,112
11698,2020-05-13,Queensland,Average Growth Rate,7.888760729804427,112
11699,2020-05-13,Queensland,Doubling time,883.5412017380959,112
11700,2020-05-13,South Australia,Total cases,439.0,112
11701,2020-05-13,South Australia,Total cases per million,261.77698270721527,112
11702,2020-05-13,South Australia,New cases,0.0,112
11703,2020-05-13,South Australia,css_per_prsn,0.0,112
11704,2020-05-13,South Australia,New cases per week,1.0,112
11705,2020-05-13,South Australia,log10(Total cases),2.6424645202421213,112
11706,2020-05-13,South Australia,log10(New cases per week),0.0,112
11707,2020-05-13,South Australia,Slope of power-law,0.0,112
11708,2020-05-13,South Australia,Acceleration of power-law,0.0,112
11709,2020-05-13,South Australia,Growth Rate,0.0,112
11710,2020-05-13,South Australia,Days since first case,112.0,112
11711,2020-05-13,South Australia,Average Growth Rate,25.34607839215339,112
11712,2020-05-13,South Australia,Doubling time,2838.7607799211796,112
11713,2020-05-13,Tasmania,Total cases,227.0,112
11714,2020-05-13,Tasmania,Total cases per million,440.7766990291262,112
11715,2020-05-13,Tasmania,New cases,0.0,112
11716,2020-05-13,Tasmania,css_per_prsn,0.0,112
11717,2020-05-13,Tasmania,New cases per week,1.0,112
11718,2020-05-13,Tasmania,log10(Total cases),2.3560258571931225,112
11719,2020-05-13,Tasmania,log10(New cases per week),0.0,112
11720,2020-05-13,Tasmania,Slope of power-law,-82.02481280012725,112
11721,2020-05-13,Tasmania,Acceleration of power-law,-inf,112
11722,2020-05-13,Tasmania,Growth Rate,0.0,112
11723,2020-05-13,Tasmania,Days since first case,112.0,112
11724,2020-05-13,Tasmania,Average Growth Rate,4.362116321806907,112
11725,2020-05-13,Tasmania,Doubling time,488.55702804237353,112
11726,2020-05-13,Victoria,Total cases,1521.0,112
11727,2020-05-13,Victoria,Total cases per million,239.1885516590659,112
11728,2020-05-13,Victoria,New cases,7.0,112
11729,2020-05-13,Victoria,css_per_prsn,1.1008020128951093,112
11730,2020-05-13,Victoria,New cases per week,67.0,112
11731,2020-05-13,Victoria,log10(Total cases),3.182129214052998,112
11732,2020-05-13,Victoria,log10(New cases per week),1.8260748027008264,112
11733,2020-05-13,Victoria,Slope of power-law,2.0560029950091767,112
11734,2020-05-13,Victoria,Acceleration of power-law,-2679.3710284964054,112
11735,2020-05-13,Victoria,Growth Rate,0.7039447469783504,112
11736,2020-05-13,Victoria,Days since first case,112.0,112
11737,2020-05-13,Victoria,Average Growth Rate,0.9280786739864202,112
11738,2020-05-13,Victoria,Doubling time,103.94481148647907,112
11739,2020-05-13,Western Australia,Total cases,552.0,112
11740,2020-05-13,Western Australia,Total cases per million,213.20973348783315,112
11741,2020-05-13,Western Australia,New cases,-1.0,112
11742,2020-05-13,Western Australia,css_per_prsn,-0.3862495171881035,112
11743,2020-05-13,Western Australia,New cases per week,1.0,112
11744,2020-05-13,Western Australia,log10(Total cases),2.741939077729199,112
11745,2020-05-13,Western Australia,log10(New cases per week),0.0,112
11746,2020-05-13,Western Australia,Slope of power-law,-382.2705653420422,112
11747,2020-05-13,Western Australia,Acceleration of power-law,486316.1713871895,112
11748,2020-05-13,Western Australia,Growth Rate,0.0,112
11749,2020-05-13,Western Australia,Days since first case,112.0,112
11750,2020-05-13,Western Australia,Average Growth Rate,19.13224305257431,112
11751,2020-05-13,Western Australia,Doubling time,2142.8112218883225,112
11752,2020-05-14,Australian Capital Territory,Total cases,107.0,113
11753,2020-05-14,Australian Capital Territory,Total cases per million,281.57894736842104,113
11754,2020-05-14,Australian Capital Territory,New cases,0.0,113
11755,2020-05-14,Australian Capital Territory,css_per_prsn,0.0,113
11756,2020-05-14,Australian Capital Territory,New cases per week,0.0,113
11757,2020-05-14,Australian Capital Territory,log10(Total cases),2.0293837776852097,113
11758,2020-05-14,Australian Capital Territory,log10(New cases per week),0.0,113
11759,2020-05-14,Australian Capital Territory,Slope of power-law,0.0,113
11760,2020-05-14,Australian Capital Territory,Acceleration of power-law,0.0,113
11761,2020-05-14,Australian Capital Territory,Growth Rate,0.0,113
11762,2020-05-14,Australian Capital Territory,Days since first case,113.0,113
11763,2020-05-14,Australian Capital Territory,Average Growth Rate,inf,113
11764,2020-05-14,Australian Capital Territory,Doubling time,inf,113
11765,2020-05-14,New South Wales,Total cases,3071.0,113
11766,2020-05-14,New South Wales,Total cases per million,407.07847295864264,113
11767,2020-05-14,New South Wales,New cases,8.0,113
11768,2020-05-14,New South Wales,css_per_prsn,1.0604453870625663,113
11769,2020-05-14,New South Wales,New cases per week,24.0,113
11770,2020-05-14,New South Wales,log10(Total cases),3.4872798164430687,113
11771,2020-05-14,New South Wales,log10(New cases per week),1.380211241711606,113
11772,2020-05-14,New South Wales,Slope of power-law,-21.704320486204427,113
11773,2020-05-14,New South Wales,Acceleration of power-law,24746.54990793862,113
11774,2020-05-14,New South Wales,Growth Rate,0.11765474867638408,113
11775,2020-05-14,New South Wales,Days since first case,113.0,113
11776,2020-05-14,New South Wales,Average Growth Rate,8.538310575102823,113
11777,2020-05-14,New South Wales,Doubling time,964.829094986619,113
11778,2020-05-14,Northern Territory,Total cases,29.0,113
11779,2020-05-14,Northern Territory,Total cases per million,118.70650839132215,113
11780,2020-05-14,Northern Territory,New cases,0.0,113
11781,2020-05-14,Northern Territory,css_per_prsn,0.0,113
11782,2020-05-14,Northern Territory,New cases per week,0.0,113
11783,2020-05-14,Northern Territory,log10(Total cases),1.462397997898956,113
11784,2020-05-14,Northern Territory,log10(New cases per week),0.0,113
11785,2020-05-14,Northern Territory,Slope of power-law,0.0,113
11786,2020-05-14,Northern Territory,Acceleration of power-law,0.0,113
11787,2020-05-14,Northern Territory,Growth Rate,0.0,113
11788,2020-05-14,Northern Territory,Days since first case,113.0,113
11789,2020-05-14,Northern Territory,Average Growth Rate,inf,113
11790,2020-05-14,Northern Territory,Doubling time,inf,113
11791,2020-05-14,Queensland,Total cases,1054.0,113
11792,2020-05-14,Queensland,Total cases per million,207.84855058173932,113
11793,2020-05-14,Queensland,New cases,3.0,113
11794,2020-05-14,Queensland,css_per_prsn,0.5915992900808519,113
11795,2020-05-14,Queensland,New cases per week,9.0,113
11796,2020-05-14,Queensland,log10(Total cases),3.022840610876528,113
11797,2020-05-14,Queensland,log10(New cases per week),0.9542425094393249,113
11798,2020-05-14,Queensland,Slope of power-law,-10.042680674261371,113
11799,2020-05-14,Queensland,Acceleration of power-law,10559.191691426962,113
11800,2020-05-14,Queensland,Growth Rate,0.17133066818960596,113
11801,2020-05-14,Queensland,Days since first case,113.0,113
11802,2020-05-14,Queensland,Average Growth Rate,6.05512271623556,113
11803,2020-05-14,Queensland,Doubling time,684.2288669346183,113
11804,2020-05-14,South Australia,Total cases,439.0,113
11805,2020-05-14,South Australia,Total cases per million,261.77698270721527,113
11806,2020-05-14,South Australia,New cases,0.0,113
11807,2020-05-14,South Australia,css_per_prsn,0.0,113
11808,2020-05-14,South Australia,New cases per week,0.0,113
11809,2020-05-14,South Australia,log10(Total cases),2.6424645202421213,113
11810,2020-05-14,South Australia,log10(New cases per week),0.0,113
11811,2020-05-14,South Australia,Slope of power-law,0.0,113
11812,2020-05-14,South Australia,Acceleration of power-law,0.0,113
11813,2020-05-14,South Australia,Growth Rate,0.0,113
11814,2020-05-14,South Australia,Days since first case,113.0,113
11815,2020-05-14,South Australia,Average Growth Rate,38.02778521935588,113
11816,2020-05-14,South Australia,Doubling time,4297.1397297872145,113
11817,2020-05-14,Tasmania,Total cases,227.0,113
11818,2020-05-14,Tasmania,Total cases per million,440.7766990291262,113
11819,2020-05-14,Tasmania,New cases,0.0,113
11820,2020-05-14,Tasmania,css_per_prsn,0.0,113
11821,2020-05-14,Tasmania,New cases per week,0.0,113
11822,2020-05-14,Tasmania,log10(Total cases),2.3560258571931225,113
11823,2020-05-14,Tasmania,log10(New cases per week),0.0,113
11824,2020-05-14,Tasmania,Slope of power-law,-72.6429684741806,113
11825,2020-05-14,Tasmania,Acceleration of power-law,inf,113
11826,2020-05-14,Tasmania,Growth Rate,0.0,113
11827,2020-05-14,Tasmania,Days since first case,113.0,113
11828,2020-05-14,Tasmania,Average Growth Rate,13.104330267727464,113
11829,2020-05-14,Tasmania,Doubling time,1480.7893202532034,113
11830,2020-05-14,Victoria,Total cases,1540.0,113
11831,2020-05-14,Victoria,Total cases per million,242.17644283692405,113
11832,2020-05-14,Victoria,New cases,19.0,113
11833,2020-05-14,Victoria,css_per_prsn,2.987891177858154,113
11834,2020-05-14,Victoria,New cases per week,73.0,113
11835,2020-05-14,Victoria,log10(Total cases),3.187520720836463,113
11836,2020-05-14,Victoria,log10(New cases per week),1.863322860120456,113
11837,2020-05-14,Victoria,Slope of power-law,-0.17219053722167332,113
11838,2020-05-14,Victoria,Acceleration of power-law,-413.2784436188512,113
11839,2020-05-14,Victoria,Growth Rate,0.6990240042205222,113
11840,2020-05-14,Victoria,Days since first case,113.0,113
11841,2020-05-14,Victoria,Average Growth Rate,0.9739202857245205,113
11842,2020-05-14,Victoria,Doubling time,110.05299228687082,113
11843,2020-05-14,Western Australia,Total cases,552.0,113
11844,2020-05-14,Western Australia,Total cases per million,213.20973348783315,113
11845,2020-05-14,Western Australia,New cases,0.0,113
11846,2020-05-14,Western Australia,css_per_prsn,0.0,113
11847,2020-05-14,Western Australia,New cases per week,0.0,113
11848,2020-05-14,Western Australia,log10(Total cases),2.741939077729199,113
11849,2020-05-14,Western Australia,log10(New cases per week),0.0,113
11850,2020-05-14,Western Australia,Slope of power-law,-382.2705653420422,113
11851,2020-05-14,Western Australia,Acceleration of power-law,0.0,113
11852,2020-05-14,Western Australia,Growth Rate,0.0,113
11853,2020-05-14,Western Australia,Days since first case,113.0,113
11854,2020-05-14,Western Australia,Average Growth Rate,23.920072256326858,113
11855,2020-05-14,Western Australia,Doubling time,2702.968164964935,113
11856,2020-05-15,Australian Capital Territory,Total cases,107.0,114
11857,2020-05-15,Australian Capital Territory,Total cases per million,281.57894736842104,114
11858,2020-05-15,Australian Capital Territory,New cases,0.0,114
11859,2020-05-15,Australian Capital Territory,css_per_prsn,0.0,114
11860,2020-05-15,Australian Capital Territory,New cases per week,0.0,114
11861,2020-05-15,Australian Capital Territory,log10(Total cases),2.0293837776852097,114
11862,2020-05-15,Australian Capital Territory,log10(New cases per week),0.0,114
11863,2020-05-15,Australian Capital Territory,Slope of power-law,0.0,114
11864,2020-05-15,Australian Capital Territory,Acceleration of power-law,0.0,114
11865,2020-05-15,Australian Capital Territory,Growth Rate,0.0,114
11866,2020-05-15,Australian Capital Territory,Days since first case,114.0,114
11867,2020-05-15,Australian Capital Territory,Average Growth Rate,inf,114
11868,2020-05-15,Australian Capital Territory,Doubling time,inf,114
11869,2020-05-15,New South Wales,Total cases,3074.0,114
11870,2020-05-15,New South Wales,Total cases per million,407.47613997879114,114
11871,2020-05-15,New South Wales,New cases,3.0,114
11872,2020-05-15,New South Wales,css_per_prsn,0.3976670201484624,114
11873,2020-05-15,New South Wales,New cases per week,23.0,114
11874,2020-05-15,New South Wales,log10(Total cases),3.4877038631637265,114
11875,2020-05-15,New South Wales,log10(New cases per week),1.3617278360175928,114
11876,2020-05-15,New South Wales,Slope of power-law,-11.716077491307304,114
11877,2020-05-15,New South Wales,Acceleration of power-law,23554.581390002728,114
11878,2020-05-15,New South Wales,Growth Rate,0.13707571801566582,114
11879,2020-05-15,New South Wales,Days since first case,114.0,114
11880,2020-05-15,New South Wales,Average Growth Rate,7.360761991722683,114
11881,2020-05-15,New South Wales,Doubling time,839.1268670563859,114
11882,2020-05-15,Northern Territory,Total cases,29.0,114
11883,2020-05-15,Northern Territory,Total cases per million,118.70650839132215,114
11884,2020-05-15,Northern Territory,New cases,0.0,114
11885,2020-05-15,Northern Territory,css_per_prsn,0.0,114
11886,2020-05-15,Northern Territory,New cases per week,0.0,114
11887,2020-05-15,Northern Territory,log10(Total cases),1.462397997898956,114
11888,2020-05-15,Northern Territory,log10(New cases per week),0.0,114
11889,2020-05-15,Northern Territory,Slope of power-law,0.0,114
11890,2020-05-15,Northern Territory,Acceleration of power-law,0.0,114
11891,2020-05-15,Northern Territory,Growth Rate,0.0,114
11892,2020-05-15,Northern Territory,Days since first case,114.0,114
11893,2020-05-15,Northern Territory,Average Growth Rate,inf,114
11894,2020-05-15,Northern Territory,Doubling time,inf,114
11895,2020-05-15,Queensland,Total cases,1055.0,114
11896,2020-05-15,Queensland,Total cases per million,208.0457503450996,114
11897,2020-05-15,Queensland,New cases,1.0,114
11898,2020-05-15,Queensland,css_per_prsn,0.19719976336028397,114
11899,2020-05-15,Queensland,New cases per week,10.0,114
11900,2020-05-15,Queensland,log10(Total cases),3.0232524596337114,114
11901,2020-05-15,Queensland,log10(New cases per week),1.0,114
11902,2020-05-15,Queensland,Slope of power-law,9.210164637207965,114
11903,2020-05-15,Queensland,Acceleration of power-law,46747.36775494882,114
11904,2020-05-15,Queensland,Growth Rate,0.19000570017100515,114
11905,2020-05-15,Queensland,Days since first case,114.0,114
11906,2020-05-15,Queensland,Average Growth Rate,4.786316796908768,114
11907,2020-05-15,Queensland,Doubling time,545.6401148475995,114
11908,2020-05-15,South Australia,Total cases,439.0,114
11909,2020-05-15,South Australia,Total cases per million,261.77698270721527,114
11910,2020-05-15,South Australia,New cases,0.0,114
11911,2020-05-15,South Australia,css_per_prsn,0.0,114
11912,2020-05-15,South Australia,New cases per week,0.0,114
11913,2020-05-15,South Australia,log10(Total cases),2.6424645202421213,114
11914,2020-05-15,South Australia,log10(New cases per week),0.0,114
11915,2020-05-15,South Australia,Slope of power-law,0.0,114
11916,2020-05-15,South Australia,Acceleration of power-law,0.0,114
11917,2020-05-15,South Australia,Growth Rate,0.0,114
11918,2020-05-15,South Australia,Days since first case,114.0,114
11919,2020-05-15,South Australia,Average Growth Rate,76.07290306641104,114
11920,2020-05-15,South Australia,Doubling time,8672.31094957086,114
11921,2020-05-15,Tasmania,Total cases,228.0,114
11922,2020-05-15,Tasmania,Total cases per million,442.71844660194176,114
11923,2020-05-15,Tasmania,New cases,1.0,114
11924,2020-05-15,Tasmania,css_per_prsn,1.941747572815534,114
11925,2020-05-15,Tasmania,New cases per week,1.0,114
11926,2020-05-15,Tasmania,log10(Total cases),2.357934847000454,114
11927,2020-05-15,Tasmania,log10(New cases per week),0.0,114
11928,2020-05-15,Tasmania,Slope of power-law,-146.91406842486043,114
11929,2020-05-15,Tasmania,Acceleration of power-law,-38905.96988283677,114
11930,2020-05-15,Tasmania,Growth Rate,0.08802816901408451,114
11931,2020-05-15,Tasmania,Days since first case,114.0,114
11932,2020-05-15,Tasmania,Average Growth Rate,19.67671177293592,114
11933,2020-05-15,Tasmania,Doubling time,2243.145142114695,114
11934,2020-05-15,Victoria,Total cases,1551.0,114
11935,2020-05-15,Victoria,Total cases per million,243.9062745714735,114
11936,2020-05-15,Victoria,New cases,11.0,114
11937,2020-05-15,Victoria,css_per_prsn,1.7298317345494574,114
11938,2020-05-15,Victoria,New cases per week,83.0,114
11939,2020-05-15,Victoria,log10(Total cases),3.190611797813605,114
11940,2020-05-15,Victoria,log10(New cases per week),1.919078092376074,114
11941,2020-05-15,Victoria,Slope of power-law,-0.4781609564610545,114
11942,2020-05-15,Victoria,Acceleration of power-law,-98.98505326848428,114
11943,2020-05-15,Victoria,Growth Rate,0.7201780803980621,114
11944,2020-05-15,Victoria,Days since first case,114.0,114
11945,2020-05-15,Victoria,Average Growth Rate,0.9848390313010812,114
11946,2020-05-15,Victoria,Doubling time,112.27164956832326,114
11947,2020-05-15,Western Australia,Total cases,552.0,114
11948,2020-05-15,Western Australia,Total cases per million,213.20973348783315,114
11949,2020-05-15,Western Australia,New cases,0.0,114
11950,2020-05-15,Western Australia,css_per_prsn,0.0,114
11951,2020-05-15,Western Australia,New cases per week,0.0,114
11952,2020-05-15,Western Australia,log10(Total cases),2.741939077729199,114
11953,2020-05-15,Western Australia,log10(New cases per week),0.0,114
11954,2020-05-15,Western Australia,Slope of power-law,0.0,114
11955,2020-05-15,Western Australia,Acceleration of power-law,inf,114
11956,2020-05-15,Western Australia,Growth Rate,0.0,114
11957,2020-05-15,Western Australia,Days since first case,114.0,114
11958,2020-05-15,Western Australia,Average Growth Rate,31.900172646851665,114
11959,2020-05-15,Western Australia,Doubling time,3636.6196817410896,114
11960,2020-05-16,Australian Capital Territory,Total cases,107.0,115
11961,2020-05-16,Australian Capital Territory,Total cases per million,281.57894736842104,115
11962,2020-05-16,Australian Capital Territory,New cases,0.0,115
11963,2020-05-16,Australian Capital Territory,css_per_prsn,0.0,115
11964,2020-05-16,Australian Capital Territory,New cases per week,0.0,115
11965,2020-05-16,Australian Capital Territory,log10(Total cases),2.0293837776852097,115
11966,2020-05-16,Australian Capital Territory,log10(New cases per week),0.0,115
11967,2020-05-16,Australian Capital Territory,Slope of power-law,0.0,115
11968,2020-05-16,Australian Capital Territory,Acceleration of power-law,0.0,115
11969,2020-05-16,Australian Capital Territory,Growth Rate,0.0,115
11970,2020-05-16,Australian Capital Territory,Days since first case,115.0,115
11971,2020-05-16,Australian Capital Territory,Average Growth Rate,inf,115
11972,2020-05-16,Australian Capital Territory,Doubling time,inf,115
11973,2020-05-16,New South Wales,Total cases,3075.0,115
11974,2020-05-16,New South Wales,Total cases per million,407.60869565217394,115
11975,2020-05-16,New South Wales,New cases,1.0,115
11976,2020-05-16,New South Wales,css_per_prsn,0.1325556733828208,115
11977,2020-05-16,New South Wales,New cases per week,22.0,115
11978,2020-05-16,New South Wales,log10(Total cases),3.4878451201114355,115
11979,2020-05-16,New South Wales,log10(New cases per week),1.3424226808222062,115
11980,2020-05-16,New South Wales,Slope of power-law,-23.800935493504856,115
11981,2020-05-16,New South Wales,Acceleration of power-law,-85552.30874086596,115
11982,2020-05-16,New South Wales,Growth Rate,0.14339721027245472,115
11983,2020-05-16,New South Wales,Days since first case,115.0,115
11984,2020-05-16,New South Wales,Average Growth Rate,6.241789320857428,115
11985,2020-05-16,New South Wales,Doubling time,717.8057718986042,115
11986,2020-05-16,Northern Territory,Total cases,29.0,115
11987,2020-05-16,Northern Territory,Total cases per million,118.70650839132215,115
11988,2020-05-16,Northern Territory,New cases,0.0,115
11989,2020-05-16,Northern Territory,css_per_prsn,0.0,115
11990,2020-05-16,Northern Territory,New cases per week,0.0,115
11991,2020-05-16,Northern Territory,log10(Total cases),1.462397997898956,115
11992,2020-05-16,Northern Territory,log10(New cases per week),0.0,115
11993,2020-05-16,Northern Territory,Slope of power-law,0.0,115
11994,2020-05-16,Northern Territory,Acceleration of power-law,0.0,115
11995,2020-05-16,Northern Territory,Growth Rate,0.0,115
11996,2020-05-16,Northern Territory,Days since first case,115.0,115
11997,2020-05-16,Northern Territory,Average Growth Rate,inf,115
11998,2020-05-16,Northern Territory,Doubling time,inf,115
11999,2020-05-16,Queensland,Total cases,1055.0,115
12000,2020-05-16,Queensland,Total cases per million,208.0457503450996,115
12001,2020-05-16,Queensland,New cases,0.0,115
12002,2020-05-16,Queensland,css_per_prsn,0.0,115
12003,2020-05-16,Queensland,New cases per week,10.0,115
12004,2020-05-16,Queensland,log10(Total cases),3.0232524596337114,115
12005,2020-05-16,Queensland,log10(New cases per week),1.0,115
12006,2020-05-16,Queensland,Slope of power-law,-19.143618762843253,115
12007,2020-05-16,Queensland,Acceleration of power-law,-inf,115
12008,2020-05-16,Queensland,Growth Rate,0.07594456047085626,115
12009,2020-05-16,Queensland,Days since first case,115.0,115
12010,2020-05-16,Queensland,Average Growth Rate,5.056986500519343,115
12011,2020-05-16,Queensland,Doubling time,581.5534475597244,115
12012,2020-05-16,South Australia,Total cases,439.0,115
12013,2020-05-16,South Australia,Total cases per million,261.77698270721527,115
12014,2020-05-16,South Australia,New cases,0.0,115
12015,2020-05-16,South Australia,css_per_prsn,0.0,115
12016,2020-05-16,South Australia,New cases per week,0.0,115
12017,2020-05-16,South Australia,log10(Total cases),2.6424645202421213,115
12018,2020-05-16,South Australia,log10(New cases per week),0.0,115
12019,2020-05-16,South Australia,Slope of power-law,0.0,115
12020,2020-05-16,South Australia,Acceleration of power-law,0.0,115
12021,2020-05-16,South Australia,Growth Rate,0.0,115
12022,2020-05-16,South Australia,Days since first case,115.0,115
12023,2020-05-16,South Australia,Average Growth Rate,134735684233404.03,115
12024,2020-05-16,South Australia,Doubling time,1.5494603686841464e+16,115
12025,2020-05-16,Tasmania,Total cases,228.0,115
12026,2020-05-16,Tasmania,Total cases per million,442.71844660194176,115
12027,2020-05-16,Tasmania,New cases,0.0,115
12028,2020-05-16,Tasmania,css_per_prsn,0.0,115
12029,2020-05-16,Tasmania,New cases per week,1.0,115
12030,2020-05-16,Tasmania,log10(Total cases),2.357934847000454,115
12031,2020-05-16,Tasmania,log10(New cases per week),0.0,115
12032,2020-05-16,Tasmania,Slope of power-law,-220.85937319513016,115
12033,2020-05-16,Tasmania,Acceleration of power-law,-inf,115
12034,2020-05-16,Tasmania,Growth Rate,0.08795074758135445,115
12035,2020-05-16,Tasmania,Days since first case,115.0,115
12036,2020-05-16,Tasmania,Average Growth Rate,19.6940404558069,115
12037,2020-05-16,Tasmania,Doubling time,2264.8146524177932,115
12038,2020-05-16,Victoria,Total cases,1558.0,115
12039,2020-05-16,Victoria,Total cases per million,245.0070765843686,115
12040,2020-05-16,Victoria,New cases,7.0,115
12041,2020-05-16,Victoria,css_per_prsn,1.1008020128951093,115
12042,2020-05-16,Victoria,New cases per week,71.0,115
12043,2020-05-16,Victoria,log10(Total cases),3.1925674533365456,115
12044,2020-05-16,Victoria,log10(New cases per week),1.8512583487190752,115
12045,2020-05-16,Victoria,Slope of power-law,-3.9070898553546263,115
12046,2020-05-16,Victoria,Acceleration of power-law,-1753.3399203852796,115
12047,2020-05-16,Victoria,Growth Rate,0.6116605934409163,115
12048,2020-05-16,Victoria,Days since first case,115.0,115
12049,2020-05-16,Victoria,Average Growth Rate,1.0304000207726085,115
12050,2020-05-16,Victoria,Doubling time,118.49600238884997,115
12051,2020-05-16,Western Australia,Total cases,553.0,115
12052,2020-05-16,Western Australia,Total cases per million,213.59598300502125,115
12053,2020-05-16,Western Australia,New cases,1.0,115
12054,2020-05-16,Western Australia,css_per_prsn,0.3862495171881035,115
12055,2020-05-16,Western Australia,New cases per week,1.0,115
12056,2020-05-16,Western Australia,log10(Total cases),2.7427251313046983,115
12057,2020-05-16,Western Australia,log10(New cases per week),0.0,115
12058,2020-05-16,Western Australia,Slope of power-law,0.0,115
12059,2020-05-16,Western Australia,Acceleration of power-law,0.0,115
12060,2020-05-16,Western Australia,Growth Rate,0.0,115
12061,2020-05-16,Western Australia,Days since first case,115.0,115
12062,2020-05-16,Western Australia,Average Growth Rate,95.72362563535481,115
12063,2020-05-16,Western Australia,Doubling time,11008.216948065803,115
12064,2020-05-17,Australian Capital Territory,Total cases,107.0,116
12065,2020-05-17,Australian Capital Territory,Total cases per million,281.57894736842104,116
12066,2020-05-17,Australian Capital Territory,New cases,0.0,116
12067,2020-05-17,Australian Capital Territory,css_per_prsn,0.0,116
12068,2020-05-17,Australian Capital Territory,New cases per week,0.0,116
12069,2020-05-17,Australian Capital Territory,log10(Total cases),2.0293837776852097,116
12070,2020-05-17,Australian Capital Territory,log10(New cases per week),0.0,116
12071,2020-05-17,Australian Capital Territory,Slope of power-law,0.0,116
12072,2020-05-17,Australian Capital Territory,Acceleration of power-law,0.0,116
12073,2020-05-17,Australian Capital Territory,Growth Rate,0.0,116
12074,2020-05-17,Australian Capital Territory,Days since first case,116.0,116
12075,2020-05-17,Australian Capital Territory,Average Growth Rate,inf,116
12076,2020-05-17,Australian Capital Territory,Doubling time,inf,116
12077,2020-05-17,New South Wales,Total cases,3076.0,116
12078,2020-05-17,New South Wales,Total cases per million,407.74125132555673,116
12079,2020-05-17,New South Wales,New cases,1.0,116
12080,2020-05-17,New South Wales,css_per_prsn,0.1325556733828208,116
12081,2020-05-17,New South Wales,New cases per week,23.0,116
12082,2020-05-17,New South Wales,log10(Total cases),3.4879863311293935,116
12083,2020-05-17,New South Wales,log10(New cases per week),1.3617278360175928,116
12084,2020-05-17,New South Wales,Slope of power-law,4.6926915007719545,116
12085,2020-05-17,New South Wales,Acceleration of power-law,201780.48006681117,116
12086,2020-05-17,New South Wales,Growth Rate,0.110684289341754,116
12087,2020-05-17,New South Wales,Days since first case,116.0,116
12088,2020-05-17,New South Wales,Average Growth Rate,5.900723324908012,116
12089,2020-05-17,New South Wales,Doubling time,684.4839056893294,116
12090,2020-05-17,Northern Territory,Total cases,29.0,116
12091,2020-05-17,Northern Territory,Total cases per million,118.70650839132215,116
12092,2020-05-17,Northern Territory,New cases,0.0,116
12093,2020-05-17,Northern Territory,css_per_prsn,0.0,116
12094,2020-05-17,Northern Territory,New cases per week,0.0,116
12095,2020-05-17,Northern Territory,log10(Total cases),1.462397997898956,116
12096,2020-05-17,Northern Territory,log10(New cases per week),0.0,116
12097,2020-05-17,Northern Territory,Slope of power-law,0.0,116
12098,2020-05-17,Northern Territory,Acceleration of power-law,0.0,116
12099,2020-05-17,Northern Territory,Growth Rate,0.0,116
12100,2020-05-17,Northern Territory,Days since first case,116.0,116
12101,2020-05-17,Northern Territory,Average Growth Rate,inf,116
12102,2020-05-17,Northern Territory,Doubling time,inf,116
12103,2020-05-17,Queensland,Total cases,1057.0,116
12104,2020-05-17,Queensland,Total cases per million,208.44014987182015,116
12105,2020-05-17,Queensland,New cases,2.0,116
12106,2020-05-17,Queensland,css_per_prsn,0.39439952672056794,116
12107,2020-05-17,Queensland,New cases per week,12.0,116
12108,2020-05-17,Queensland,log10(Total cases),3.024074987307426,116
12109,2020-05-17,Queensland,log10(New cases per week),1.0791812460476249,116
12110,2020-05-17,Queensland,Slope of power-law,0.0,116
12111,2020-05-17,Queensland,Acceleration of power-law,23274.133350898646,116
12112,2020-05-17,Queensland,Growth Rate,0.09484066767830045,116
12113,2020-05-17,Queensland,Days since first case,116.0,116
12114,2020-05-17,Queensland,Average Growth Rate,5.360451379906409,116
12115,2020-05-17,Queensland,Doubling time,621.8123600691434,116
12116,2020-05-17,South Australia,Total cases,439.0,116
12117,2020-05-17,South Australia,Total cases per million,261.77698270721527,116
12118,2020-05-17,South Australia,New cases,0.0,116
12119,2020-05-17,South Australia,css_per_prsn,0.0,116
12120,2020-05-17,South Australia,New cases per week,0.0,116
12121,2020-05-17,South Australia,log10(Total cases),2.6424645202421213,116
12122,2020-05-17,South Australia,log10(New cases per week),0.0,116
12123,2020-05-17,South Australia,Slope of power-law,0.0,116
12124,2020-05-17,South Australia,Acceleration of power-law,0.0,116
12125,2020-05-17,South Australia,Growth Rate,0.0,116
12126,2020-05-17,South Australia,Days since first case,116.0,116
12127,2020-05-17,South Australia,Average Growth Rate,134735684233404.03,116
12128,2020-05-17,South Australia,Doubling time,1.5629339371074868e+16,116
12129,2020-05-17,Tasmania,Total cases,228.0,116
12130,2020-05-17,Tasmania,Total cases per million,442.71844660194176,116
12131,2020-05-17,Tasmania,New cases,0.0,116
12132,2020-05-17,Tasmania,css_per_prsn,0.0,116
12133,2020-05-17,Tasmania,New cases per week,1.0,116
12134,2020-05-17,Tasmania,log10(Total cases),2.357934847000454,116
12135,2020-05-17,Tasmania,log10(New cases per week),0.0,116
12136,2020-05-17,Tasmania,Slope of power-law,-407.62462292630556,116
12137,2020-05-17,Tasmania,Acceleration of power-law,-inf,116
12138,2020-05-17,Tasmania,Growth Rate,0.08787346221441125,116
12139,2020-05-17,Tasmania,Days since first case,116.0,116
12140,2020-05-17,Tasmania,Average Growth Rate,13.135132297963146,116
12141,2020-05-17,Tasmania,Doubling time,1523.675346563725,116
12142,2020-05-17,Victoria,Total cases,1564.0,116
12143,2020-05-17,Victoria,Total cases per million,245.95062116685014,116
12144,2020-05-17,Victoria,New cases,6.0,116
12145,2020-05-17,Victoria,css_per_prsn,0.9435445824815223,116
12146,2020-05-17,Victoria,New cases per week,68.0,116
12147,2020-05-17,Victoria,log10(Total cases),3.1942367487238292,116
12148,2020-05-17,Victoria,log10(New cases per week),1.8325089127062364,116
12149,2020-05-17,Victoria,Slope of power-law,-6.48508216738927,116
12150,2020-05-17,Victoria,Acceleration of power-law,-1544.3595733105344,116
12151,2020-05-17,Victoria,Growth Rate,0.6464959917248514,116
12152,2020-05-17,Victoria,Days since first case,116.0,116
12153,2020-05-17,Victoria,Average Growth Rate,1.0249703962141903,116
12154,2020-05-17,Victoria,Doubling time,118.89656596084608,116
12155,2020-05-17,Western Australia,Total cases,554.0,116
12156,2020-05-17,Western Australia,Total cases per million,213.98223252220936,116
12157,2020-05-17,Western Australia,New cases,1.0,116
12158,2020-05-17,Western Australia,css_per_prsn,0.3862495171881035,116
12159,2020-05-17,Western Australia,New cases per week,2.0,116
12160,2020-05-17,Western Australia,log10(Total cases),2.74350976472843,116
12161,2020-05-17,Western Australia,log10(New cases per week),0.3010299956639812,116
12162,2020-05-17,Western Australia,Slope of power-law,191.6549865195176,116
12163,2020-05-17,Western Australia,Acceleration of power-law,244260.543487988,116
12164,2020-05-17,Western Australia,Growth Rate,0.036192544335866814,116
12165,2020-05-17,Western Australia,Days since first case,116.0,116
12166,2020-05-17,Western Australia,Average Growth Rate,95.75828299438281,116
12167,2020-05-17,Western Australia,Doubling time,11107.960827348406,116
12168,2020-05-18,Australian Capital Territory,Total cases,107.0,117
12169,2020-05-18,Australian Capital Territory,Total cases per million,281.57894736842104,117
12170,2020-05-18,Australian Capital Territory,New cases,0.0,117
12171,2020-05-18,Australian Capital Territory,css_per_prsn,0.0,117
12172,2020-05-18,Australian Capital Territory,New cases per week,0.0,117
12173,2020-05-18,Australian Capital Territory,log10(Total cases),2.0293837776852097,117
12174,2020-05-18,Australian Capital Territory,log10(New cases per week),0.0,117
12175,2020-05-18,Australian Capital Territory,Slope of power-law,0.0,117
12176,2020-05-18,Australian Capital Territory,Acceleration of power-law,0.0,117
12177,2020-05-18,Australian Capital Territory,Growth Rate,0.0,117
12178,2020-05-18,Australian Capital Territory,Days since first case,117.0,117
12179,2020-05-18,Australian Capital Territory,Average Growth Rate,inf,117
12180,2020-05-18,Australian Capital Territory,Doubling time,inf,117
12181,2020-05-18,New South Wales,Total cases,3078.0,117
12182,2020-05-18,New South Wales,Total cases per million,408.0063626723224,117
12183,2020-05-18,New South Wales,New cases,2.0,117
12184,2020-05-18,New South Wales,css_per_prsn,0.2651113467656416,117
12185,2020-05-18,New South Wales,New cases per week,25.0,117
12186,2020-05-18,New South Wales,log10(Total cases),3.48826861549546,117
12187,2020-05-18,New South Wales,log10(New cases per week),1.3979400086720377,117
12188,2020-05-18,New South Wales,Slope of power-law,19.78898142750214,117
12189,2020-05-18,New South Wales,Acceleration of power-law,53479.01528194854,117
12190,2020-05-18,New South Wales,Growth Rate,0.09756732145180175,117
12191,2020-05-18,New South Wales,Days since first case,117.0,117
12192,2020-05-18,New South Wales,Average Growth Rate,5.715458909576993,117
12193,2020-05-18,New South Wales,Doubling time,668.7086924205082,117
12194,2020-05-18,Northern Territory,Total cases,29.0,117
12195,2020-05-18,Northern Territory,Total cases per million,118.70650839132215,117
12196,2020-05-18,Northern Territory,New cases,0.0,117
12197,2020-05-18,Northern Territory,css_per_prsn,0.0,117
12198,2020-05-18,Northern Territory,New cases per week,0.0,117
12199,2020-05-18,Northern Territory,log10(Total cases),1.462397997898956,117
12200,2020-05-18,Northern Territory,log10(New cases per week),0.0,117
12201,2020-05-18,Northern Territory,Slope of power-law,-inf,117
12202,2020-05-18,Northern Territory,Acceleration of power-law,0.0,117
12203,2020-05-18,Northern Territory,Growth Rate,0.0,117
12204,2020-05-18,Northern Territory,Days since first case,117.0,117
12205,2020-05-18,Northern Territory,Average Growth Rate,inf,117
12206,2020-05-18,Northern Territory,Doubling time,inf,117
12207,2020-05-18,Queensland,Total cases,1057.0,117
12208,2020-05-18,Queensland,Total cases per million,208.44014987182015,117
12209,2020-05-18,Queensland,New cases,0.0,117
12210,2020-05-18,Queensland,css_per_prsn,0.0,117
12211,2020-05-18,Queensland,New cases per week,6.0,117
12212,2020-05-18,Queensland,log10(Total cases),3.024074987307426,117
12213,2020-05-18,Queensland,log10(New cases per week),0.7781512503836436,117
12214,2020-05-18,Queensland,Slope of power-law,-53.08681740142314,117
12215,2020-05-18,Queensland,Acceleration of power-law,-inf,117
12216,2020-05-18,Queensland,Growth Rate,0.11367942402425162,117
12217,2020-05-18,Queensland,Days since first case,117.0,117
12218,2020-05-18,Queensland,Average Growth Rate,5.366569256787431,117
12219,2020-05-18,Queensland,Doubling time,627.8886030441294,117
12220,2020-05-18,South Australia,Total cases,439.0,117
12221,2020-05-18,South Australia,Total cases per million,261.77698270721527,117
12222,2020-05-18,South Australia,New cases,0.0,117
12223,2020-05-18,South Australia,css_per_prsn,0.0,117
12224,2020-05-18,South Australia,New cases per week,0.0,117
12225,2020-05-18,South Australia,log10(Total cases),2.6424645202421213,117
12226,2020-05-18,South Australia,log10(New cases per week),0.0,117
12227,2020-05-18,South Australia,Slope of power-law,0.0,117
12228,2020-05-18,South Australia,Acceleration of power-law,0.0,117
12229,2020-05-18,South Australia,Growth Rate,0.0,117
12230,2020-05-18,South Australia,Days since first case,117.0,117
12231,2020-05-18,South Australia,Average Growth Rate,134735684233404.03,117
12232,2020-05-18,South Australia,Doubling time,1.5764075055308272e+16,117
12233,2020-05-18,Tasmania,Total cases,228.0,117
12234,2020-05-18,Tasmania,Total cases per million,442.71844660194176,117
12235,2020-05-18,Tasmania,New cases,0.0,117
12236,2020-05-18,Tasmania,css_per_prsn,0.0,117
12237,2020-05-18,Tasmania,New cases per week,1.0,117
12238,2020-05-18,Tasmania,log10(Total cases),2.357934847000454,117
12239,2020-05-18,Tasmania,log10(New cases per week),0.0,117
12240,2020-05-18,Tasmania,Slope of power-law,-407.62462292630556,117
12241,2020-05-18,Tasmania,Acceleration of power-law,0.0,117
12242,2020-05-18,Tasmania,Growth Rate,0.08779631255487269,117
12243,2020-05-18,Tasmania,Days since first case,117.0,117
12244,2020-05-18,Tasmania,Average Growth Rate,9.855676952328235,117
12245,2020-05-18,Tasmania,Doubling time,1153.1142034224035,117
12246,2020-05-18,Victoria,Total cases,1573.0,117
12247,2020-05-18,Victoria,Total cases per million,247.36593804057242,117
12248,2020-05-18,Victoria,New cases,9.0,117
12249,2020-05-18,Victoria,css_per_prsn,1.4153168737222834,117
12250,2020-05-18,Victoria,New cases per week,62.0,117
12251,2020-05-18,Victoria,log10(Total cases),3.196728722623287,117
12252,2020-05-18,Victoria,log10(New cases per week),1.792391689498254,117
12253,2020-05-18,Victoria,Slope of power-law,-6.47875885460056,117
12254,2020-05-18,Victoria,Acceleration of power-law,2.537471516088569,117
12255,2020-05-18,Victoria,Growth Rate,0.6678653994348831,117
12256,2020-05-18,Victoria,Days since first case,117.0,117
12257,2020-05-18,Victoria,Average Growth Rate,1.0360250408004965,117
12258,2020-05-18,Victoria,Doubling time,121.21492977365808,117
12259,2020-05-18,Western Australia,Total cases,557.0,117
12260,2020-05-18,Western Australia,Total cases per million,215.14098107377367,117
12261,2020-05-18,Western Australia,New cases,3.0,117
12262,2020-05-18,Western Australia,css_per_prsn,1.1587485515643106,117
12263,2020-05-18,Western Australia,New cases per week,4.0,117
12264,2020-05-18,Western Australia,log10(Total cases),2.745855195173729,117
12265,2020-05-18,Western Australia,log10(New cases per week),0.6020599913279624,117
12266,2020-05-18,Western Australia,Slope of power-law,153.73900294255185,117
12267,2020-05-18,Western Australia,Acceleration of power-law,-16165.895540821342,117
12268,2020-05-18,Western Australia,Growth Rate,0.18063583815028902,117
12269,2020-05-18,Western Australia,Days since first case,117.0,117
12270,2020-05-18,Western Australia,Average Growth Rate,15.98377418611776,117
12271,2020-05-18,Western Australia,Doubling time,1870.101579775778,117
12272,2020-05-19,Australian Capital Territory,Total cases,107.0,118
12273,2020-05-19,Australian Capital Territory,Total cases per million,281.57894736842104,118
12274,2020-05-19,Australian Capital Territory,New cases,0.0,118
12275,2020-05-19,Australian Capital Territory,css_per_prsn,0.0,118
12276,2020-05-19,Australian Capital Territory,New cases per week,0.0,118
12277,2020-05-19,Australian Capital Territory,log10(Total cases),2.0293837776852097,118
12278,2020-05-19,Australian Capital Territory,log10(New cases per week),0.0,118
12279,2020-05-19,Australian Capital Territory,Slope of power-law,0.0,118
12280,2020-05-19,Australian Capital Territory,Acceleration of power-law,0.0,118
12281,2020-05-19,Australian Capital Territory,Growth Rate,0.0,118
12282,2020-05-19,Australian Capital Territory,Days since first case,118.0,118
12283,2020-05-19,Australian Capital Territory,Average Growth Rate,inf,118
12284,2020-05-19,Australian Capital Territory,Doubling time,inf,118
12285,2020-05-19,New South Wales,Total cases,3081.0,118
12286,2020-05-19,New South Wales,Total cases per million,408.4040296924709,118
12287,2020-05-19,New South Wales,New cases,3.0,118
12288,2020-05-19,New South Wales,css_per_prsn,0.3976670201484624,118
12289,2020-05-19,New South Wales,New cases per week,22.0,118
12290,2020-05-19,New South Wales,log10(Total cases),3.4886916983169405,118
12291,2020-05-19,New South Wales,log10(New cases per week),1.3424226808222062,118
12292,2020-05-19,New South Wales,Slope of power-law,21.980455295178984,118
12293,2020-05-19,New South Wales,Acceleration of power-law,5179.775108827844,118
12294,2020-05-19,New South Wales,Growth Rate,0.06500260010400416,118
12295,2020-05-19,New South Wales,Days since first case,118.0,118
12296,2020-05-19,New South Wales,Average Growth Rate,6.25892367835993,118
12297,2020-05-19,New South Wales,Doubling time,738.5529940464718,118
12298,2020-05-19,Northern Territory,Total cases,29.0,118
12299,2020-05-19,Northern Territory,Total cases per million,118.70650839132215,118
12300,2020-05-19,Northern Territory,New cases,0.0,118
12301,2020-05-19,Northern Territory,css_per_prsn,0.0,118
12302,2020-05-19,Northern Territory,New cases per week,0.0,118
12303,2020-05-19,Northern Territory,log10(Total cases),1.462397997898956,118
12304,2020-05-19,Northern Territory,log10(New cases per week),0.0,118
12305,2020-05-19,Northern Territory,Slope of power-law,0.0,118
12306,2020-05-19,Northern Territory,Acceleration of power-law,0.0,118
12307,2020-05-19,Northern Territory,Growth Rate,0.0,118
12308,2020-05-19,Northern Territory,Days since first case,118.0,118
12309,2020-05-19,Northern Territory,Average Growth Rate,inf,118
12310,2020-05-19,Northern Territory,Doubling time,inf,118
12311,2020-05-19,Queensland,Total cases,1058.0,118
12312,2020-05-19,Queensland,Total cases per million,208.63734963518044,118
12313,2020-05-19,Queensland,New cases,1.0,118
12314,2020-05-19,Queensland,css_per_prsn,0.19719976336028397,118
12315,2020-05-19,Queensland,New cases per week,6.0,118
12316,2020-05-19,Queensland,log10(Total cases),3.024485667699167,118
12317,2020-05-19,Queensland,log10(New cases per week),0.7781512503836436,118
12318,2020-05-19,Queensland,Slope of power-law,-41.317407811090035,118
12319,2020-05-19,Queensland,Acceleration of power-law,28658.318797365042,118
12320,2020-05-19,Queensland,Growth Rate,0.07572889057175312,118
12321,2020-05-19,Queensland,Days since first case,118.0,118
12322,2020-05-19,Queensland,Average Growth Rate,6.299056109984331,118
12323,2020-05-19,Queensland,Doubling time,743.2886209781511,118
12324,2020-05-19,South Australia,Total cases,439.0,118
12325,2020-05-19,South Australia,Total cases per million,261.77698270721527,118
12326,2020-05-19,South Australia,New cases,0.0,118
12327,2020-05-19,South Australia,css_per_prsn,0.0,118
12328,2020-05-19,South Australia,New cases per week,0.0,118
12329,2020-05-19,South Australia,log10(Total cases),2.6424645202421213,118
12330,2020-05-19,South Australia,log10(New cases per week),0.0,118
12331,2020-05-19,South Australia,Slope of power-law,0.0,118
12332,2020-05-19,South Australia,Acceleration of power-law,0.0,118
12333,2020-05-19,South Australia,Growth Rate,0.0,118
12334,2020-05-19,South Australia,Days since first case,118.0,118
12335,2020-05-19,South Australia,Average Growth Rate,134735684233404.03,118
12336,2020-05-19,South Australia,Doubling time,1.5898810739541676e+16,118
12337,2020-05-19,Tasmania,Total cases,228.0,118
12338,2020-05-19,Tasmania,Total cases per million,442.71844660194176,118
12339,2020-05-19,Tasmania,New cases,0.0,118
12340,2020-05-19,Tasmania,css_per_prsn,0.0,118
12341,2020-05-19,Tasmania,New cases per week,1.0,118
12342,2020-05-19,Tasmania,log10(Total cases),2.357934847000454,118
12343,2020-05-19,Tasmania,log10(New cases per week),0.0,118
12344,2020-05-19,Tasmania,Slope of power-law,-407.62462292630556,118
12345,2020-05-19,Tasmania,Acceleration of power-law,0.0,118
12346,2020-05-19,Tasmania,Growth Rate,0.08771929824561403,118
12347,2020-05-19,Tasmania,Days since first case,118.0,118
12348,2020-05-19,Tasmania,Average Growth Rate,7.888002732910415,118
12349,2020-05-19,Tasmania,Doubling time,930.784322483429,118
12350,2020-05-19,Victoria,Total cases,1573.0,118
12351,2020-05-19,Victoria,Total cases per million,247.36593804057242,118
12352,2020-05-19,Victoria,New cases,0.0,118
12353,2020-05-19,Victoria,css_per_prsn,0.0,118
12354,2020-05-19,Victoria,New cases per week,59.0,118
12355,2020-05-19,Victoria,log10(Total cases),3.196728722623287,118
12356,2020-05-19,Victoria,log10(New cases per week),1.7708520116421442,118
12357,2020-05-19,Victoria,Slope of power-law,-9.91021582324073,118
12358,2020-05-19,Victoria,Acceleration of power-law,-inf,118
12359,2020-05-19,Victoria,Growth Rate,0.4220488553523468,118
12360,2020-05-19,Victoria,Days since first case,118.0,118
12361,2020-05-19,Victoria,Average Growth Rate,1.1295484795292021,118
12362,2020-05-19,Victoria,Doubling time,133.28672058444585,118
12363,2020-05-19,Western Australia,Total cases,557.0,118
12364,2020-05-19,Western Australia,Total cases per million,215.14098107377367,118
12365,2020-05-19,Western Australia,New cases,0.0,118
12366,2020-05-19,Western Australia,css_per_prsn,0.0,118
12367,2020-05-19,Western Australia,New cases per week,4.0,118
12368,2020-05-19,Western Australia,log10(Total cases),2.745855195173729,118
12369,2020-05-19,Western Australia,log10(New cases per week),0.6020599913279624,118
12370,2020-05-19,Western Australia,Slope of power-law,153.73900294255185,118
12371,2020-05-19,Western Australia,Acceleration of power-law,0.0,118
12372,2020-05-19,Western Australia,Growth Rate,0.18031013342949875,118
12373,2020-05-19,Western Australia,Days since first case,118.0,118
12374,2020-05-19,Western Australia,Average Growth Rate,8.726768530141449,118
12375,2020-05-19,Western Australia,Doubling time,1029.758686556691,118
12376,2020-05-20,Australian Capital Territory,Total cases,107.0,119
12377,2020-05-20,Australian Capital Territory,Total cases per million,281.57894736842104,119
12378,2020-05-20,Australian Capital Territory,New cases,0.0,119
12379,2020-05-20,Australian Capital Territory,css_per_prsn,0.0,119
12380,2020-05-20,Australian Capital Territory,New cases per week,0.0,119
12381,2020-05-20,Australian Capital Territory,log10(Total cases),2.0293837776852097,119
12382,2020-05-20,Australian Capital Territory,log10(New cases per week),0.0,119
12383,2020-05-20,Australian Capital Territory,Slope of power-law,0.0,119
12384,2020-05-20,Australian Capital Territory,Acceleration of power-law,0.0,119
12385,2020-05-20,Australian Capital Territory,Growth Rate,0.0,119
12386,2020-05-20,Australian Capital Territory,Days since first case,119.0,119
12387,2020-05-20,Australian Capital Territory,Average Growth Rate,inf,119
12388,2020-05-20,Australian Capital Territory,Doubling time,inf,119
12389,2020-05-20,New South Wales,Total cases,3082.0,119
12390,2020-05-20,New South Wales,Total cases per million,408.5365853658537,119
12391,2020-05-20,New South Wales,New cases,1.0,119
12392,2020-05-20,New South Wales,css_per_prsn,0.1325556733828208,119
12393,2020-05-20,New South Wales,New cases per week,19.0,119
12394,2020-05-20,New South Wales,log10(Total cases),3.4888326343824003,119
12395,2020-05-20,New South Wales,log10(New cases per week),1.2787536009528289,119
12396,2020-05-20,New South Wales,Slope of power-law,-5.425552021594644,119
12397,2020-05-20,New South Wales,Acceleration of power-law,-194457.0201201125,119
12398,2020-05-20,New South Wales,Growth Rate,0.05197505197505198,119
12399,2020-05-20,New South Wales,Days since first case,119.0,119
12400,2020-05-20,New South Wales,Average Growth Rate,7.395518822358386,119
12401,2020-05-20,New South Wales,Doubling time,880.0667398606479,119
12402,2020-05-20,Northern Territory,Total cases,29.0,119
12403,2020-05-20,Northern Territory,Total cases per million,118.70650839132215,119
12404,2020-05-20,Northern Territory,New cases,0.0,119
12405,2020-05-20,Northern Territory,css_per_prsn,0.0,119
12406,2020-05-20,Northern Territory,New cases per week,0.0,119
12407,2020-05-20,Northern Territory,log10(Total cases),1.462397997898956,119
12408,2020-05-20,Northern Territory,log10(New cases per week),0.0,119
12409,2020-05-20,Northern Territory,Slope of power-law,0.0,119
12410,2020-05-20,Northern Territory,Acceleration of power-law,0.0,119
12411,2020-05-20,Northern Territory,Growth Rate,0.0,119
12412,2020-05-20,Northern Territory,Days since first case,119.0,119
12413,2020-05-20,Northern Territory,Average Growth Rate,inf,119
12414,2020-05-20,Northern Territory,Doubling time,inf,119
12415,2020-05-20,Queensland,Total cases,1058.0,119
12416,2020-05-20,Queensland,Total cases per million,208.63734963518044,119
12417,2020-05-20,Queensland,New cases,0.0,119
12418,2020-05-20,Queensland,css_per_prsn,0.0,119
12419,2020-05-20,Queensland,New cases per week,7.0,119
12420,2020-05-20,Queensland,log10(Total cases),3.024485667699167,119
12421,2020-05-20,Queensland,log10(New cases per week),0.8450980400142568,119
12422,2020-05-20,Queensland,Slope of power-law,0.0,119
12423,2020-05-20,Queensland,Acceleration of power-law,inf,119
12424,2020-05-20,Queensland,Growth Rate,0.056764427625354774,119
12425,2020-05-20,Queensland,Days since first case,119.0,119
12426,2020-05-20,Queensland,Average Growth Rate,8.311955038825982,119
12427,2020-05-20,Queensland,Doubling time,989.1226496202918,119
12428,2020-05-20,South Australia,Total cases,439.0,119
12429,2020-05-20,South Australia,Total cases per million,261.77698270721527,119
12430,2020-05-20,South Australia,New cases,0.0,119
12431,2020-05-20,South Australia,css_per_prsn,0.0,119
12432,2020-05-20,South Australia,New cases per week,0.0,119
12433,2020-05-20,South Australia,log10(Total cases),2.6424645202421213,119
12434,2020-05-20,South Australia,log10(New cases per week),0.0,119
12435,2020-05-20,South Australia,Slope of power-law,0.0,119
12436,2020-05-20,South Australia,Acceleration of power-law,0.0,119
12437,2020-05-20,South Australia,Growth Rate,0.0,119
12438,2020-05-20,South Australia,Days since first case,119.0,119
12439,2020-05-20,South Australia,Average Growth Rate,134735684233404.03,119
12440,2020-05-20,South Australia,Doubling time,1.603354642377508e+16,119
12441,2020-05-20,Tasmania,Total cases,228.0,119
12442,2020-05-20,Tasmania,Total cases per million,442.71844660194176,119
12443,2020-05-20,Tasmania,New cases,0.0,119
12444,2020-05-20,Tasmania,css_per_prsn,0.0,119
12445,2020-05-20,Tasmania,New cases per week,1.0,119
12446,2020-05-20,Tasmania,log10(Total cases),2.357934847000454,119
12447,2020-05-20,Tasmania,log10(New cases per week),0.0,119
12448,2020-05-20,Tasmania,Slope of power-law,-407.62462292630556,119
12449,2020-05-20,Tasmania,Acceleration of power-law,0.0,119
12450,2020-05-20,Tasmania,Growth Rate,0.0,119
12451,2020-05-20,Tasmania,Days since first case,119.0,119
12452,2020-05-20,Tasmania,Average Growth Rate,9.864341300448231,119
12453,2020-05-20,Tasmania,Doubling time,1173.8566147533395,119
12454,2020-05-20,Victoria,Total cases,1581.0,119
12455,2020-05-20,Victoria,Total cases per million,248.6239974838811,119
12456,2020-05-20,Victoria,New cases,8.0,119
12457,2020-05-20,Victoria,css_per_prsn,1.2580594433086962,119
12458,2020-05-20,Victoria,New cases per week,60.0,119
12459,2020-05-20,Victoria,log10(Total cases),3.198931869932209,119
12460,2020-05-20,Victoria,log10(New cases per week),1.7781512503836436,119
12461,2020-05-20,Victoria,Slope of power-law,-7.337051294461171,119
12462,2020-05-20,Victoria,Acceleration of power-law,1167.9493778554738,119
12463,2020-05-20,Victoria,Growth Rate,0.3822142948146261,119
12464,2020-05-20,Victoria,Days since first case,119.0,119
12465,2020-05-20,Victoria,Average Growth Rate,1.2693677516193262,119
12466,2020-05-20,Victoria,Doubling time,151.05476244269983,119
12467,2020-05-20,Western Australia,Total cases,557.0,119
12468,2020-05-20,Western Australia,Total cases per million,215.14098107377367,119
12469,2020-05-20,Western Australia,New cases,0.0,119
12470,2020-05-20,Western Australia,css_per_prsn,0.0,119
12471,2020-05-20,Western Australia,New cases per week,5.0,119
12472,2020-05-20,Western Australia,log10(Total cases),2.745855195173729,119
12473,2020-05-20,Western Australia,log10(New cases per week),0.6989700043360189,119
12474,2020-05-20,Western Australia,Slope of power-law,178.48545510614102,119
12475,2020-05-20,Western Australia,Acceleration of power-law,inf,119
12476,2020-05-20,Western Australia,Growth Rate,0.17998560115190784,119
12477,2020-05-20,Western Australia,Days since first case,119.0,119
12478,2020-05-20,Western Australia,Average Growth Rate,6.005182941252932,119
12479,2020-05-20,Western Australia,Doubling time,714.6167700090989,119
12480,2020-05-21,Australian Capital Territory,Total cases,107.0,120
12481,2020-05-21,Australian Capital Territory,Total cases per million,281.57894736842104,120
12482,2020-05-21,Australian Capital Territory,New cases,0.0,120
12483,2020-05-21,Australian Capital Territory,css_per_prsn,0.0,120
12484,2020-05-21,Australian Capital Territory,New cases per week,0.0,120
12485,2020-05-21,Australian Capital Territory,log10(Total cases),2.0293837776852097,120
12486,2020-05-21,Australian Capital Territory,log10(New cases per week),0.0,120
12487,2020-05-21,Australian Capital Territory,Slope of power-law,0.0,120
12488,2020-05-21,Australian Capital Territory,Acceleration of power-law,0.0,120
12489,2020-05-21,Australian Capital Territory,Growth Rate,0.0,120
12490,2020-05-21,Australian Capital Territory,Days since first case,120.0,120
12491,2020-05-21,Australian Capital Territory,Average Growth Rate,inf,120
12492,2020-05-21,Australian Capital Territory,Doubling time,inf,120
12493,2020-05-21,New South Wales,Total cases,3084.0,120
12494,2020-05-21,New South Wales,Total cases per million,408.80169671261933,120
12495,2020-05-21,New South Wales,New cases,2.0,120
12496,2020-05-21,New South Wales,css_per_prsn,0.2651113467656416,120
12497,2020-05-21,New South Wales,New cases per week,13.0,120
12498,2020-05-21,New South Wales,log10(Total cases),3.4891143693789193,120
12499,2020-05-21,New South Wales,log10(New cases per week),1.1139433523068367,120
12500,2020-05-21,New South Wales,Slope of power-law,-32.21129492355499,120
12501,2020-05-21,New South Wales,Acceleration of power-law,-95074.24790288018,120
12502,2020-05-21,New South Wales,Growth Rate,0.05843776378157263,120
12503,2020-05-21,New South Wales,Days since first case,120.0,120
12504,2020-05-21,New South Wales,Average Growth Rate,9.033186753167588,120
12505,2020-05-21,New South Wales,Doubling time,1083.9824103801104,120
12506,2020-05-21,Northern Territory,Total cases,29.0,120
12507,2020-05-21,Northern Territory,Total cases per million,118.70650839132215,120
12508,2020-05-21,Northern Territory,New cases,0.0,120
12509,2020-05-21,Northern Territory,css_per_prsn,0.0,120
12510,2020-05-21,Northern Territory,New cases per week,0.0,120
12511,2020-05-21,Northern Territory,log10(Total cases),1.462397997898956,120
12512,2020-05-21,Northern Territory,log10(New cases per week),0.0,120
12513,2020-05-21,Northern Territory,Slope of power-law,0.0,120
12514,2020-05-21,Northern Territory,Acceleration of power-law,0.0,120
12515,2020-05-21,Northern Territory,Growth Rate,0.0,120
12516,2020-05-21,Northern Territory,Days since first case,120.0,120
12517,2020-05-21,Northern Territory,Average Growth Rate,inf,120
12518,2020-05-21,Northern Territory,Doubling time,inf,120
12519,2020-05-21,Queensland,Total cases,1058.0,120
12520,2020-05-21,Queensland,Total cases per million,208.63734963518044,120
12521,2020-05-21,Queensland,New cases,0.0,120
12522,2020-05-21,Queensland,css_per_prsn,0.0,120
12523,2020-05-21,Queensland,New cases per week,4.0,120
12524,2020-05-21,Queensland,log10(Total cases),3.024485667699167,120
12525,2020-05-21,Queensland,log10(New cases per week),0.6020599913279624,120
12526,2020-05-21,Queensland,Slope of power-law,-104.41728826047849,120
12527,2020-05-21,Queensland,Acceleration of power-law,-inf,120
12528,2020-05-21,Queensland,Growth Rate,0.056732223903177004,120
12529,2020-05-21,Queensland,Days since first case,120.0,120
12530,2020-05-21,Queensland,Average Growth Rate,8.713448013656498,120
12531,2020-05-21,Queensland,Doubling time,1045.6137616387798,120
12532,2020-05-21,South Australia,Total cases,439.0,120
12533,2020-05-21,South Australia,Total cases per million,261.77698270721527,120
12534,2020-05-21,South Australia,New cases,0.0,120
12535,2020-05-21,South Australia,css_per_prsn,0.0,120
12536,2020-05-21,South Australia,New cases per week,0.0,120
12537,2020-05-21,South Australia,log10(Total cases),2.6424645202421213,120
12538,2020-05-21,South Australia,log10(New cases per week),0.0,120
12539,2020-05-21,South Australia,Slope of power-law,0.0,120
12540,2020-05-21,South Australia,Acceleration of power-law,0.0,120
12541,2020-05-21,South Australia,Growth Rate,0.0,120
12542,2020-05-21,South Australia,Days since first case,120.0,120
12543,2020-05-21,South Australia,Average Growth Rate,134735684233404.03,120
12544,2020-05-21,South Australia,Doubling time,1.6168282108008484e+16,120
12545,2020-05-21,Tasmania,Total cases,228.0,120
12546,2020-05-21,Tasmania,Total cases per million,442.71844660194176,120
12547,2020-05-21,Tasmania,New cases,0.0,120
12548,2020-05-21,Tasmania,css_per_prsn,0.0,120
12549,2020-05-21,Tasmania,New cases per week,1.0,120
12550,2020-05-21,Tasmania,log10(Total cases),2.357934847000454,120
12551,2020-05-21,Tasmania,log10(New cases per week),0.0,120
12552,2020-05-21,Tasmania,Slope of power-law,-407.62462292630556,120
12553,2020-05-21,Tasmania,Acceleration of power-law,0.0,120
12554,2020-05-21,Tasmania,Growth Rate,0.0,120
12555,2020-05-21,Tasmania,Days since first case,120.0,120
12556,2020-05-21,Tasmania,Average Growth Rate,13.158237215875843,120
12557,2020-05-21,Tasmania,Doubling time,1578.9884659051013,120
12558,2020-05-21,Victoria,Total cases,1593.0,120
12559,2020-05-21,Victoria,Total cases per million,250.51108664884416,120
12560,2020-05-21,Victoria,New cases,12.0,120
12561,2020-05-21,Victoria,css_per_prsn,1.8870891649630446,120
12562,2020-05-21,Victoria,New cases per week,53.0,120
12563,2020-05-21,Victoria,log10(Total cases),3.2022157758011316,120
12564,2020-05-21,Victoria,log10(New cases per week),1.724275869600789,120
12565,2020-05-21,Victoria,Slope of power-law,-9.594519376940697,120
12566,2020-05-21,Victoria,Acceleration of power-law,-687.4338585168118,120
12567,2020-05-21,Victoria,Growth Rate,0.4439370877727042,120
12568,2020-05-21,Victoria,Days since first case,120.0,120
12569,2020-05-21,Victoria,Average Growth Rate,1.35244977660016,120
12570,2020-05-21,Victoria,Doubling time,162.2939731920192,120
12571,2020-05-21,Western Australia,Total cases,557.0,120
12572,2020-05-21,Western Australia,Total cases per million,215.14098107377367,120
12573,2020-05-21,Western Australia,New cases,0.0,120
12574,2020-05-21,Western Australia,css_per_prsn,0.0,120
12575,2020-05-21,Western Australia,New cases per week,5.0,120
12576,2020-05-21,Western Australia,log10(Total cases),2.745855195173729,120
12577,2020-05-21,Western Australia,log10(New cases per week),0.6989700043360189,120
12578,2020-05-21,Western Australia,Slope of power-law,127.13478872087167,120
12579,2020-05-21,Western Australia,Acceleration of power-law,-inf,120
12580,2020-05-21,Western Australia,Growth Rate,0.14378145219266716,120
12581,2020-05-21,Western Australia,Days since first case,120.0,120
12582,2020-05-21,Western Australia,Average Growth Rate,4.807475556550634,120
12583,2020-05-21,Western Australia,Doubling time,576.8970667860762,120
12584,2020-05-22,Australian Capital Territory,Total cases,107.0,121
12585,2020-05-22,Australian Capital Territory,Total cases per million,281.57894736842104,121
12586,2020-05-22,Australian Capital Territory,New cases,0.0,121
12587,2020-05-22,Australian Capital Territory,css_per_prsn,0.0,121
12588,2020-05-22,Australian Capital Territory,New cases per week,0.0,121
12589,2020-05-22,Australian Capital Territory,log10(Total cases),2.0293837776852097,121
12590,2020-05-22,Australian Capital Territory,log10(New cases per week),0.0,121
12591,2020-05-22,Australian Capital Territory,Slope of power-law,0.0,121
12592,2020-05-22,Australian Capital Territory,Acceleration of power-law,0.0,121
12593,2020-05-22,Australian Capital Territory,Growth Rate,0.0,121
12594,2020-05-22,Australian Capital Territory,Days since first case,121.0,121
12595,2020-05-22,Australian Capital Territory,Average Growth Rate,inf,121
12596,2020-05-22,Australian Capital Territory,Doubling time,inf,121
12597,2020-05-22,New South Wales,Total cases,3086.0,121
12598,2020-05-22,New South Wales,Total cases per million,409.066808059385,121
12599,2020-05-22,New South Wales,New cases,2.0,121
12600,2020-05-22,New South Wales,css_per_prsn,0.2651113467656416,121
12601,2020-05-22,New South Wales,New cases per week,12.0,121
12602,2020-05-22,New South Wales,log10(Total cases),3.4893959217271293,121
12603,2020-05-22,New South Wales,log10(New cases per week),1.0791812460476249,121
12604,2020-05-22,New South Wales,Slope of power-law,-39.63575671569215,121
12605,2020-05-22,New South Wales,Acceleration of power-law,-26369.738485003178,121
12606,2020-05-22,New South Wales,Growth Rate,0.06488871585231329,121
12607,2020-05-22,New South Wales,Days since first case,121.0,121
12608,2020-05-22,New South Wales,Average Growth Rate,10.257557631274379,121
12609,2020-05-22,New South Wales,Doubling time,1241.1644733842,121
12610,2020-05-22,Northern Territory,Total cases,29.0,121
12611,2020-05-22,Northern Territory,Total cases per million,118.70650839132215,121
12612,2020-05-22,Northern Territory,New cases,0.0,121
12613,2020-05-22,Northern Territory,css_per_prsn,0.0,121
12614,2020-05-22,Northern Territory,New cases per week,0.0,121
12615,2020-05-22,Northern Territory,log10(Total cases),1.462397997898956,121
12616,2020-05-22,Northern Territory,log10(New cases per week),0.0,121
12617,2020-05-22,Northern Territory,Slope of power-law,0.0,121
12618,2020-05-22,Northern Territory,Acceleration of power-law,0.0,121
12619,2020-05-22,Northern Territory,Growth Rate,0.0,121
12620,2020-05-22,Northern Territory,Days since first case,121.0,121
12621,2020-05-22,Northern Territory,Average Growth Rate,inf,121
12622,2020-05-22,Northern Territory,Doubling time,inf,121
12623,2020-05-22,Queensland,Total cases,1060.0,121
12624,2020-05-22,Queensland,Total cases per million,209.03174916190102,121
12625,2020-05-22,Queensland,New cases,2.0,121
12626,2020-05-22,Queensland,css_per_prsn,0.39439952672056794,121
12627,2020-05-22,Queensland,New cases per week,5.0,121
12628,2020-05-22,Queensland,log10(Total cases),3.0253058652647704,121
12629,2020-05-22,Queensland,log10(New cases per week),0.6989700043360189,121
12630,2020-05-22,Queensland,Slope of power-law,-77.58746868821198,121
12631,2020-05-22,Queensland,Acceleration of power-law,32711.410881262454,121
12632,2020-05-22,Queensland,Growth Rate,0.05670005670005669,121
12633,2020-05-22,Queensland,Days since first case,121.0,121
12634,2020-05-22,Queensland,Average Growth Rate,9.63761817223113,121
12635,2020-05-22,Queensland,Doubling time,1166.151798839967,121
12636,2020-05-22,South Australia,Total cases,439.0,121
12637,2020-05-22,South Australia,Total cases per million,261.77698270721527,121
12638,2020-05-22,South Australia,New cases,0.0,121
12639,2020-05-22,South Australia,css_per_prsn,0.0,121
12640,2020-05-22,South Australia,New cases per week,0.0,121
12641,2020-05-22,South Australia,log10(Total cases),2.6424645202421213,121
12642,2020-05-22,South Australia,log10(New cases per week),0.0,121
12643,2020-05-22,South Australia,Slope of power-law,0.0,121
12644,2020-05-22,South Australia,Acceleration of power-law,0.0,121
12645,2020-05-22,South Australia,Growth Rate,0.0,121
12646,2020-05-22,South Australia,Days since first case,121.0,121
12647,2020-05-22,South Australia,Average Growth Rate,134735684233404.03,121
12648,2020-05-22,South Australia,Doubling time,1.6303017792241888e+16,121
12649,2020-05-22,Tasmania,Total cases,228.0,121
12650,2020-05-22,Tasmania,Total cases per million,442.71844660194176,121
12651,2020-05-22,Tasmania,New cases,0.0,121
12652,2020-05-22,Tasmania,css_per_prsn,0.0,121
12653,2020-05-22,Tasmania,New cases per week,0.0,121
12654,2020-05-22,Tasmania,log10(Total cases),2.357934847000454,121
12655,2020-05-22,Tasmania,log10(New cases per week),0.0,121
12656,2020-05-22,Tasmania,Slope of power-law,-157.69072967696277,121
12657,2020-05-22,Tasmania,Acceleration of power-law,inf,121
12658,2020-05-22,Tasmania,Growth Rate,0.0,121
12659,2020-05-22,Tasmania,Days since first case,121.0,121
12660,2020-05-22,Tasmania,Average Growth Rate,19.746026504384485,121
12661,2020-05-22,Tasmania,Doubling time,2389.2692070305225,121
12662,2020-05-22,Victoria,Total cases,1593.0,121
12663,2020-05-22,Victoria,Total cases per million,250.51108664884416,121
12664,2020-05-22,Victoria,New cases,0.0,121
12665,2020-05-22,Victoria,css_per_prsn,0.0,121
12666,2020-05-22,Victoria,New cases per week,42.0,121
12667,2020-05-22,Victoria,log10(Total cases),3.2022157758011316,121
12668,2020-05-22,Victoria,log10(New cases per week),1.6232492903979006,121
12669,2020-05-22,Victoria,Slope of power-law,-11.135515427362195,121
12670,2020-05-22,Victoria,Acceleration of power-law,-inf,121
12671,2020-05-22,Victoria,Growth Rate,0.3664855301402755,121
12672,2020-05-22,Victoria,Days since first case,121.0,121
12673,2020-05-22,Victoria,Average Growth Rate,1.5183606624569153,121
12674,2020-05-22,Victoria,Doubling time,183.72164015728674,121
12675,2020-05-22,Western Australia,Total cases,557.0,121
12676,2020-05-22,Western Australia,Total cases per million,215.14098107377367,121
12677,2020-05-22,Western Australia,New cases,0.0,121
12678,2020-05-22,Western Australia,css_per_prsn,0.0,121
12679,2020-05-22,Western Australia,New cases per week,5.0,121
12680,2020-05-22,Western Australia,log10(Total cases),2.745855195173729,121
12681,2020-05-22,Western Australia,log10(New cases per week),0.6989700043360189,121
12682,2020-05-22,Western Australia,Slope of power-law,127.13478872087167,121
12683,2020-05-22,Western Australia,Acceleration of power-law,0.0,121
12684,2020-05-22,Western Australia,Growth Rate,0.10771992818671454,121
12685,2020-05-22,Western Australia,Days since first case,121.0,121
12686,2020-05-22,Western Australia,Average Growth Rate,4.373538340617151,121
12687,2020-05-22,Western Australia,Doubling time,529.1981392146753,121
12688,2020-05-23,Australian Capital Territory,Total cases,107.0,122
12689,2020-05-23,Australian Capital Territory,Total cases per million,281.57894736842104,122
12690,2020-05-23,Australian Capital Territory,New cases,0.0,122
12691,2020-05-23,Australian Capital Territory,css_per_prsn,0.0,122
12692,2020-05-23,Australian Capital Territory,New cases per week,0.0,122
12693,2020-05-23,Australian Capital Territory,log10(Total cases),2.0293837776852097,122
12694,2020-05-23,Australian Capital Territory,log10(New cases per week),0.0,122
12695,2020-05-23,Australian Capital Territory,Slope of power-law,0.0,122
12696,2020-05-23,Australian Capital Territory,Acceleration of power-law,0.0,122
12697,2020-05-23,Australian Capital Territory,Growth Rate,0.0,122
12698,2020-05-23,Australian Capital Territory,Days since first case,122.0,122
12699,2020-05-23,Australian Capital Territory,Average Growth Rate,inf,122
12700,2020-05-23,Australian Capital Territory,Doubling time,inf,122
12701,2020-05-23,New South Wales,Total cases,3087.0,122
12702,2020-05-23,New South Wales,Total cases per million,409.1993637327678,122
12703,2020-05-23,New South Wales,New cases,1.0,122
12704,2020-05-23,New South Wales,css_per_prsn,0.1325556733828208,122
12705,2020-05-23,New South Wales,New cases per week,12.0,122
12706,2020-05-23,New South Wales,log10(Total cases),3.4895366294820955,122
12707,2020-05-23,New South Wales,log10(New cases per week),1.0791812460476249,122
12708,2020-05-23,New South Wales,Slope of power-law,-58.87728081757835,122
12709,2020-05-23,New South Wales,Acceleration of power-law,-136748.14232169205,122
12710,2020-05-23,New South Wales,Growth Rate,0.058365758754863814,122
12711,2020-05-23,New South Wales,Days since first case,122.0,122
12712,2020-05-23,New South Wales,Average Growth Rate,11.603901208024068,122
12713,2020-05-23,New South Wales,Doubling time,1415.6759473789364,122
12714,2020-05-23,Northern Territory,Total cases,29.0,122
12715,2020-05-23,Northern Territory,Total cases per million,118.70650839132215,122
12716,2020-05-23,Northern Territory,New cases,0.0,122
12717,2020-05-23,Northern Territory,css_per_prsn,0.0,122
12718,2020-05-23,Northern Territory,New cases per week,0.0,122
12719,2020-05-23,Northern Territory,log10(Total cases),1.462397997898956,122
12720,2020-05-23,Northern Territory,log10(New cases per week),0.0,122
12721,2020-05-23,Northern Territory,Slope of power-law,0.0,122
12722,2020-05-23,Northern Territory,Acceleration of power-law,0.0,122
12723,2020-05-23,Northern Territory,Growth Rate,0.0,122
12724,2020-05-23,Northern Territory,Days since first case,122.0,122
12725,2020-05-23,Northern Territory,Average Growth Rate,inf,122
12726,2020-05-23,Northern Territory,Doubling time,inf,122
12727,2020-05-23,Queensland,Total cases,1061.0,122
12728,2020-05-23,Queensland,Total cases per million,209.2289489252613,122
12729,2020-05-23,Queensland,New cases,1.0,122
12730,2020-05-23,Queensland,css_per_prsn,0.19719976336028397,122
12731,2020-05-23,Queensland,New cases per week,6.0,122
12732,2020-05-23,Queensland,log10(Total cases),3.025715383901341,122
12733,2020-05-23,Queensland,log10(New cases per week),0.7781512503836436,122
12734,2020-05-23,Queensland,Slope of power-law,0.0,122
12735,2020-05-23,Queensland,Acceleration of power-law,189460.16556895452,122
12736,2020-05-23,Queensland,Growth Rate,0.07554296506137867,122
12737,2020-05-23,Queensland,Days since first case,122.0,122
12738,2020-05-23,Queensland,Average Growth Rate,10.780948100078291,122
12739,2020-05-23,Queensland,Doubling time,1315.2756682095514,122
12740,2020-05-23,South Australia,Total cases,439.0,122
12741,2020-05-23,South Australia,Total cases per million,261.77698270721527,122
12742,2020-05-23,South Australia,New cases,0.0,122
12743,2020-05-23,South Australia,css_per_prsn,0.0,122
12744,2020-05-23,South Australia,New cases per week,0.0,122
12745,2020-05-23,South Australia,log10(Total cases),2.6424645202421213,122
12746,2020-05-23,South Australia,log10(New cases per week),0.0,122
12747,2020-05-23,South Australia,Slope of power-law,0.0,122
12748,2020-05-23,South Australia,Acceleration of power-law,0.0,122
12749,2020-05-23,South Australia,Growth Rate,0.0,122
12750,2020-05-23,South Australia,Days since first case,122.0,122
12751,2020-05-23,South Australia,Average Growth Rate,134735684233404.03,122
12752,2020-05-23,South Australia,Doubling time,1.6437753476475292e+16,122
12753,2020-05-23,Tasmania,Total cases,228.0,122
12754,2020-05-23,Tasmania,Total cases per million,442.71844660194176,122
12755,2020-05-23,Tasmania,New cases,0.0,122
12756,2020-05-23,Tasmania,css_per_prsn,0.0,122
12757,2020-05-23,Tasmania,New cases per week,0.0,122
12758,2020-05-23,Tasmania,log10(Total cases),2.357934847000454,122
12759,2020-05-23,Tasmania,log10(New cases per week),0.0,122
12760,2020-05-23,Tasmania,Slope of power-law,0.0,122
12761,2020-05-23,Tasmania,Acceleration of power-law,inf,122
12762,2020-05-23,Tasmania,Growth Rate,0.0,122
12763,2020-05-23,Tasmania,Days since first case,122.0,122
12764,2020-05-23,Tasmania,Average Growth Rate,39.50938929191497,122
12765,2020-05-23,Tasmania,Doubling time,4820.145493613626,122
12766,2020-05-23,Victoria,Total cases,1603.0,122
12767,2020-05-23,Victoria,Total cases per million,252.08366095298004,122
12768,2020-05-23,Victoria,New cases,10.0,122
12769,2020-05-23,Victoria,css_per_prsn,1.5725743041358704,122
12770,2020-05-23,Victoria,New cases per week,45.0,122
12771,2020-05-23,Victoria,log10(Total cases),3.204933522354145,122
12772,2020-05-23,Victoria,log10(New cases per week),1.6532125137753437,122
12773,2020-05-23,Victoria,Slope of power-law,-7.580246970998492,122
12774,2020-05-23,Victoria,Acceleration of power-law,1308.1677731949817,122
12775,2020-05-23,Victoria,Growth Rate,0.3776910487221453,122
12776,2020-05-23,Victoria,Days since first case,122.0,122
12777,2020-05-23,Victoria,Average Growth Rate,1.7394982081564077,122
12778,2020-05-23,Victoria,Doubling time,212.21878139508172,122
12779,2020-05-23,Western Australia,Total cases,560.0,122
12780,2020-05-23,Western Australia,Total cases per million,216.29972962533796,122
12781,2020-05-23,Western Australia,New cases,3.0,122
12782,2020-05-23,Western Australia,css_per_prsn,1.1587485515643106,122
12783,2020-05-23,Western Australia,New cases per week,7.0,122
12784,2020-05-23,Western Australia,log10(Total cases),2.7481880270062002,122
12785,2020-05-23,Western Australia,log10(New cases per week),0.8450980400142568,122
12786,2020-05-23,Western Australia,Slope of power-law,135.23842210154757,122
12787,2020-05-23,Western Australia,Acceleration of power-law,3473.7323401880603,122
12788,2020-05-23,Western Australia,Growth Rate,0.10760401721664276,122
12789,2020-05-23,Western Australia,Days since first case,122.0,122
12790,2020-05-23,Western Australia,Average Growth Rate,4.817529119407885,122
12791,2020-05-23,Western Australia,Doubling time,587.738552567762,122
12792,2020-05-24,Australian Capital Territory,Total cases,107.0,123
12793,2020-05-24,Australian Capital Territory,Total cases per million,281.57894736842104,123
12794,2020-05-24,Australian Capital Territory,New cases,0.0,123
12795,2020-05-24,Australian Capital Territory,css_per_prsn,0.0,123
12796,2020-05-24,Australian Capital Territory,New cases per week,0.0,123
12797,2020-05-24,Australian Capital Territory,log10(Total cases),2.0293837776852097,123
12798,2020-05-24,Australian Capital Territory,log10(New cases per week),0.0,123
12799,2020-05-24,Australian Capital Territory,Slope of power-law,0.0,123
12800,2020-05-24,Australian Capital Territory,Acceleration of power-law,0.0,123
12801,2020-05-24,Australian Capital Territory,Growth Rate,0.0,123
12802,2020-05-24,Australian Capital Territory,Days since first case,123.0,123
12803,2020-05-24,Australian Capital Territory,Average Growth Rate,inf,123
12804,2020-05-24,Australian Capital Territory,Doubling time,inf,123
12805,2020-05-24,New South Wales,Total cases,3090.0,123
12806,2020-05-24,New South Wales,Total cases per million,409.5970307529162,123
12807,2020-05-24,New South Wales,New cases,3.0,123
12808,2020-05-24,New South Wales,css_per_prsn,0.3976670201484624,123
12809,2020-05-24,New South Wales,New cases per week,14.0,123
12810,2020-05-24,New South Wales,log10(Total cases),3.4899584794248346,123
12811,2020-05-24,New South Wales,log10(New cases per week),1.146128035678238,123
12812,2020-05-24,New South Wales,Slope of power-law,-87.38807667362853,123
12813,2020-05-24,New South Wales,Acceleration of power-law,-67585.15995268081,123
12814,2020-05-24,New South Wales,Growth Rate,0.058331713007972,123
12815,2020-05-24,New South Wales,Days since first case,123.0,123
12816,2020-05-24,New South Wales,Average Growth Rate,11.868999081435932,123
12817,2020-05-24,New South Wales,Doubling time,1459.8868870166198,123
12818,2020-05-24,Northern Territory,Total cases,29.0,123
12819,2020-05-24,Northern Territory,Total cases per million,118.70650839132215,123
12820,2020-05-24,Northern Territory,New cases,0.0,123
12821,2020-05-24,Northern Territory,css_per_prsn,0.0,123
12822,2020-05-24,Northern Territory,New cases per week,0.0,123
12823,2020-05-24,Northern Territory,log10(Total cases),1.462397997898956,123
12824,2020-05-24,Northern Territory,log10(New cases per week),0.0,123
12825,2020-05-24,Northern Territory,Slope of power-law,0.0,123
12826,2020-05-24,Northern Territory,Acceleration of power-law,0.0,123
12827,2020-05-24,Northern Territory,Growth Rate,0.0,123
12828,2020-05-24,Northern Territory,Days since first case,123.0,123
12829,2020-05-24,Northern Territory,Average Growth Rate,inf,123
12830,2020-05-24,Northern Territory,Doubling time,inf,123
12831,2020-05-24,Queensland,Total cases,1056.0,123
12832,2020-05-24,Queensland,Total cases per million,208.2429501084599,123
12833,2020-05-24,Queensland,New cases,-5.0,123
12834,2020-05-24,Queensland,css_per_prsn,-0.9859988168014199,123
12835,2020-05-24,Queensland,New cases per week,-1.0,123
12836,2020-05-24,Queensland,log10(Total cases),3.0236639181977933,123
12837,2020-05-24,Queensland,log10(New cases per week),0.0,123
12838,2020-05-24,Queensland,Slope of power-law,0.0,123
12839,2020-05-24,Queensland,Acceleration of power-law,0.0,123
12840,2020-05-24,Queensland,Growth Rate,-0.03778575477045155,123
12841,2020-05-24,Queensland,Days since first case,123.0,123
12842,2020-05-24,Queensland,Average Growth Rate,16.665884093329865,123
12843,2020-05-24,Queensland,Doubling time,2049.903743479573,123
12844,2020-05-24,South Australia,Total cases,439.0,123
12845,2020-05-24,South Australia,Total cases per million,261.77698270721527,123
12846,2020-05-24,South Australia,New cases,0.0,123
12847,2020-05-24,South Australia,css_per_prsn,0.0,123
12848,2020-05-24,South Australia,New cases per week,0.0,123
12849,2020-05-24,South Australia,log10(Total cases),2.6424645202421213,123
12850,2020-05-24,South Australia,log10(New cases per week),0.0,123
12851,2020-05-24,South Australia,Slope of power-law,0.0,123
12852,2020-05-24,South Australia,Acceleration of power-law,0.0,123
12853,2020-05-24,South Australia,Growth Rate,0.0,123
12854,2020-05-24,South Australia,Days since first case,123.0,123
12855,2020-05-24,South Australia,Average Growth Rate,134735684233404.03,123
12856,2020-05-24,South Australia,Doubling time,1.6572489160708696e+16,123
12857,2020-05-24,Tasmania,Total cases,228.0,123
12858,2020-05-24,Tasmania,Total cases per million,442.71844660194176,123
12859,2020-05-24,Tasmania,New cases,0.0,123
12860,2020-05-24,Tasmania,css_per_prsn,0.0,123
12861,2020-05-24,Tasmania,New cases per week,0.0,123
12862,2020-05-24,Tasmania,log10(Total cases),2.357934847000454,123
12863,2020-05-24,Tasmania,log10(New cases per week),0.0,123
12864,2020-05-24,Tasmania,Slope of power-law,0.0,123
12865,2020-05-24,Tasmania,Acceleration of power-law,0.0,123
12866,2020-05-24,Tasmania,Growth Rate,0.0,123
12867,2020-05-24,Tasmania,Days since first case,123.0,123
12868,2020-05-24,Tasmania,Average Growth Rate,816119577537955.4,123
12869,2020-05-24,Tasmania,Doubling time,1.0038270803716851e+17,123
12870,2020-05-24,Victoria,Total cases,1605.0,123
12871,2020-05-24,Victoria,Total cases per million,252.3981758138072,123
12872,2020-05-24,Victoria,New cases,2.0,123
12873,2020-05-24,Victoria,css_per_prsn,0.31451486082717406,123
12874,2020-05-24,Victoria,New cases per week,41.0,123
12875,2020-05-24,Victoria,log10(Total cases),3.205475036740891,123
12876,2020-05-24,Victoria,log10(New cases per week),1.6127838567197355,123
12877,2020-05-24,Victoria,Slope of power-law,-13.95424948153727,123
12878,2020-05-24,Victoria,Acceleration of power-law,-11770.698372093386,123
12879,2020-05-24,Victoria,Growth Rate,0.4012539184952978,123
12880,2020-05-24,Victoria,Days since first case,123.0,123
12881,2020-05-24,Victoria,Average Growth Rate,1.7578452805095832,123
12882,2020-05-24,Victoria,Doubling time,216.21496950267874,123
12883,2020-05-24,Western Australia,Total cases,560.0,123
12884,2020-05-24,Western Australia,Total cases per million,216.29972962533796,123
12885,2020-05-24,Western Australia,New cases,0.0,123
12886,2020-05-24,Western Australia,css_per_prsn,0.0,123
12887,2020-05-24,Western Australia,New cases per week,6.0,123
12888,2020-05-24,Western Australia,log10(Total cases),2.7481880270062002,123
12889,2020-05-24,Western Australia,log10(New cases per week),0.7781512503836436,123
12890,2020-05-24,Western Australia,Slope of power-law,124.52513468905325,123
12891,2020-05-24,Western Australia,Acceleration of power-law,-inf,123
12892,2020-05-24,Western Australia,Growth Rate,0.10748835542816193,123
12893,2020-05-24,Western Australia,Days since first case,123.0,123
12894,2020-05-24,Western Australia,Average Growth Rate,5.360109134966125,123
12895,2020-05-24,Western Australia,Doubling time,659.2934236008334,123
12896,2020-05-25,Australian Capital Territory,Total cases,107.0,124
12897,2020-05-25,Australian Capital Territory,Total cases per million,281.57894736842104,124
12898,2020-05-25,Australian Capital Territory,New cases,0.0,124
12899,2020-05-25,Australian Capital Territory,css_per_prsn,0.0,124
12900,2020-05-25,Australian Capital Territory,New cases per week,0.0,124
12901,2020-05-25,Australian Capital Territory,log10(Total cases),2.0293837776852097,124
12902,2020-05-25,Australian Capital Territory,log10(New cases per week),0.0,124
12903,2020-05-25,Australian Capital Territory,Slope of power-law,0.0,124
12904,2020-05-25,Australian Capital Territory,Acceleration of power-law,0.0,124
12905,2020-05-25,Australian Capital Territory,Growth Rate,0.0,124
12906,2020-05-25,Australian Capital Territory,Days since first case,124.0,124
12907,2020-05-25,Australian Capital Territory,Average Growth Rate,inf,124
12908,2020-05-25,Australian Capital Territory,Doubling time,inf,124
12909,2020-05-25,New South Wales,Total cases,3092.0,124
12910,2020-05-25,New South Wales,Total cases per million,409.8621420996819,124
12911,2020-05-25,New South Wales,New cases,2.0,124
12912,2020-05-25,New South Wales,css_per_prsn,0.2651113467656416,124
12913,2020-05-25,New South Wales,New cases per week,14.0,124
12914,2020-05-25,New South Wales,log10(Total cases),3.4902394852462875,124
12915,2020-05-25,New South Wales,log10(New cases per week),1.146128035678238,124
12916,2020-05-25,New South Wales,Slope of power-law,-85.02836515826503,124
12917,2020-05-25,New South Wales,Acceleration of power-law,8397.375909023393,124
12918,2020-05-25,New South Wales,Growth Rate,0.06477103439341926,124
12919,2020-05-25,New South Wales,Days since first case,124.0,124
12920,2020-05-25,New South Wales,Average Growth Rate,11.370711673012998,124
12921,2020-05-25,New South Wales,Doubling time,1409.9682474536119,124
12922,2020-05-25,Northern Territory,Total cases,29.0,124
12923,2020-05-25,Northern Territory,Total cases per million,118.70650839132215,124
12924,2020-05-25,Northern Territory,New cases,0.0,124
12925,2020-05-25,Northern Territory,css_per_prsn,0.0,124
12926,2020-05-25,Northern Territory,New cases per week,0.0,124
12927,2020-05-25,Northern Territory,log10(Total cases),1.462397997898956,124
12928,2020-05-25,Northern Territory,log10(New cases per week),0.0,124
12929,2020-05-25,Northern Territory,Slope of power-law,0.0,124
12930,2020-05-25,Northern Territory,Acceleration of power-law,0.0,124
12931,2020-05-25,Northern Territory,Growth Rate,0.0,124
12932,2020-05-25,Northern Territory,Days since first case,124.0,124
12933,2020-05-25,Northern Territory,Average Growth Rate,inf,124
12934,2020-05-25,Northern Territory,Doubling time,inf,124
12935,2020-05-25,Queensland,Total cases,1057.0,124
12936,2020-05-25,Queensland,Total cases per million,208.44014987182015,124
12937,2020-05-25,Queensland,New cases,1.0,124
12938,2020-05-25,Queensland,css_per_prsn,0.19719976336028397,124
12939,2020-05-25,Queensland,New cases per week,0.0,124
12940,2020-05-25,Queensland,log10(Total cases),3.024074987307426,124
12941,2020-05-25,Queensland,log10(New cases per week),0.0,124
12942,2020-05-25,Queensland,Slope of power-law,-1215.7645656876798,124
12943,2020-05-25,Queensland,Acceleration of power-law,0.0,124
12944,2020-05-25,Queensland,Growth Rate,-0.01889644746787604,124
12945,2020-05-25,Queensland,Days since first case,124.0,124
12946,2020-05-25,Queensland,Average Growth Rate,26.19741607752278,124
12947,2020-05-25,Queensland,Doubling time,3248.479593612825,124
12948,2020-05-25,South Australia,Total cases,439.0,124
12949,2020-05-25,South Australia,Total cases per million,261.77698270721527,124
12950,2020-05-25,South Australia,New cases,0.0,124
12951,2020-05-25,South Australia,css_per_prsn,0.0,124
12952,2020-05-25,South Australia,New cases per week,0.0,124
12953,2020-05-25,South Australia,log10(Total cases),2.6424645202421213,124
12954,2020-05-25,South Australia,log10(New cases per week),0.0,124
12955,2020-05-25,South Australia,Slope of power-law,0.0,124
12956,2020-05-25,South Australia,Acceleration of power-law,0.0,124
12957,2020-05-25,South Australia,Growth Rate,0.0,124
12958,2020-05-25,South Australia,Days since first case,124.0,124
12959,2020-05-25,South Australia,Average Growth Rate,134735684233404.03,124
12960,2020-05-25,South Australia,Doubling time,1.67072248449421e+16,124
12961,2020-05-25,Tasmania,Total cases,228.0,124
12962,2020-05-25,Tasmania,Total cases per million,442.71844660194176,124
12963,2020-05-25,Tasmania,New cases,0.0,124
12964,2020-05-25,Tasmania,css_per_prsn,0.0,124
12965,2020-05-25,Tasmania,New cases per week,0.0,124
12966,2020-05-25,Tasmania,log10(Total cases),2.357934847000454,124
12967,2020-05-25,Tasmania,log10(New cases per week),0.0,124
12968,2020-05-25,Tasmania,Slope of power-law,0.0,124
12969,2020-05-25,Tasmania,Acceleration of power-law,0.0,124
12970,2020-05-25,Tasmania,Growth Rate,0.0,124
12971,2020-05-25,Tasmania,Days since first case,124.0,124
12972,2020-05-25,Tasmania,Average Growth Rate,816119577537955.4,124
12973,2020-05-25,Tasmania,Doubling time,1.0119882761470646e+17,124
12974,2020-05-25,Victoria,Total cases,1610.0,124
12975,2020-05-25,Victoria,Total cases per million,253.18446296587513,124
12976,2020-05-25,Victoria,New cases,5.0,124
12977,2020-05-25,Victoria,css_per_prsn,0.7862871520679352,124
12978,2020-05-25,Victoria,New cases per week,37.0,124
12979,2020-05-25,Victoria,log10(Total cases),3.2068258760318495,124
12980,2020-05-25,Victoria,log10(New cases per week),1.568201724066995,124
12981,2020-05-25,Victoria,Slope of power-law,-21.640229162966776,124
12982,2020-05-25,Victoria,Acceleration of power-law,-5689.78096274947,124
12983,2020-05-25,Victoria,Growth Rate,0.36231884057971014,124
12984,2020-05-25,Victoria,Days since first case,124.0,124
12985,2020-05-25,Victoria,Average Growth Rate,1.7757647218039065,124
12986,2020-05-25,Victoria,Doubling time,220.1948255036844,124
12987,2020-05-25,Western Australia,Total cases,564.0,124
12988,2020-05-25,Western Australia,Total cases per million,217.84472769409038,124
12989,2020-05-25,Western Australia,New cases,4.0,124
12990,2020-05-25,Western Australia,css_per_prsn,1.544998068752414,124
12991,2020-05-25,Western Australia,New cases per week,7.0,124
12992,2020-05-25,Western Australia,log10(Total cases),2.751279103983342,124
12993,2020-05-25,Western Australia,log10(New cases per week),0.8450980400142568,124
12994,2020-05-25,Western Australia,Slope of power-law,90.48133452937286,124
12995,2020-05-25,Western Australia,Acceleration of power-law,-11013.572425219169,124
12996,2020-05-25,Western Australia,Growth Rate,0.2501786990707648,124
12997,2020-05-25,Western Australia,Days since first case,124.0,124
12998,2020-05-25,Western Australia,Average Growth Rate,4.835196850367608,124
12999,2020-05-25,Western Australia,Doubling time,599.5644094455835,124
13000,2020-05-26,Australian Capital Territory,Total cases,107.0,125
13001,2020-05-26,Australian Capital Territory,Total cases per million,281.57894736842104,125
13002,2020-05-26,Australian Capital Territory,New cases,0.0,125
13003,2020-05-26,Australian Capital Territory,css_per_prsn,0.0,125
13004,2020-05-26,Australian Capital Territory,New cases per week,0.0,125
13005,2020-05-26,Australian Capital Territory,log10(Total cases),2.0293837776852097,125
13006,2020-05-26,Australian Capital Territory,log10(New cases per week),0.0,125
13007,2020-05-26,Australian Capital Territory,Slope of power-law,0.0,125
13008,2020-05-26,Australian Capital Territory,Acceleration of power-law,0.0,125
13009,2020-05-26,Australian Capital Territory,Growth Rate,0.0,125
13010,2020-05-26,Australian Capital Territory,Days since first case,125.0,125
13011,2020-05-26,Australian Capital Territory,Average Growth Rate,inf,125
13012,2020-05-26,Australian Capital Territory,Doubling time,inf,125
13013,2020-05-26,New South Wales,Total cases,3089.0,125
13014,2020-05-26,New South Wales,Total cases per million,409.46447507953343,125
13015,2020-05-26,New South Wales,New cases,-3.0,125
13016,2020-05-26,New South Wales,css_per_prsn,-0.3976670201484624,125
13017,2020-05-26,New South Wales,New cases per week,8.0,125
13018,2020-05-26,New South Wales,log10(Total cases),3.4898179083014504,125
13019,2020-05-26,New South Wales,log10(New cases per week),0.9030899869919435,125
13020,2020-05-26,New South Wales,Slope of power-law,-222.6963320512099,125
13021,2020-05-26,New South Wales,Acceleration of power-law,326554.7809929845,125
13022,2020-05-26,New South Wales,Growth Rate,0.03237503237503237,125
13023,2020-05-26,New South Wales,Days since first case,125.0,125
13024,2020-05-26,New South Wales,Average Growth Rate,12.433924844701075,125
13025,2020-05-26,New South Wales,Doubling time,1554.2406055876343,125
13026,2020-05-26,Northern Territory,Total cases,29.0,125
13027,2020-05-26,Northern Territory,Total cases per million,118.70650839132215,125
13028,2020-05-26,Northern Territory,New cases,0.0,125
13029,2020-05-26,Northern Territory,css_per_prsn,0.0,125
13030,2020-05-26,Northern Territory,New cases per week,0.0,125
13031,2020-05-26,Northern Territory,log10(Total cases),1.462397997898956,125
13032,2020-05-26,Northern Territory,log10(New cases per week),0.0,125
13033,2020-05-26,Northern Territory,Slope of power-law,0.0,125
13034,2020-05-26,Northern Territory,Acceleration of power-law,0.0,125
13035,2020-05-26,Northern Territory,Growth Rate,0.0,125
13036,2020-05-26,Northern Territory,Days since first case,125.0,125
13037,2020-05-26,Northern Territory,Average Growth Rate,inf,125
13038,2020-05-26,Northern Territory,Doubling time,inf,125
13039,2020-05-26,Queensland,Total cases,1058.0,125
13040,2020-05-26,Queensland,Total cases per million,208.63734963518044,125
13041,2020-05-26,Queensland,New cases,1.0,125
13042,2020-05-26,Queensland,css_per_prsn,0.19719976336028397,125
13043,2020-05-26,Queensland,New cases per week,0.0,125
13044,2020-05-26,Queensland,log10(Total cases),3.024485667699167,125
13045,2020-05-26,Queensland,log10(New cases per week),0.0,125
13046,2020-05-26,Queensland,Slope of power-law,-810.8931720541258,125
13047,2020-05-26,Queensland,Acceleration of power-law,985855.1851414893,125
13048,2020-05-26,Queensland,Growth Rate,0.0,125
13049,2020-05-26,Queensland,Days since first case,125.0,125
13050,2020-05-26,Queensland,Average Growth Rate,45.866838457735724,125
13051,2020-05-26,Queensland,Doubling time,5733.354807216965,125
13052,2020-05-26,South Australia,Total cases,440.0,125
13053,2020-05-26,South Australia,Total cases per million,262.3732856290996,125
13054,2020-05-26,South Australia,New cases,1.0,125
13055,2020-05-26,South Australia,css_per_prsn,0.5963029218843172,125
13056,2020-05-26,South Australia,New cases per week,1.0,125
13057,2020-05-26,South Australia,log10(Total cases),2.6434526764861874,125
13058,2020-05-26,South Australia,log10(New cases per week),0.0,125
13059,2020-05-26,South Australia,Slope of power-law,0.0,125
13060,2020-05-26,South Australia,Acceleration of power-law,0.0,125
13061,2020-05-26,South Australia,Growth Rate,0.04553734061930784,125
13062,2020-05-26,South Australia,Days since first case,125.0,125
13063,2020-05-26,South Australia,Average Growth Rate,76.10756042543899,125
13064,2020-05-26,South Australia,Doubling time,9513.445053179874,125
13065,2020-05-26,Tasmania,Total cases,228.0,125
13066,2020-05-26,Tasmania,Total cases per million,442.71844660194176,125
13067,2020-05-26,Tasmania,New cases,0.0,125
13068,2020-05-26,Tasmania,css_per_prsn,0.0,125
13069,2020-05-26,Tasmania,New cases per week,0.0,125
13070,2020-05-26,Tasmania,log10(Total cases),2.357934847000454,125
13071,2020-05-26,Tasmania,log10(New cases per week),0.0,125
13072,2020-05-26,Tasmania,Slope of power-law,0.0,125
13073,2020-05-26,Tasmania,Acceleration of power-law,0.0,125
13074,2020-05-26,Tasmania,Growth Rate,0.0,125
13075,2020-05-26,Tasmania,Days since first case,125.0,125
13076,2020-05-26,Tasmania,Average Growth Rate,816119577537955.4,125
13077,2020-05-26,Tasmania,Doubling time,1.0201494719224442e+17,125
13078,2020-05-26,Victoria,Total cases,1618.0,125
13079,2020-05-26,Victoria,Total cases per million,254.44252240918382,125
13080,2020-05-26,Victoria,New cases,8.0,125
13081,2020-05-26,Victoria,css_per_prsn,1.2580594433086962,125
13082,2020-05-26,Victoria,New cases per week,45.0,125
13083,2020-05-26,Victoria,log10(Total cases),3.2089785172762535,125
13084,2020-05-26,Victoria,log10(New cases per week),1.6532125137753437,125
13085,2020-05-26,Victoria,Slope of power-law,-12.067824223421812,125
13086,2020-05-26,Victoria,Acceleration of power-law,4446.818513967235,125
13087,2020-05-26,Victoria,Growth Rate,0.3113712791132146,125
13088,2020-05-26,Victoria,Days since first case,125.0,125
13089,2020-05-26,Victoria,Average Growth Rate,1.9051710317145631,125
13090,2020-05-26,Victoria,Doubling time,238.1463789643204,125
13091,2020-05-26,Western Australia,Total cases,570.0,125
13092,2020-05-26,Western Australia,Total cases per million,220.162224797219,125
13093,2020-05-26,Western Australia,New cases,6.0,125
13094,2020-05-26,Western Australia,css_per_prsn,2.317497103128621,125
13095,2020-05-26,Western Australia,New cases per week,13.0,125
13096,2020-05-26,Western Australia,log10(Total cases),2.7558748556724915,125
13097,2020-05-26,Western Australia,log10(New cases per week),1.1139433523068367,125
13098,2020-05-26,Western Australia,Slope of power-law,84.71229671057989,125
13099,2020-05-26,Western Australia,Acceleration of power-law,-1255.2979814844784,125
13100,2020-05-26,Western Australia,Growth Rate,0.46246887228744216,125
13101,2020-05-26,Western Australia,Days since first case,125.0,125
13102,2020-05-26,Western Australia,Average Growth Rate,3.3470499397244993,125
13103,2020-05-26,Western Australia,Doubling time,418.3812424655624,125
13104,2020-05-27,Australian Capital Territory,Total cases,107.0,126
13105,2020-05-27,Australian Capital Territory,Total cases per million,281.57894736842104,126
13106,2020-05-27,Australian Capital Territory,New cases,0.0,126
13107,2020-05-27,Australian Capital Territory,css_per_prsn,0.0,126
13108,2020-05-27,Australian Capital Territory,New cases per week,0.0,126
13109,2020-05-27,Australian Capital Territory,log10(Total cases),2.0293837776852097,126
13110,2020-05-27,Australian Capital Territory,log10(New cases per week),0.0,126
13111,2020-05-27,Australian Capital Territory,Slope of power-law,0.0,126
13112,2020-05-27,Australian Capital Territory,Acceleration of power-law,0.0,126
13113,2020-05-27,Australian Capital Territory,Growth Rate,0.0,126
13114,2020-05-27,Australian Capital Territory,Days since first case,126.0,126
13115,2020-05-27,Australian Capital Territory,Average Growth Rate,inf,126
13116,2020-05-27,Australian Capital Territory,Doubling time,inf,126
13117,2020-05-27,New South Wales,Total cases,3090.0,126
13118,2020-05-27,New South Wales,Total cases per million,409.5970307529162,126
13119,2020-05-27,New South Wales,New cases,1.0,126
13120,2020-05-27,New South Wales,css_per_prsn,0.1325556733828208,126
13121,2020-05-27,New South Wales,New cases per week,8.0,126
13122,2020-05-27,New South Wales,log10(Total cases),3.4899584794248346,126
13123,2020-05-27,New South Wales,log10(New cases per week),0.9030899869919435,126
13124,2020-05-27,New South Wales,Slope of power-law,-232.55748570523338,126
13125,2020-05-27,New South Wales,Acceleration of power-law,-70150.63561150961,126
13126,2020-05-27,New South Wales,Growth Rate,0.025893319523562924,126
13127,2020-05-27,New South Wales,Days since first case,126.0,126
13128,2020-05-27,New South Wales,Average Growth Rate,14.45641663497093,126
13129,2020-05-27,New South Wales,Doubling time,1821.5084960063373,126
13130,2020-05-27,Northern Territory,Total cases,29.0,126
13131,2020-05-27,Northern Territory,Total cases per million,118.70650839132215,126
13132,2020-05-27,Northern Territory,New cases,0.0,126
13133,2020-05-27,Northern Territory,css_per_prsn,0.0,126
13134,2020-05-27,Northern Territory,New cases per week,0.0,126
13135,2020-05-27,Northern Territory,log10(Total cases),1.462397997898956,126
13136,2020-05-27,Northern Territory,log10(New cases per week),0.0,126
13137,2020-05-27,Northern Territory,Slope of power-law,0.0,126
13138,2020-05-27,Northern Territory,Acceleration of power-law,0.0,126
13139,2020-05-27,Northern Territory,Growth Rate,0.0,126
13140,2020-05-27,Northern Territory,Days since first case,126.0,126
13141,2020-05-27,Northern Territory,Average Growth Rate,inf,126
13142,2020-05-27,Northern Territory,Doubling time,inf,126
13143,2020-05-27,Queensland,Total cases,1058.0,126
13144,2020-05-27,Queensland,Total cases per million,208.63734963518044,126
13145,2020-05-27,Queensland,New cases,0.0,126
13146,2020-05-27,Queensland,css_per_prsn,0.0,126
13147,2020-05-27,Queensland,New cases per week,0.0,126
13148,2020-05-27,Queensland,log10(Total cases),3.024485667699167,126
13149,2020-05-27,Queensland,log10(New cases per week),0.0,126
13150,2020-05-27,Queensland,Slope of power-law,-2627.788586334274,126
13151,2020-05-27,Queensland,Acceleration of power-law,-inf,126
13152,2020-05-27,Queensland,Growth Rate,-0.03780718336483932,126
13153,2020-05-27,Queensland,Days since first case,126.0,126
13154,2020-05-27,Queensland,Average Growth Rate,-182.92299039560433,126
13155,2020-05-27,Queensland,Doubling time,-23048.296789846147,126
13156,2020-05-27,South Australia,Total cases,440.0,126
13157,2020-05-27,South Australia,Total cases per million,262.3732856290996,126
13158,2020-05-27,South Australia,New cases,0.0,126
13159,2020-05-27,South Australia,css_per_prsn,0.0,126
13160,2020-05-27,South Australia,New cases per week,1.0,126
13161,2020-05-27,South Australia,log10(Total cases),2.6434526764861874,126
13162,2020-05-27,South Australia,log10(New cases per week),0.0,126
13163,2020-05-27,South Australia,Slope of power-law,0.0,126
13164,2020-05-27,South Australia,Acceleration of power-law,0.0,126
13165,2020-05-27,South Australia,Growth Rate,0.04551661356395085,126
13166,2020-05-27,South Australia,Days since first case,126.0,126
13167,2020-05-27,South Australia,Average Growth Rate,38.062442580181354,126
13168,2020-05-27,South Australia,Doubling time,4795.867765102851,126
13169,2020-05-27,Tasmania,Total cases,228.0,126
13170,2020-05-27,Tasmania,Total cases per million,442.71844660194176,126
13171,2020-05-27,Tasmania,New cases,0.0,126
13172,2020-05-27,Tasmania,css_per_prsn,0.0,126
13173,2020-05-27,Tasmania,New cases per week,0.0,126
13174,2020-05-27,Tasmania,log10(Total cases),2.357934847000454,126
13175,2020-05-27,Tasmania,log10(New cases per week),0.0,126
13176,2020-05-27,Tasmania,Slope of power-law,0.0,126
13177,2020-05-27,Tasmania,Acceleration of power-law,0.0,126
13178,2020-05-27,Tasmania,Growth Rate,0.0,126
13179,2020-05-27,Tasmania,Days since first case,126.0,126
13180,2020-05-27,Tasmania,Average Growth Rate,816119577537955.4,126
13181,2020-05-27,Tasmania,Doubling time,1.0283106676978238e+17,126
13182,2020-05-27,Victoria,Total cases,1628.0,126
13183,2020-05-27,Victoria,Total cases per million,256.0150967133197,126
13184,2020-05-27,Victoria,New cases,10.0,126
13185,2020-05-27,Victoria,css_per_prsn,1.5725743041358704,126
13186,2020-05-27,Victoria,New cases per week,47.0,126
13187,2020-05-27,Victoria,log10(Total cases),3.2116544005531824,126
13188,2020-05-27,Victoria,log10(New cases per week),1.6720978579357175,126
13189,2020-05-27,Victoria,Slope of power-law,-9.209683161778754,126
13190,2020-05-27,Victoria,Acceleration of power-law,1068.1112611620788,126
13191,2020-05-27,Victoria,Growth Rate,0.4340277777777778,126
13192,2020-05-27,Victoria,Days since first case,126.0,126
13193,2020-05-27,Victoria,Average Growth Rate,1.8369661944729472,126
13194,2020-05-27,Victoria,Doubling time,231.45774050359134,126
13195,2020-05-27,Western Australia,Total cases,570.0,126
13196,2020-05-27,Western Australia,Total cases per million,220.162224797219,126
13197,2020-05-27,Western Australia,New cases,0.0,126
13198,2020-05-27,Western Australia,css_per_prsn,0.0,126
13199,2020-05-27,Western Australia,New cases per week,13.0,126
13200,2020-05-27,Western Australia,log10(Total cases),2.7558748556724915,126
13201,2020-05-27,Western Australia,log10(New cases per week),1.1139433523068367,126
13202,2020-05-27,Western Australia,Slope of power-law,65.74261041187594,126
13203,2020-05-27,Western Australia,Acceleration of power-law,-inf,126
13204,2020-05-27,Western Australia,Growth Rate,0.4603399433427763,126
13205,2020-05-27,Western Australia,Days since first case,126.0,126
13206,2020-05-27,Western Australia,Average Growth Rate,2.4967841796387864,126
13207,2020-05-27,Western Australia,Doubling time,314.5948066344871,126
13208,2020-05-28,Australian Capital Territory,Total cases,107.0,127
13209,2020-05-28,Australian Capital Territory,Total cases per million,281.57894736842104,127
13210,2020-05-28,Australian Capital Territory,New cases,0.0,127
13211,2020-05-28,Australian Capital Territory,css_per_prsn,0.0,127
13212,2020-05-28,Australian Capital Territory,New cases per week,0.0,127
13213,2020-05-28,Australian Capital Territory,log10(Total cases),2.0293837776852097,127
13214,2020-05-28,Australian Capital Territory,log10(New cases per week),0.0,127
13215,2020-05-28,Australian Capital Territory,Slope of power-law,0.0,127
13216,2020-05-28,Australian Capital Territory,Acceleration of power-law,0.0,127
13217,2020-05-28,Australian Capital Territory,Growth Rate,0.0,127
13218,2020-05-28,Australian Capital Territory,Days since first case,127.0,127
13219,2020-05-28,Australian Capital Territory,Average Growth Rate,inf,127
13220,2020-05-28,Australian Capital Territory,Doubling time,inf,127
13221,2020-05-28,New South Wales,Total cases,3092.0,127
13222,2020-05-28,New South Wales,Total cases per million,409.8621420996819,127
13223,2020-05-28,New South Wales,New cases,2.0,127
13224,2020-05-28,New South Wales,css_per_prsn,0.2651113467656416,127
13225,2020-05-28,New South Wales,New cases per week,8.0,127
13226,2020-05-28,New South Wales,log10(Total cases),3.4902394852462875,127
13227,2020-05-28,New South Wales,log10(New cases per week),0.9030899869919435,127
13228,2020-05-28,New South Wales,Slope of power-law,-251.08205221189897,127
13229,2020-05-28,New South Wales,Acceleration of power-law,-65922.3585151732,127
13230,2020-05-28,New South Wales,Growth Rate,0.03235617679415,127
13231,2020-05-28,New South Wales,Days since first case,127.0,127
13232,2020-05-28,New South Wales,Average Growth Rate,16.2156930371083,127
13233,2020-05-28,New South Wales,Doubling time,2059.393015712754,127
13234,2020-05-28,Northern Territory,Total cases,29.0,127
13235,2020-05-28,Northern Territory,Total cases per million,118.70650839132215,127
13236,2020-05-28,Northern Territory,New cases,0.0,127
13237,2020-05-28,Northern Territory,css_per_prsn,0.0,127
13238,2020-05-28,Northern Territory,New cases per week,0.0,127
13239,2020-05-28,Northern Territory,log10(Total cases),1.462397997898956,127
13240,2020-05-28,Northern Territory,log10(New cases per week),0.0,127
13241,2020-05-28,Northern Territory,Slope of power-law,0.0,127
13242,2020-05-28,Northern Territory,Acceleration of power-law,0.0,127
13243,2020-05-28,Northern Territory,Growth Rate,0.0,127
13244,2020-05-28,Northern Territory,Days since first case,127.0,127
13245,2020-05-28,Northern Territory,Average Growth Rate,inf,127
13246,2020-05-28,Northern Territory,Doubling time,inf,127
13247,2020-05-28,Queensland,Total cases,1058.0,127
13248,2020-05-28,Queensland,Total cases per million,208.63734963518044,127
13249,2020-05-28,Queensland,New cases,0.0,127
13250,2020-05-28,Queensland,css_per_prsn,0.0,127
13251,2020-05-28,Queensland,New cases per week,0.0,127
13252,2020-05-28,Queensland,log10(Total cases),3.024485667699167,127
13253,2020-05-28,Queensland,log10(New cases per week),0.0,127
13254,2020-05-28,Queensland,Slope of power-law,-1894.7854975137732,127
13255,2020-05-28,Queensland,Acceleration of power-law,inf,127
13256,2020-05-28,Queensland,Growth Rate,-0.056742954416493276,127
13257,2020-05-28,Queensland,Days since first case,127.0,127
13258,2020-05-28,Queensland,Average Growth Rate,-22.916632132709122,127
13259,2020-05-28,Queensland,Doubling time,-2910.4122808540583,127
13260,2020-05-28,South Australia,Total cases,440.0,127
13261,2020-05-28,South Australia,Total cases per million,262.3732856290996,127
13262,2020-05-28,South Australia,New cases,0.0,127
13263,2020-05-28,South Australia,css_per_prsn,0.0,127
13264,2020-05-28,South Australia,New cases per week,1.0,127
13265,2020-05-28,South Australia,log10(Total cases),2.6434526764861874,127
13266,2020-05-28,South Australia,log10(New cases per week),0.0,127
13267,2020-05-28,South Australia,Slope of power-law,0.0,127
13268,2020-05-28,South Australia,Acceleration of power-law,0.0,127
13269,2020-05-28,South Australia,Growth Rate,0.04549590536851684,127
13270,2020-05-28,South Australia,Days since first case,127.0,127
13271,2020-05-28,South Australia,Average Growth Rate,25.380735755974708,127
13272,2020-05-28,South Australia,Doubling time,3223.3534410087877,127
13273,2020-05-28,Tasmania,Total cases,228.0,127
13274,2020-05-28,Tasmania,Total cases per million,442.71844660194176,127
13275,2020-05-28,Tasmania,New cases,0.0,127
13276,2020-05-28,Tasmania,css_per_prsn,0.0,127
13277,2020-05-28,Tasmania,New cases per week,0.0,127
13278,2020-05-28,Tasmania,log10(Total cases),2.357934847000454,127
13279,2020-05-28,Tasmania,log10(New cases per week),0.0,127
13280,2020-05-28,Tasmania,Slope of power-law,0.0,127
13281,2020-05-28,Tasmania,Acceleration of power-law,0.0,127
13282,2020-05-28,Tasmania,Growth Rate,0.0,127
13283,2020-05-28,Tasmania,Days since first case,127.0,127
13284,2020-05-28,Tasmania,Average Growth Rate,816119577537955.4,127
13285,2020-05-28,Tasmania,Doubling time,1.0364718634732034e+17,127
13286,2020-05-28,Victoria,Total cases,1634.0,127
13287,2020-05-28,Victoria,Total cases per million,256.9586412958012,127
13288,2020-05-28,Victoria,New cases,6.0,127
13289,2020-05-28,Victoria,css_per_prsn,0.9435445824815223,127
13290,2020-05-28,Victoria,New cases per week,41.0,127
13291,2020-05-28,Victoria,log10(Total cases),3.2132520521963968,127
13292,2020-05-28,Victoria,log10(New cases per week),1.6127838567197355,127
13293,2020-05-28,Victoria,Slope of power-law,-10.869954023722418,127
13294,2020-05-28,Victoria,Acceleration of power-law,-1039.1945384310002,127
13295,2020-05-28,Victoria,Growth Rate,0.38295243977764054,127
13296,2020-05-28,Victoria,Days since first case,127.0,127
13297,2020-05-28,Victoria,Average Growth Rate,1.8318576403247013,127
13298,2020-05-28,Victoria,Doubling time,232.64592032123707,127
13299,2020-05-28,Western Australia,Total cases,577.0,127
13300,2020-05-28,Western Australia,Total cases per million,222.86597141753572,127
13301,2020-05-28,Western Australia,New cases,7.0,127
13302,2020-05-28,Western Australia,css_per_prsn,2.703746620316725,127
13303,2020-05-28,Western Australia,New cases per week,20.0,127
13304,2020-05-28,Western Australia,log10(Total cases),2.7611758131557314,127
13305,2020-05-28,Western Australia,log10(New cases per week),1.3010299956639813,127
13306,2020-05-28,Western Australia,Slope of power-law,45.62283356696953,127
13307,2020-05-28,Western Australia,Acceleration of power-law,-3795.4986261480863,127
13308,2020-05-28,Western Australia,Growth Rate,0.5983808518127419,127
13309,2020-05-28,Western Australia,Days since first case,127.0,127
13310,2020-05-28,Western Australia,Average Growth Rate,1.8445982933801062,127
13311,2020-05-28,Western Australia,Doubling time,234.2639832592735,127
13312,2020-05-29,Australian Capital Territory,Total cases,107.0,128
13313,2020-05-29,Australian Capital Territory,Total cases per million,281.57894736842104,128
13314,2020-05-29,Australian Capital Territory,New cases,0.0,128
13315,2020-05-29,Australian Capital Territory,css_per_prsn,0.0,128
13316,2020-05-29,Australian Capital Territory,New cases per week,0.0,128
13317,2020-05-29,Australian Capital Territory,log10(Total cases),2.0293837776852097,128
13318,2020-05-29,Australian Capital Territory,log10(New cases per week),0.0,128
13319,2020-05-29,Australian Capital Territory,Slope of power-law,0.0,128
13320,2020-05-29,Australian Capital Territory,Acceleration of power-law,0.0,128
13321,2020-05-29,Australian Capital Territory,Growth Rate,0.0,128
13322,2020-05-29,Australian Capital Territory,Days since first case,128.0,128
13323,2020-05-29,Australian Capital Territory,Average Growth Rate,inf,128
13324,2020-05-29,Australian Capital Territory,Doubling time,inf,128
13325,2020-05-29,New South Wales,Total cases,3092.0,128
13326,2020-05-29,New South Wales,Total cases per million,409.8621420996819,128
13327,2020-05-29,New South Wales,New cases,0.0,128
13328,2020-05-29,New South Wales,css_per_prsn,0.0,128
13329,2020-05-29,New South Wales,New cases per week,6.0,128
13330,2020-05-29,New South Wales,log10(Total cases),3.4902394852462875,128
13331,2020-05-29,New South Wales,log10(New cases per week),0.7781512503836436,128
13332,2020-05-29,New South Wales,Slope of power-law,-364.56660780604375,128
13333,2020-05-29,New South Wales,Acceleration of power-law,-inf,128
13334,2020-05-29,New South Wales,Growth Rate,0.012940795858945326,128
13335,2020-05-29,New South Wales,Days since first case,128.0,128
13336,2020-05-29,New South Wales,Average Growth Rate,20.588160065467033,128
13337,2020-05-29,New South Wales,Doubling time,2635.28448837978,128
13338,2020-05-29,Northern Territory,Total cases,29.0,128
13339,2020-05-29,Northern Territory,Total cases per million,118.70650839132215,128
13340,2020-05-29,Northern Territory,New cases,0.0,128
13341,2020-05-29,Northern Territory,css_per_prsn,0.0,128
13342,2020-05-29,Northern Territory,New cases per week,0.0,128
13343,2020-05-29,Northern Territory,log10(Total cases),1.462397997898956,128
13344,2020-05-29,Northern Territory,log10(New cases per week),0.0,128
13345,2020-05-29,Northern Territory,Slope of power-law,0.0,128
13346,2020-05-29,Northern Territory,Acceleration of power-law,0.0,128
13347,2020-05-29,Northern Territory,Growth Rate,0.0,128
13348,2020-05-29,Northern Territory,Days since first case,128.0,128
13349,2020-05-29,Northern Territory,Average Growth Rate,inf,128
13350,2020-05-29,Northern Territory,Doubling time,inf,128
13351,2020-05-29,Queensland,Total cases,1058.0,128
13352,2020-05-29,Queensland,Total cases per million,208.63734963518044,128
13353,2020-05-29,Queensland,New cases,0.0,128
13354,2020-05-29,Queensland,css_per_prsn,0.0,128
13355,2020-05-29,Queensland,New cases per week,-2.0,128
13356,2020-05-29,Queensland,log10(Total cases),3.024485667699167,128
13357,2020-05-29,Queensland,log10(New cases per week),0.0,128
13358,2020-05-29,Queensland,Slope of power-law,0.0,128
13359,2020-05-29,Queensland,Acceleration of power-law,0.0,128
13360,2020-05-29,Queensland,Growth Rate,0.037814331631688416,128
13361,2020-05-29,Queensland,Days since first case,128.0,128
13362,2020-05-29,Queensland,Average Growth Rate,-45.82351757393763,128
13363,2020-05-29,Queensland,Doubling time,-5865.4102494640165,128
13364,2020-05-29,South Australia,Total cases,440.0,128
13365,2020-05-29,South Australia,Total cases per million,262.3732856290996,128
13366,2020-05-29,South Australia,New cases,0.0,128
13367,2020-05-29,South Australia,css_per_prsn,0.0,128
13368,2020-05-29,South Australia,New cases per week,1.0,128
13369,2020-05-29,South Australia,log10(Total cases),2.6434526764861874,128
13370,2020-05-29,South Australia,log10(New cases per week),0.0,128
13371,2020-05-29,South Australia,Slope of power-law,0.0,128
13372,2020-05-29,South Australia,Acceleration of power-law,0.0,128
13373,2020-05-29,South Australia,Growth Rate,0.04547521600727604,128
13374,2020-05-29,South Australia,Days since first case,128.0,128
13375,2020-05-29,South Australia,Average Growth Rate,19.039881687481582,128
13376,2020-05-29,South Australia,Doubling time,2437.1048559976425,128
13377,2020-05-29,Tasmania,Total cases,228.0,128
13378,2020-05-29,Tasmania,Total cases per million,442.71844660194176,128
13379,2020-05-29,Tasmania,New cases,0.0,128
13380,2020-05-29,Tasmania,css_per_prsn,0.0,128
13381,2020-05-29,Tasmania,New cases per week,0.0,128
13382,2020-05-29,Tasmania,log10(Total cases),2.357934847000454,128
13383,2020-05-29,Tasmania,log10(New cases per week),0.0,128
13384,2020-05-29,Tasmania,Slope of power-law,0.0,128
13385,2020-05-29,Tasmania,Acceleration of power-law,0.0,128
13386,2020-05-29,Tasmania,Growth Rate,0.0,128
13387,2020-05-29,Tasmania,Days since first case,128.0,128
13388,2020-05-29,Tasmania,Average Growth Rate,816119577537955.4,128
13389,2020-05-29,Tasmania,Doubling time,1.0446330592485829e+17,128
13390,2020-05-29,Victoria,Total cases,1645.0,128
13391,2020-05-29,Victoria,Total cases per million,258.6884730303507,128
13392,2020-05-29,Victoria,New cases,11.0,128
13393,2020-05-29,Victoria,css_per_prsn,1.7298317345494574,128
13394,2020-05-29,Victoria,New cases per week,52.0,128
13395,2020-05-29,Victoria,log10(Total cases),3.216165902285993,128
13396,2020-05-29,Victoria,log10(New cases per week),1.7160033436347992,128
13397,2020-05-29,Victoria,Slope of power-law,-2.8218429298455083,128
13398,2020-05-29,Victoria,Acceleration of power-law,2762.019611994369,128
13399,2020-05-29,Victoria,Growth Rate,0.4917025199754148,128
13400,2020-05-29,Victoria,Days since first case,128.0,128
13401,2020-05-29,Victoria,Average Growth Rate,1.748276511237778,128
13402,2020-05-29,Victoria,Doubling time,223.7793934384356,128
13403,2020-05-29,Western Australia,Total cases,585.0,128
13404,2020-05-29,Western Australia,Total cases per million,225.95596755504056,128
13405,2020-05-29,Western Australia,New cases,8.0,128
13406,2020-05-29,Western Australia,css_per_prsn,3.089996137504828,128
13407,2020-05-29,Western Australia,New cases per week,28.0,128
13408,2020-05-29,Western Australia,log10(Total cases),2.7671558660821804,128
13409,2020-05-29,Western Australia,log10(New cases per week),1.4471580313422192,128
13410,2020-05-29,Western Australia,Slope of power-law,39.674714643797614,128
13411,2020-05-29,Western Australia,Acceleration of power-law,-994.659912935563,128
13412,2020-05-29,Western Australia,Growth Rate,0.8722958827634334,128
13413,2020-05-29,Western Australia,Days since first case,128.0,128
13414,2020-05-29,Western Australia,Average Growth Rate,1.3109591748450493,128
13415,2020-05-29,Western Australia,Doubling time,167.8027743801663,128
13416,2020-05-30,Australian Capital Territory,Total cases,107.0,129
13417,2020-05-30,Australian Capital Territory,Total cases per million,281.57894736842104,129
13418,2020-05-30,Australian Capital Territory,New cases,0.0,129
13419,2020-05-30,Australian Capital Territory,css_per_prsn,0.0,129
13420,2020-05-30,Australian Capital Territory,New cases per week,0.0,129
13421,2020-05-30,Australian Capital Territory,log10(Total cases),2.0293837776852097,129
13422,2020-05-30,Australian Capital Territory,log10(New cases per week),0.0,129
13423,2020-05-30,Australian Capital Territory,Slope of power-law,0.0,129
13424,2020-05-30,Australian Capital Territory,Acceleration of power-law,0.0,129
13425,2020-05-30,Australian Capital Territory,Growth Rate,0.0,129
13426,2020-05-30,Australian Capital Territory,Days since first case,129.0,129
13427,2020-05-30,Australian Capital Territory,Average Growth Rate,inf,129
13428,2020-05-30,Australian Capital Territory,Doubling time,inf,129
13429,2020-05-30,New South Wales,Total cases,3095.0,129
13430,2020-05-30,New South Wales,Total cases per million,410.2598091198304,129
13431,2020-05-30,New South Wales,New cases,3.0,129
13432,2020-05-30,New South Wales,css_per_prsn,0.3976670201484624,129
13433,2020-05-30,New South Wales,New cases per week,8.0,129
13434,2020-05-30,New South Wales,log10(Total cases),3.490660653356137,129
13435,2020-05-30,New South Wales,log10(New cases per week),0.9030899869919435,129
13436,2020-05-30,New South Wales,Slope of power-law,-205.50312625750172,129
13437,2020-05-30,New South Wales,Acceleration of power-law,377672.187966528,129
13438,2020-05-30,New South Wales,Growth Rate,0.01940742657523612,129
13439,2020-05-30,New South Wales,Days since first case,129.0,129
13440,2020-05-30,New South Wales,Average Growth Rate,28.182958184148497,129
13441,2020-05-30,New South Wales,Doubling time,3635.601605755156,129
13442,2020-05-30,Northern Territory,Total cases,29.0,129
13443,2020-05-30,Northern Territory,Total cases per million,118.70650839132215,129
13444,2020-05-30,Northern Territory,New cases,0.0,129
13445,2020-05-30,Northern Territory,css_per_prsn,0.0,129
13446,2020-05-30,Northern Territory,New cases per week,0.0,129
13447,2020-05-30,Northern Territory,log10(Total cases),1.462397997898956,129
13448,2020-05-30,Northern Territory,log10(New cases per week),0.0,129
13449,2020-05-30,Northern Territory,Slope of power-law,0.0,129
13450,2020-05-30,Northern Territory,Acceleration of power-law,0.0,129
13451,2020-05-30,Northern Territory,Growth Rate,0.0,129
13452,2020-05-30,Northern Territory,Days since first case,129.0,129
13453,2020-05-30,Northern Territory,Average Growth Rate,inf,129
13454,2020-05-30,Northern Territory,Doubling time,inf,129
13455,2020-05-30,Queensland,Total cases,1058.0,129
13456,2020-05-30,Queensland,Total cases per million,208.63734963518044,129
13457,2020-05-30,Queensland,New cases,0.0,129
13458,2020-05-30,Queensland,css_per_prsn,0.0,129
13459,2020-05-30,Queensland,New cases per week,-3.0,129
13460,2020-05-30,Queensland,log10(Total cases),3.024485667699167,129
13461,2020-05-30,Queensland,log10(New cases per week),0.0,129
13462,2020-05-30,Queensland,Slope of power-law,0.0,129
13463,2020-05-30,Queensland,Acceleration of power-law,0.0,129
13464,2020-05-30,Queensland,Growth Rate,0.01890359168241966,129
13465,2020-05-30,Queensland,Days since first case,129.0,129
13466,2020-05-30,Queensland,Average Growth Rate,-91.60806343495076,129
13467,2020-05-30,Queensland,Doubling time,-11817.440183108649,129
13468,2020-05-30,South Australia,Total cases,440.0,129
13469,2020-05-30,South Australia,Total cases per million,262.3732856290996,129
13470,2020-05-30,South Australia,New cases,0.0,129
13471,2020-05-30,South Australia,css_per_prsn,0.0,129
13472,2020-05-30,South Australia,New cases per week,1.0,129
13473,2020-05-30,South Australia,log10(Total cases),2.6434526764861874,129
13474,2020-05-30,South Australia,log10(New cases per week),0.0,129
13475,2020-05-30,South Australia,Slope of power-law,0.0,129
13476,2020-05-30,South Australia,Acceleration of power-law,0.0,129
13477,2020-05-30,South Australia,Growth Rate,0.045454545454545456,129
13478,2020-05-30,South Australia,Days since first case,129.0,129
13479,2020-05-30,South Australia,Average Growth Rate,15.235368721632339,129
13480,2020-05-30,South Australia,Doubling time,1965.3625650905717,129
13481,2020-05-30,Tasmania,Total cases,228.0,129
13482,2020-05-30,Tasmania,Total cases per million,442.71844660194176,129
13483,2020-05-30,Tasmania,New cases,0.0,129
13484,2020-05-30,Tasmania,css_per_prsn,0.0,129
13485,2020-05-30,Tasmania,New cases per week,0.0,129
13486,2020-05-30,Tasmania,log10(Total cases),2.357934847000454,129
13487,2020-05-30,Tasmania,log10(New cases per week),0.0,129
13488,2020-05-30,Tasmania,Slope of power-law,0.0,129
13489,2020-05-30,Tasmania,Acceleration of power-law,0.0,129
13490,2020-05-30,Tasmania,Growth Rate,0.0,129
13491,2020-05-30,Tasmania,Days since first case,129.0,129
13492,2020-05-30,Tasmania,Average Growth Rate,816119577537955.4,129
13493,2020-05-30,Tasmania,Doubling time,1.0527942550239624e+17,129
13494,2020-05-30,Victoria,Total cases,1649.0,129
13495,2020-05-30,Victoria,Total cases per million,259.31750275200505,129
13496,2020-05-30,Victoria,New cases,4.0,129
13497,2020-05-30,Victoria,css_per_prsn,0.6290297216543481,129
13498,2020-05-30,Victoria,New cases per week,46.0,129
13499,2020-05-30,Victoria,log10(Total cases),3.217220655644519,129
13500,2020-05-30,Victoria,log10(New cases per week),1.662757831681574,129
13501,2020-05-30,Victoria,Slope of power-law,-6.309517784135861,129
13502,2020-05-30,Victoria,Acceleration of power-law,-3306.6259766789462,129
13503,2020-05-30,Victoria,Growth Rate,0.47712258380229994,129
13504,2020-05-30,Victoria,Days since first case,129.0,129
13505,2020-05-30,Victoria,Average Growth Rate,1.6525722736282684,129
13506,2020-05-30,Victoria,Doubling time,213.18182329804662,129
13507,2020-05-30,Western Australia,Total cases,586.0,129
13508,2020-05-30,Western Australia,Total cases per million,226.34221707222866,129
13509,2020-05-30,Western Australia,New cases,1.0,129
13510,2020-05-30,Western Australia,css_per_prsn,0.3862495171881035,129
13511,2020-05-30,Western Australia,New cases per week,26.0,129
13512,2020-05-30,Western Australia,log10(Total cases),2.767897616018091,129
13513,2020-05-30,Western Australia,log10(New cases per week),1.414973347970818,129
13514,2020-05-30,Western Australia,Slope of power-law,32.482972205747565,129
13515,2020-05-30,Western Australia,Acceleration of power-law,-9695.64281690634,129
13516,2020-05-30,Western Australia,Growth Rate,0.7617728531855956,129
13517,2020-05-30,Western Australia,Days since first case,129.0,129
13518,2020-05-30,Western Australia,Average Growth Rate,1.0984000229819455,129
13519,2020-05-30,Western Australia,Doubling time,141.69360296467096,129
13520,2020-05-31,Australian Capital Territory,Total cases,107.0,130
13521,2020-05-31,Australian Capital Territory,Total cases per million,281.57894736842104,130
13522,2020-05-31,Australian Capital Territory,New cases,0.0,130
13523,2020-05-31,Australian Capital Territory,css_per_prsn,0.0,130
13524,2020-05-31,Australian Capital Territory,New cases per week,0.0,130
13525,2020-05-31,Australian Capital Territory,log10(Total cases),2.0293837776852097,130
13526,2020-05-31,Australian Capital Territory,log10(New cases per week),0.0,130
13527,2020-05-31,Australian Capital Territory,Slope of power-law,0.0,130
13528,2020-05-31,Australian Capital Territory,Acceleration of power-law,0.0,130
13529,2020-05-31,Australian Capital Territory,Growth Rate,0.0,130
13530,2020-05-31,Australian Capital Territory,Days since first case,130.0,130
13531,2020-05-31,Australian Capital Territory,Average Growth Rate,inf,130
13532,2020-05-31,Australian Capital Territory,Doubling time,inf,130
13533,2020-05-31,New South Wales,Total cases,3098.0,130
13534,2020-05-31,New South Wales,Total cases per million,410.6574761399788,130
13535,2020-05-31,New South Wales,New cases,3.0,130
13536,2020-05-31,New South Wales,css_per_prsn,0.3976670201484624,130
13537,2020-05-31,New South Wales,New cases per week,8.0,130
13538,2020-05-31,New South Wales,log10(Total cases),3.491081413423187,130
13539,2020-05-31,New South Wales,log10(New cases per week),0.9030899869919435,130
13540,2020-05-31,New South Wales,Slope of power-law,-107.19300664839743,130
13541,2020-05-31,New South Wales,Acceleration of power-law,233648.8828379186,130
13542,2020-05-31,New South Wales,Growth Rate,0.058188401112045,130
13543,2020-05-31,New South Wales,Days since first case,130.0,130
13544,2020-05-31,New South Wales,Average Growth Rate,23.293408726359463,130
13545,2020-05-31,New South Wales,Doubling time,3028.1431344267303,130
13546,2020-05-31,Northern Territory,Total cases,29.0,130
13547,2020-05-31,Northern Territory,Total cases per million,118.70650839132215,130
13548,2020-05-31,Northern Territory,New cases,0.0,130
13549,2020-05-31,Northern Territory,css_per_prsn,0.0,130
13550,2020-05-31,Northern Territory,New cases per week,0.0,130
13551,2020-05-31,Northern Territory,log10(Total cases),1.462397997898956,130
13552,2020-05-31,Northern Territory,log10(New cases per week),0.0,130
13553,2020-05-31,Northern Territory,Slope of power-law,0.0,130
13554,2020-05-31,Northern Territory,Acceleration of power-law,0.0,130
13555,2020-05-31,Northern Territory,Growth Rate,0.0,130
13556,2020-05-31,Northern Territory,Days since first case,130.0,130
13557,2020-05-31,Northern Territory,Average Growth Rate,inf,130
13558,2020-05-31,Northern Territory,Doubling time,inf,130
13559,2020-05-31,Queensland,Total cases,1058.0,130
13560,2020-05-31,Queensland,Total cases per million,208.63734963518044,130
13561,2020-05-31,Queensland,New cases,0.0,130
13562,2020-05-31,Queensland,css_per_prsn,0.0,130
13563,2020-05-31,Queensland,New cases per week,2.0,130
13564,2020-05-31,Queensland,log10(Total cases),3.024485667699167,130
13565,2020-05-31,Queensland,log10(New cases per week),0.3010299956639812,130
13566,2020-05-31,Queensland,Slope of power-law,-inf,130
13567,2020-05-31,Queensland,Acceleration of power-law,0.0,130
13568,2020-05-31,Queensland,Growth Rate,0.0,130
13569,2020-05-31,Queensland,Days since first case,130.0,130
13570,2020-05-31,Queensland,Average Growth Rate,-91.60806343495076,130
13571,2020-05-31,Queensland,Doubling time,-11909.0482465436,130
13572,2020-05-31,South Australia,Total cases,440.0,130
13573,2020-05-31,South Australia,Total cases per million,262.3732856290996,130
13574,2020-05-31,South Australia,New cases,0.0,130
13575,2020-05-31,South Australia,css_per_prsn,0.0,130
13576,2020-05-31,South Australia,New cases per week,1.0,130
13577,2020-05-31,South Australia,log10(Total cases),2.6434526764861874,130
13578,2020-05-31,South Australia,log10(New cases per week),0.0,130
13579,2020-05-31,South Australia,Slope of power-law,0.0,130
13580,2020-05-31,South Australia,Acceleration of power-law,0.0,130
13581,2020-05-31,South Australia,Growth Rate,0.0,130
13582,2020-05-31,South Australia,Days since first case,130.0,130
13583,2020-05-31,South Australia,Average Growth Rate,19.048546029480345,130
13584,2020-05-31,South Australia,Doubling time,2476.310983832445,130
13585,2020-05-31,Tasmania,Total cases,228.0,130
13586,2020-05-31,Tasmania,Total cases per million,442.71844660194176,130
13587,2020-05-31,Tasmania,New cases,0.0,130
13588,2020-05-31,Tasmania,css_per_prsn,0.0,130
13589,2020-05-31,Tasmania,New cases per week,0.0,130
13590,2020-05-31,Tasmania,log10(Total cases),2.357934847000454,130
13591,2020-05-31,Tasmania,log10(New cases per week),0.0,130
13592,2020-05-31,Tasmania,Slope of power-law,0.0,130
13593,2020-05-31,Tasmania,Acceleration of power-law,0.0,130
13594,2020-05-31,Tasmania,Growth Rate,0.0,130
13595,2020-05-31,Tasmania,Days since first case,130.0,130
13596,2020-05-31,Tasmania,Average Growth Rate,816119577537955.4,130
13597,2020-05-31,Tasmania,Doubling time,1.0609554507993419e+17,130
13598,2020-05-31,Victoria,Total cases,1653.0,130
13599,2020-05-31,Victoria,Total cases per million,259.9465324736594,130
13600,2020-05-31,Victoria,New cases,4.0,130
13601,2020-05-31,Victoria,css_per_prsn,0.6290297216543481,130
13602,2020-05-31,Victoria,New cases per week,48.0,130
13603,2020-05-31,Victoria,log10(Total cases),3.2182728535714475,130
13604,2020-05-31,Victoria,log10(New cases per week),1.6812412373755872,130
13605,2020-05-31,Victoria,Slope of power-law,-2.6801036179047526,130
13606,2020-05-31,Victoria,Acceleration of power-law,3449.364490600375,130
13607,2020-05-31,Victoria,Growth Rate,0.4263613107564868,130
13608,2020-05-31,Victoria,Days since first case,130.0,130
13609,2020-05-31,Victoria,Average Growth Rate,1.5666703640339623,130
13610,2020-05-31,Victoria,Doubling time,203.6671473244151,130
13611,2020-05-31,Western Australia,Total cases,589.0,130
13612,2020-05-31,Western Australia,Total cases per million,227.50096562379298,130
13613,2020-05-31,Western Australia,New cases,3.0,130
13614,2020-05-31,Western Australia,css_per_prsn,1.1587485515643106,130
13615,2020-05-31,Western Australia,New cases per week,29.0,130
13616,2020-05-31,Western Australia,log10(Total cases),2.7701152947871015,130
13617,2020-05-31,Western Australia,log10(New cases per week),1.462397997898956,130
13618,2020-05-31,Western Australia,Slope of power-law,31.46846079486507,130
13619,2020-05-31,Western Australia,Acceleration of power-law,-457.46544768297093,130
13620,2020-05-31,Western Australia,Growth Rate,0.6535947712418301,130
13621,2020-05-31,Western Australia,Days since first case,130.0,130
13622,2020-05-31,Western Australia,Average Growth Rate,1.0356658380119923,130
13623,2020-05-31,Western Australia,Doubling time,134.636558941559,130
13624,2020-06-01,Australian Capital Territory,Total cases,107.0,131
13625,2020-06-01,Australian Capital Territory,Total cases per million,281.57894736842104,131
13626,2020-06-01,Australian Capital Territory,New cases,0.0,131
13627,2020-06-01,Australian Capital Territory,css_per_prsn,0.0,131
13628,2020-06-01,Australian Capital Territory,New cases per week,0.0,131
13629,2020-06-01,Australian Capital Territory,log10(Total cases),2.0293837776852097,131
13630,2020-06-01,Australian Capital Territory,log10(New cases per week),0.0,131
13631,2020-06-01,Australian Capital Territory,Slope of power-law,0.0,131
13632,2020-06-01,Australian Capital Territory,Acceleration of power-law,0.0,131
13633,2020-06-01,Australian Capital Territory,Growth Rate,0.0,131
13634,2020-06-01,Australian Capital Territory,Days since first case,131.0,131
13635,2020-06-01,Australian Capital Territory,Average Growth Rate,inf,131
13636,2020-06-01,Australian Capital Territory,Doubling time,inf,131
13637,2020-06-01,New South Wales,Total cases,3104.0,131
13638,2020-06-01,New South Wales,Total cases per million,411.4528101802757,131
13639,2020-06-01,New South Wales,New cases,6.0,131
13640,2020-06-01,New South Wales,css_per_prsn,0.7953340402969248,131
13641,2020-06-01,New South Wales,New cases per week,12.0,131
13642,2020-06-01,New South Wales,log10(Total cases),3.491921712586151,131
13643,2020-06-01,New South Wales,log10(New cases per week),1.0791812460476249,131
13644,2020-06-01,New South Wales,Slope of power-law,0.0,131
13645,2020-06-01,New South Wales,Acceleration of power-law,127565.29028340992,131
13646,2020-06-01,New South Wales,Growth Rate,0.09043343453265293,131
13647,2020-06-01,New South Wales,Days since first case,131.0,131
13648,2020-06-01,New South Wales,Average Growth Rate,16.246177620219097,131
13649,2020-06-01,New South Wales,Doubling time,2128.249268248702,131
13650,2020-06-01,Northern Territory,Total cases,29.0,131
13651,2020-06-01,Northern Territory,Total cases per million,118.70650839132215,131
13652,2020-06-01,Northern Territory,New cases,0.0,131
13653,2020-06-01,Northern Territory,css_per_prsn,0.0,131
13654,2020-06-01,Northern Territory,New cases per week,0.0,131
13655,2020-06-01,Northern Territory,log10(Total cases),1.462397997898956,131
13656,2020-06-01,Northern Territory,log10(New cases per week),0.0,131
13657,2020-06-01,Northern Territory,Slope of power-law,0.0,131
13658,2020-06-01,Northern Territory,Acceleration of power-law,0.0,131
13659,2020-06-01,Northern Territory,Growth Rate,0.0,131
13660,2020-06-01,Northern Territory,Days since first case,131.0,131
13661,2020-06-01,Northern Territory,Average Growth Rate,inf,131
13662,2020-06-01,Northern Territory,Doubling time,inf,131
13663,2020-06-01,Queensland,Total cases,1059.0,131
13664,2020-06-01,Queensland,Total cases per million,208.83454939854073,131
13665,2020-06-01,Queensland,New cases,1.0,131
13666,2020-06-01,Queensland,css_per_prsn,0.19719976336028397,131
13667,2020-06-01,Queensland,New cases per week,2.0,131
13668,2020-06-01,Queensland,log10(Total cases),3.024895960107485,131
13669,2020-06-01,Queensland,log10(New cases per week),0.3010299956639812,131
13670,2020-06-01,Queensland,Slope of power-law,970.8099583507297,131
13671,2020-06-01,Queensland,Acceleration of power-law,inf,131
13672,2020-06-01,Queensland,Growth Rate,0.0189000189000189,131
13673,2020-06-01,Queensland,Days since first case,131.0,131
13674,2020-06-01,Queensland,Average Growth Rate,183.61526587250788,131
13675,2020-06-01,Queensland,Doubling time,24053.59982929853,131
13676,2020-06-01,South Australia,Total cases,440.0,131
13677,2020-06-01,South Australia,Total cases per million,262.3732856290996,131
13678,2020-06-01,South Australia,New cases,0.0,131
13679,2020-06-01,South Australia,css_per_prsn,0.0,131
13680,2020-06-01,South Australia,New cases per week,1.0,131
13681,2020-06-01,South Australia,log10(Total cases),2.6434526764861874,131
13682,2020-06-01,South Australia,log10(New cases per week),0.0,131
13683,2020-06-01,South Australia,Slope of power-law,0.0,131
13684,2020-06-01,South Australia,Acceleration of power-law,0.0,131
13685,2020-06-01,South Australia,Growth Rate,0.0,131
13686,2020-06-01,South Australia,Days since first case,131.0,131
13687,2020-06-01,South Australia,Average Growth Rate,25.403840665181654,131
13688,2020-06-01,South Australia,Doubling time,3327.9031271387967,131
13689,2020-06-01,Tasmania,Total cases,228.0,131
13690,2020-06-01,Tasmania,Total cases per million,442.71844660194176,131
13691,2020-06-01,Tasmania,New cases,0.0,131
13692,2020-06-01,Tasmania,css_per_prsn,0.0,131
13693,2020-06-01,Tasmania,New cases per week,0.0,131
13694,2020-06-01,Tasmania,log10(Total cases),2.357934847000454,131
13695,2020-06-01,Tasmania,log10(New cases per week),0.0,131
13696,2020-06-01,Tasmania,Slope of power-law,0.0,131
13697,2020-06-01,Tasmania,Acceleration of power-law,0.0,131
13698,2020-06-01,Tasmania,Growth Rate,0.0,131
13699,2020-06-01,Tasmania,Days since first case,131.0,131
13700,2020-06-01,Tasmania,Average Growth Rate,816119577537955.4,131
13701,2020-06-01,Tasmania,Doubling time,1.0691166465747216e+17,131
13702,2020-06-01,Victoria,Total cases,1663.0,131
13703,2020-06-01,Victoria,Total cases per million,261.51910677779523,131
13704,2020-06-01,Victoria,New cases,10.0,131
13705,2020-06-01,Victoria,css_per_prsn,1.5725743041358704,131
13706,2020-06-01,Victoria,New cases per week,53.0,131
13707,2020-06-01,Victoria,log10(Total cases),3.2208922492195193,131
13708,2020-06-01,Victoria,log10(New cases per week),1.724275869600789,131
13709,2020-06-01,Victoria,Slope of power-law,5.409296334468778,131
13710,2020-06-01,Victoria,Acceleration of power-law,3088.269600786873,131
13711,2020-06-01,Victoria,Growth Rate,0.42455118874332853,131
13712,2020-06-01,Victoria,Days since first case,131.0,131
13713,2020-06-01,Victoria,Average Growth Rate,1.5734106184057517,131
13714,2020-06-01,Victoria,Doubling time,206.11679101115348,131
13715,2020-06-01,Western Australia,Total cases,591.0,131
13716,2020-06-01,Western Australia,Total cases per million,228.2734646581692,131
13717,2020-06-01,Western Australia,New cases,2.0,131
13718,2020-06-01,Western Australia,css_per_prsn,0.772499034376207,131
13719,2020-06-01,Western Australia,New cases per week,27.0,131
13720,2020-06-01,Western Australia,log10(Total cases),2.7715874808812555,131
13721,2020-06-01,Western Australia,log10(New cases per week),1.4313637641589874,131
13722,2020-06-01,Western Australia,Slope of power-law,28.46205611687055,131
13723,2020-06-01,Western Australia,Acceleration of power-law,-2042.1363100309402,131
13724,2020-06-01,Western Australia,Growth Rate,0.7172131147540983,131
13725,2020-06-01,Western Australia,Days since first case,131.0,131
13726,2020-06-01,Western Australia,Average Growth Rate,0.9618340981848996,131
13727,2020-06-01,Western Australia,Doubling time,126.00026686222185,131
13728,2020-06-02,Australian Capital Territory,Total cases,107.0,132
13729,2020-06-02,Australian Capital Territory,Total cases per million,281.57894736842104,132
13730,2020-06-02,Australian Capital Territory,New cases,0.0,132
13731,2020-06-02,Australian Capital Territory,css_per_prsn,0.0,132
13732,2020-06-02,Australian Capital Territory,New cases per week,0.0,132
13733,2020-06-02,Australian Capital Territory,log10(Total cases),2.0293837776852097,132
13734,2020-06-02,Australian Capital Territory,log10(New cases per week),0.0,132
13735,2020-06-02,Australian Capital Territory,Slope of power-law,0.0,132
13736,2020-06-02,Australian Capital Territory,Acceleration of power-law,0.0,132
13737,2020-06-02,Australian Capital Territory,Growth Rate,0.0,132
13738,2020-06-02,Australian Capital Territory,Days since first case,132.0,132
13739,2020-06-02,Australian Capital Territory,Average Growth Rate,inf,132
13740,2020-06-02,Australian Capital Territory,Doubling time,inf,132
13741,2020-06-02,New South Wales,Total cases,3104.0,132
13742,2020-06-02,New South Wales,Total cases per million,411.4528101802757,132
13743,2020-06-02,New South Wales,New cases,0.0,132
13744,2020-06-02,New South Wales,css_per_prsn,0.0,132
13745,2020-06-02,New South Wales,New cases per week,15.0,132
13746,2020-06-02,New South Wales,log10(Total cases),3.491921712586151,132
13747,2020-06-02,New South Wales,log10(New cases per week),1.1760912590556813,132
13748,2020-06-02,New South Wales,Slope of power-law,40.6317133534151,132
13749,2020-06-02,New South Wales,Acceleration of power-law,inf,132
13750,2020-06-02,New South Wales,Growth Rate,0.07745433421545213,132
13751,2020-06-02,New South Wales,Days since first case,132.0,132
13752,2020-06-02,New South Wales,Average Growth Rate,13.411024679328683,132
13753,2020-06-02,New South Wales,Doubling time,1770.2552576713863,132
13754,2020-06-02,Northern Territory,Total cases,29.0,132
13755,2020-06-02,Northern Territory,Total cases per million,118.70650839132215,132
13756,2020-06-02,Northern Territory,New cases,0.0,132
13757,2020-06-02,Northern Territory,css_per_prsn,0.0,132
13758,2020-06-02,Northern Territory,New cases per week,0.0,132
13759,2020-06-02,Northern Territory,log10(Total cases),1.462397997898956,132
13760,2020-06-02,Northern Territory,log10(New cases per week),0.0,132
13761,2020-06-02,Northern Territory,Slope of power-law,0.0,132
13762,2020-06-02,Northern Territory,Acceleration of power-law,0.0,132
13763,2020-06-02,Northern Territory,Growth Rate,0.0,132
13764,2020-06-02,Northern Territory,Days since first case,132.0,132
13765,2020-06-02,Northern Territory,Average Growth Rate,inf,132
13766,2020-06-02,Northern Territory,Doubling time,inf,132
13767,2020-06-02,Queensland,Total cases,1059.0,132
13768,2020-06-02,Queensland,Total cases per million,208.83454939854073,132
13769,2020-06-02,Queensland,New cases,0.0,132
13770,2020-06-02,Queensland,css_per_prsn,0.0,132
13771,2020-06-02,Queensland,New cases per week,1.0,132
13772,2020-06-02,Queensland,log10(Total cases),3.024895960107485,132
13773,2020-06-02,Queensland,log10(New cases per week),0.0,132
13774,2020-06-02,Queensland,Slope of power-law,949.632236967328,132
13775,2020-06-02,Queensland,Acceleration of power-law,-inf,132
13776,2020-06-02,Queensland,Growth Rate,0.01889644746787604,132
13777,2020-06-02,Queensland,Days since first case,132.0,132
13778,2020-06-02,Queensland,Average Growth Rate,36.66887036419472,132
13779,2020-06-02,Queensland,Doubling time,4840.290888073702,132
13780,2020-06-02,South Australia,Total cases,440.0,132
13781,2020-06-02,South Australia,Total cases per million,262.3732856290996,132
13782,2020-06-02,South Australia,New cases,0.0,132
13783,2020-06-02,South Australia,css_per_prsn,0.0,132
13784,2020-06-02,South Australia,New cases per week,0.0,132
13785,2020-06-02,South Australia,log10(Total cases),2.6434526764861874,132
13786,2020-06-02,South Australia,log10(New cases per week),0.0,132
13787,2020-06-02,South Australia,Slope of power-law,0.0,132
13788,2020-06-02,South Australia,Acceleration of power-law,0.0,132
13789,2020-06-02,South Australia,Growth Rate,0.0,132
13790,2020-06-02,South Australia,Days since first case,132.0,132
13791,2020-06-02,South Australia,Average Growth Rate,38.11442862141343,132
13792,2020-06-02,South Australia,Doubling time,5031.104578026573,132
13793,2020-06-02,Tasmania,Total cases,228.0,132
13794,2020-06-02,Tasmania,Total cases per million,442.71844660194176,132
13795,2020-06-02,Tasmania,New cases,0.0,132
13796,2020-06-02,Tasmania,css_per_prsn,0.0,132
13797,2020-06-02,Tasmania,New cases per week,0.0,132
13798,2020-06-02,Tasmania,log10(Total cases),2.357934847000454,132
13799,2020-06-02,Tasmania,log10(New cases per week),0.0,132
13800,2020-06-02,Tasmania,Slope of power-law,0.0,132
13801,2020-06-02,Tasmania,Acceleration of power-law,0.0,132
13802,2020-06-02,Tasmania,Growth Rate,0.0,132
13803,2020-06-02,Tasmania,Days since first case,132.0,132
13804,2020-06-02,Tasmania,Average Growth Rate,816119577537955.4,132
13805,2020-06-02,Tasmania,Doubling time,1.0772778423501011e+17,132
13806,2020-06-02,Victoria,Total cases,1670.0,132
13807,2020-06-02,Victoria,Total cases per million,262.6199087906904,132
13808,2020-06-02,Victoria,New cases,7.0,132
13809,2020-06-02,Victoria,css_per_prsn,1.1008020128951093,132
13810,2020-06-02,Victoria,New cases per week,52.0,132
13811,2020-06-02,Victoria,log10(Total cases),3.2227164711475833,132
13812,2020-06-02,Victoria,log10(New cases per week),1.7160033436347992,132
13813,2020-06-02,Victoria,Slope of power-law,3.5309571313967942,132
13814,2020-06-02,Victoria,Acceleration of power-law,-1029.665949178368,132
13815,2020-06-02,Victoria,Growth Rate,0.43478260869565216,132
13816,2020-06-02,Victoria,Days since first case,132.0,132
13817,2020-06-02,Victoria,Average Growth Rate,1.5372387811801331,132
13818,2020-06-02,Victoria,Doubling time,202.91551911577758,132
13819,2020-06-02,Western Australia,Total cases,592.0,132
13820,2020-06-02,Western Australia,Total cases per million,228.6597141753573,132
13821,2020-06-02,Western Australia,New cases,1.0,132
13822,2020-06-02,Western Australia,css_per_prsn,0.3862495171881035,132
13823,2020-06-02,Western Australia,New cases per week,22.0,132
13824,2020-06-02,Western Australia,log10(Total cases),2.77232170672292,132
13825,2020-06-02,Western Australia,log10(New cases per week),1.3424226808222062,132
13826,2020-06-02,Western Australia,Slope of power-law,20.60707884771521,132
13827,2020-06-02,Western Australia,Acceleration of power-law,-10698.31218599998,132
13828,2020-06-02,Western Australia,Growth Rate,0.509683995922528,132
13829,2020-06-02,Western Australia,Days since first case,132.0,132
13830,2020-06-02,Western Australia,Average Growth Rate,0.98610787510122,132
13831,2020-06-02,Western Australia,Doubling time,130.16623951336103,132
13832,2020-06-03,Australian Capital Territory,Total cases,107.0,133
13833,2020-06-03,Australian Capital Territory,Total cases per million,281.57894736842104,133
13834,2020-06-03,Australian Capital Territory,New cases,0.0,133
13835,2020-06-03,Australian Capital Territory,css_per_prsn,0.0,133
13836,2020-06-03,Australian Capital Territory,New cases per week,0.0,133
13837,2020-06-03,Australian Capital Territory,log10(Total cases),2.0293837776852097,133
13838,2020-06-03,Australian Capital Territory,log10(New cases per week),0.0,133
13839,2020-06-03,Australian Capital Territory,Slope of power-law,0.0,133
13840,2020-06-03,Australian Capital Territory,Acceleration of power-law,0.0,133
13841,2020-06-03,Australian Capital Territory,Growth Rate,0.0,133
13842,2020-06-03,Australian Capital Territory,Days since first case,133.0,133
13843,2020-06-03,Australian Capital Territory,Average Growth Rate,inf,133
13844,2020-06-03,Australian Capital Territory,Doubling time,inf,133
13845,2020-06-03,New South Wales,Total cases,3106.0,133
13846,2020-06-03,New South Wales,Total cases per million,411.71792152704137,133
13847,2020-06-03,New South Wales,New cases,2.0,133
13848,2020-06-03,New South Wales,css_per_prsn,0.2651113467656416,133
13849,2020-06-03,New South Wales,New cases per week,16.0,133
13850,2020-06-03,New South Wales,log10(Total cases),3.49220145139254,133
13851,2020-06-03,New South Wales,log10(New cases per week),1.2041199826559248,133
13852,2020-06-03,New South Wales,Slope of power-law,25.854958426884192,133
13853,2020-06-03,New South Wales,Acceleration of power-law,-52823.40021852122,133
13854,2020-06-03,New South Wales,Growth Rate,0.09028180821564454,133
13855,2020-06-03,New South Wales,Days since first case,133.0,133
13856,2020-06-03,New South Wales,Average Growth Rate,10.321896939923892,133
13857,2020-06-03,New South Wales,Doubling time,1372.8122930098777,133
13858,2020-06-03,Northern Territory,Total cases,29.0,133
13859,2020-06-03,Northern Territory,Total cases per million,118.70650839132215,133
13860,2020-06-03,Northern Territory,New cases,0.0,133
13861,2020-06-03,Northern Territory,css_per_prsn,0.0,133
13862,2020-06-03,Northern Territory,New cases per week,0.0,133
13863,2020-06-03,Northern Territory,log10(Total cases),1.462397997898956,133
13864,2020-06-03,Northern Territory,log10(New cases per week),0.0,133
13865,2020-06-03,Northern Territory,Slope of power-law,0.0,133
13866,2020-06-03,Northern Territory,Acceleration of power-law,0.0,133
13867,2020-06-03,Northern Territory,Growth Rate,0.0,133
13868,2020-06-03,Northern Territory,Days since first case,133.0,133
13869,2020-06-03,Northern Territory,Average Growth Rate,inf,133
13870,2020-06-03,Northern Territory,Doubling time,inf,133
13871,2020-06-03,Queensland,Total cases,1060.0,133
13872,2020-06-03,Queensland,Total cases per million,209.03174916190102,133
13873,2020-06-03,Queensland,New cases,1.0,133
13874,2020-06-03,Queensland,css_per_prsn,0.19719976336028397,133
13875,2020-06-03,Queensland,New cases per week,2.0,133
13876,2020-06-03,Queensland,log10(Total cases),3.0253058652647704,133
13877,2020-06-03,Queensland,log10(New cases per week),0.3010299956639812,133
13878,2020-06-03,Queensland,Slope of power-law,0.0,133
13879,2020-06-03,Queensland,Acceleration of power-law,0.0,133
13880,2020-06-03,Queensland,Growth Rate,0.03777861730260673,133
13881,2020-06-03,Queensland,Days since first case,133.0,133
13882,2020-06-03,Queensland,Average Growth Rate,36.68273173659805,133
13883,2020-06-03,Queensland,Doubling time,4878.8033209675405,133
13884,2020-06-03,South Australia,Total cases,440.0,133
13885,2020-06-03,South Australia,Total cases per million,262.3732856290996,133
13886,2020-06-03,South Australia,New cases,0.0,133
13887,2020-06-03,South Australia,css_per_prsn,0.0,133
13888,2020-06-03,South Australia,New cases per week,0.0,133
13889,2020-06-03,South Australia,log10(Total cases),2.6434526764861874,133
13890,2020-06-03,South Australia,log10(New cases per week),0.0,133
13891,2020-06-03,South Australia,Slope of power-law,0.0,133
13892,2020-06-03,South Australia,Acceleration of power-law,0.0,133
13893,2020-06-03,South Australia,Growth Rate,0.0,133
13894,2020-06-03,South Australia,Days since first case,133.0,133
13895,2020-06-03,South Australia,Average Growth Rate,76.24618986155082,133
13896,2020-06-03,South Australia,Doubling time,10140.743251586258,133
13897,2020-06-03,Tasmania,Total cases,228.0,133
13898,2020-06-03,Tasmania,Total cases per million,442.71844660194176,133
13899,2020-06-03,Tasmania,New cases,0.0,133
13900,2020-06-03,Tasmania,css_per_prsn,0.0,133
13901,2020-06-03,Tasmania,New cases per week,0.0,133
13902,2020-06-03,Tasmania,log10(Total cases),2.357934847000454,133
13903,2020-06-03,Tasmania,log10(New cases per week),0.0,133
13904,2020-06-03,Tasmania,Slope of power-law,0.0,133
13905,2020-06-03,Tasmania,Acceleration of power-law,0.0,133
13906,2020-06-03,Tasmania,Growth Rate,0.0,133
13907,2020-06-03,Tasmania,Days since first case,133.0,133
13908,2020-06-03,Tasmania,Average Growth Rate,816119577537955.4,133
13909,2020-06-03,Tasmania,Doubling time,1.0854390381254806e+17,133
13910,2020-06-03,Victoria,Total cases,1678.0,133
13911,2020-06-03,Victoria,Total cases per million,263.87796823399907,133
13912,2020-06-03,Victoria,New cases,8.0,133
13913,2020-06-03,Victoria,css_per_prsn,1.2580594433086962,133
13914,2020-06-03,Victoria,New cases per week,50.0,133
13915,2020-06-03,Victoria,log10(Total cases),3.2247919564926817,133
13916,2020-06-03,Victoria,log10(New cases per week),1.6989700043360187,133
13917,2020-06-03,Victoria,Slope of power-law,4.461692067043666,133
13918,2020-06-03,Victoria,Acceleration of power-law,448.44206577751237,133
13919,2020-06-03,Victoria,Growth Rate,0.3969686033922772,133
13920,2020-06-03,Victoria,Days since first case,133.0,133
13921,2020-06-03,Victoria,Average Growth Rate,1.60466612377209,133
13922,2020-06-03,Victoria,Doubling time,213.42059446168798,133
13923,2020-06-03,Western Australia,Total cases,592.0,133
13924,2020-06-03,Western Australia,Total cases per million,228.6597141753573,133
13925,2020-06-03,Western Australia,New cases,0.0,133
13926,2020-06-03,Western Australia,css_per_prsn,0.0,133
13927,2020-06-03,Western Australia,New cases per week,22.0,133
13928,2020-06-03,Western Australia,log10(Total cases),2.77232170672292,133
13929,2020-06-03,Western Australia,log10(New cases per week),1.3424226808222062,133
13930,2020-06-03,Western Australia,Slope of power-law,23.38107727714794,133
13931,2020-06-03,Western Australia,Acceleration of power-law,inf,133
13932,2020-06-03,Western Australia,Growth Rate,0.23728813559322032,133
13933,2020-06-03,Western Australia,Days since first case,133.0,133
13934,2020-06-03,Western Australia,Average Growth Rate,1.2035673795287964,133
13935,2020-06-03,Western Australia,Doubling time,160.07446147732992,133
13936,2020-06-04,Australian Capital Territory,Total cases,107.0,134
13937,2020-06-04,Australian Capital Territory,Total cases per million,281.57894736842104,134
13938,2020-06-04,Australian Capital Territory,New cases,0.0,134
13939,2020-06-04,Australian Capital Territory,css_per_prsn,0.0,134
13940,2020-06-04,Australian Capital Territory,New cases per week,0.0,134
13941,2020-06-04,Australian Capital Territory,log10(Total cases),2.0293837776852097,134
13942,2020-06-04,Australian Capital Territory,log10(New cases per week),0.0,134
13943,2020-06-04,Australian Capital Territory,Slope of power-law,0.0,134
13944,2020-06-04,Australian Capital Territory,Acceleration of power-law,0.0,134
13945,2020-06-04,Australian Capital Territory,Growth Rate,0.0,134
13946,2020-06-04,Australian Capital Territory,Days since first case,134.0,134
13947,2020-06-04,Australian Capital Territory,Average Growth Rate,inf,134
13948,2020-06-04,Australian Capital Territory,Doubling time,inf,134
13949,2020-06-04,New South Wales,Total cases,3110.0,134
13950,2020-06-04,New South Wales,Total cases per million,412.24814422057267,134
13951,2020-06-04,New South Wales,New cases,4.0,134
13952,2020-06-04,New South Wales,css_per_prsn,0.5302226935312832,134
13953,2020-06-04,New South Wales,New cases per week,18.0,134
13954,2020-06-04,New South Wales,log10(Total cases),3.4927603890268375,134
13955,2020-06-04,New South Wales,log10(New cases per week),1.255272505103306,134
13956,2020-06-04,New South Wales,Slope of power-law,43.29576966291589,134
13957,2020-06-04,New South Wales,Acceleration of power-law,31203.501367284312,134
13958,2020-06-04,New South Wales,Growth Rate,0.09663703131039815,134
13959,2020-06-04,New South Wales,Days since first case,134.0,134
13960,2020-06-04,New South Wales,Average Growth Rate,8.391713759327663,134
13961,2020-06-04,New South Wales,Doubling time,1124.489643749907,134
13962,2020-06-04,Northern Territory,Total cases,29.0,134
13963,2020-06-04,Northern Territory,Total cases per million,118.70650839132215,134
13964,2020-06-04,Northern Territory,New cases,0.0,134
13965,2020-06-04,Northern Territory,css_per_prsn,0.0,134
13966,2020-06-04,Northern Territory,New cases per week,0.0,134
13967,2020-06-04,Northern Territory,log10(Total cases),1.462397997898956,134
13968,2020-06-04,Northern Territory,log10(New cases per week),0.0,134
13969,2020-06-04,Northern Territory,Slope of power-law,0.0,134
13970,2020-06-04,Northern Territory,Acceleration of power-law,0.0,134
13971,2020-06-04,Northern Territory,Growth Rate,0.0,134
13972,2020-06-04,Northern Territory,Days since first case,134.0,134
13973,2020-06-04,Northern Territory,Average Growth Rate,inf,134
13974,2020-06-04,Northern Territory,Doubling time,inf,134
13975,2020-06-04,Queensland,Total cases,1060.0,134
13976,2020-06-04,Queensland,Total cases per million,209.03174916190102,134
13977,2020-06-04,Queensland,New cases,0.0,134
13978,2020-06-04,Queensland,css_per_prsn,0.0,134
13979,2020-06-04,Queensland,New cases per week,2.0,134
13980,2020-06-04,Queensland,log10(Total cases),3.0253058652647704,134
13981,2020-06-04,Queensland,log10(New cases per week),0.3010299956639812,134
13982,2020-06-04,Queensland,Slope of power-law,244.5652664976567,134
13983,2020-06-04,Queensland,Acceleration of power-law,0.0,134
13984,2020-06-04,Queensland,Growth Rate,0.0377643504531722,134
13985,2020-06-04,Queensland,Days since first case,134.0,134
13986,2020-06-04,Queensland,Average Growth Rate,30.578376622372236,134
13987,2020-06-04,Queensland,Doubling time,4097.50246739788,134
13988,2020-06-04,South Australia,Total cases,440.0,134
13989,2020-06-04,South Australia,Total cases per million,262.3732856290996,134
13990,2020-06-04,South Australia,New cases,0.0,134
13991,2020-06-04,South Australia,css_per_prsn,0.0,134
13992,2020-06-04,South Australia,New cases per week,0.0,134
13993,2020-06-04,South Australia,log10(Total cases),2.6434526764861874,134
13994,2020-06-04,South Australia,log10(New cases per week),0.0,134
13995,2020-06-04,South Australia,Slope of power-law,0.0,134
13996,2020-06-04,South Australia,Acceleration of power-law,0.0,134
13997,2020-06-04,South Australia,Growth Rate,0.0,134
13998,2020-06-04,South Australia,Days since first case,134.0,134
13999,2020-06-04,South Australia,Average Growth Rate,134699347748982.94,134
14000,2020-06-04,South Australia,Doubling time,1.804971259836371e+16,134
14001,2020-06-04,Tasmania,Total cases,228.0,134
14002,2020-06-04,Tasmania,Total cases per million,442.71844660194176,134
14003,2020-06-04,Tasmania,New cases,0.0,134
14004,2020-06-04,Tasmania,css_per_prsn,0.0,134
14005,2020-06-04,Tasmania,New cases per week,0.0,134
14006,2020-06-04,Tasmania,log10(Total cases),2.357934847000454,134
14007,2020-06-04,Tasmania,log10(New cases per week),0.0,134
14008,2020-06-04,Tasmania,Slope of power-law,0.0,134
14009,2020-06-04,Tasmania,Acceleration of power-law,0.0,134
14010,2020-06-04,Tasmania,Growth Rate,0.0,134
14011,2020-06-04,Tasmania,Days since first case,134.0,134
14012,2020-06-04,Tasmania,Average Growth Rate,816119577537955.4,134
14013,2020-06-04,Tasmania,Doubling time,1.0936002339008602e+17,134
14014,2020-06-04,Victoria,Total cases,1681.0,134
14015,2020-06-04,Victoria,Total cases per million,264.34974052523984,134
14016,2020-06-04,Victoria,New cases,3.0,134
14017,2020-06-04,Victoria,css_per_prsn,0.47177229124076114,134
14018,2020-06-04,Victoria,New cases per week,47.0,134
14019,2020-06-04,Victoria,log10(Total cases),3.225567713439471,134
14020,2020-06-04,Victoria,log10(New cases per week),1.6720978579357175,134
14021,2020-06-04,Victoria,Slope of power-law,5.543540454922162,134
14022,2020-06-04,Victoria,Acceleration of power-law,1394.5713181894916,134
14023,2020-06-04,Victoria,Growth Rate,0.3834631515877771,134
14024,2020-06-04,Victoria,Days since first case,134.0,134
14025,2020-06-04,Victoria,Average Growth Rate,1.6774071159759176,134
14026,2020-06-04,Victoria,Doubling time,224.77255354077298,134
14027,2020-06-04,Western Australia,Total cases,592.0,134
14028,2020-06-04,Western Australia,Total cases per million,228.6597141753573,134
14029,2020-06-04,Western Australia,New cases,0.0,134
14030,2020-06-04,Western Australia,css_per_prsn,0.0,134
14031,2020-06-04,Western Australia,New cases per week,15.0,134
14032,2020-06-04,Western Australia,log10(Total cases),2.77232170672292,134
14033,2020-06-04,Western Australia,log10(New cases per week),1.1760912590556813,134
14034,2020-06-04,Western Australia,Slope of power-law,15.729671045819755,134
14035,2020-06-04,Western Australia,Acceleration of power-law,-inf,134
14036,2020-06-04,Western Australia,Growth Rate,0.20297699594046006,134
14037,2020-06-04,Western Australia,Days since first case,134.0,134
14038,2020-06-04,Western Australia,Average Growth Rate,1.4933643990778873,134
14039,2020-06-04,Western Australia,Doubling time,200.1108294764369,134
14040,2020-06-05,Australian Capital Territory,Total cases,107.0,135
14041,2020-06-05,Australian Capital Territory,Total cases per million,281.57894736842104,135
14042,2020-06-05,Australian Capital Territory,New cases,0.0,135
14043,2020-06-05,Australian Capital Territory,css_per_prsn,0.0,135
14044,2020-06-05,Australian Capital Territory,New cases per week,0.0,135
14045,2020-06-05,Australian Capital Territory,log10(Total cases),2.0293837776852097,135
14046,2020-06-05,Australian Capital Territory,log10(New cases per week),0.0,135
14047,2020-06-05,Australian Capital Territory,Slope of power-law,0.0,135
14048,2020-06-05,Australian Capital Territory,Acceleration of power-law,0.0,135
14049,2020-06-05,Australian Capital Territory,Growth Rate,0.0,135
14050,2020-06-05,Australian Capital Territory,Days since first case,135.0,135
14051,2020-06-05,Australian Capital Territory,Average Growth Rate,inf,135
14052,2020-06-05,Australian Capital Territory,Doubling time,inf,135
14053,2020-06-05,New South Wales,Total cases,3110.0,135
14054,2020-06-05,New South Wales,Total cases per million,412.24814422057267,135
14055,2020-06-05,New South Wales,New cases,0.0,135
14056,2020-06-05,New South Wales,css_per_prsn,0.0,135
14057,2020-06-05,New South Wales,New cases per week,18.0,135
14058,2020-06-05,New South Wales,log10(Total cases),3.4927603890268375,135
14059,2020-06-05,New South Wales,log10(New cases per week),1.255272505103306,135
14060,2020-06-05,New South Wales,Slope of power-law,119.6889804826288,135
14061,2020-06-05,New South Wales,Acceleration of power-law,inf,135
14062,2020-06-05,New South Wales,Growth Rate,0.07724990343762068,135
14063,2020-06-05,New South Wales,Days since first case,135.0,135
14064,2020-06-05,New South Wales,Average Growth Rate,8.02148748798818,135
14065,2020-06-05,New South Wales,Doubling time,1082.9008108784044,135
14066,2020-06-05,Northern Territory,Total cases,29.0,135
14067,2020-06-05,Northern Territory,Total cases per million,118.70650839132215,135
14068,2020-06-05,Northern Territory,New cases,0.0,135
14069,2020-06-05,Northern Territory,css_per_prsn,0.0,135
14070,2020-06-05,Northern Territory,New cases per week,0.0,135
14071,2020-06-05,Northern Territory,log10(Total cases),1.462397997898956,135
14072,2020-06-05,Northern Territory,log10(New cases per week),0.0,135
14073,2020-06-05,Northern Territory,Slope of power-law,0.0,135
14074,2020-06-05,Northern Territory,Acceleration of power-law,0.0,135
14075,2020-06-05,Northern Territory,Growth Rate,0.0,135
14076,2020-06-05,Northern Territory,Days since first case,135.0,135
14077,2020-06-05,Northern Territory,Average Growth Rate,inf,135
14078,2020-06-05,Northern Territory,Doubling time,inf,135
14079,2020-06-05,Queensland,Total cases,1061.0,135
14080,2020-06-05,Queensland,Total cases per million,209.2289489252613,135
14081,2020-06-05,Queensland,New cases,1.0,135
14082,2020-06-05,Queensland,css_per_prsn,0.19719976336028397,135
14083,2020-06-05,Queensland,New cases per week,3.0,135
14084,2020-06-05,Queensland,log10(Total cases),3.025715383901341,135
14085,2020-06-05,Queensland,log10(New cases per week),0.47712125471966244,135
14086,2020-06-05,Queensland,Slope of power-law,387.99298071879554,135
14087,2020-06-05,Queensland,Acceleration of power-law,350234.8889962205,135
14088,2020-06-05,Queensland,Growth Rate,0.05661445555765239,135
14089,2020-06-05,Queensland,Days since first case,135.0,135
14090,2020-06-05,Queensland,Average Growth Rate,20.392212907268767,135
14091,2020-06-05,Queensland,Doubling time,2752.9487424812837,135
14092,2020-06-05,South Australia,Total cases,440.0,135
14093,2020-06-05,South Australia,Total cases per million,262.3732856290996,135
14094,2020-06-05,South Australia,New cases,0.0,135
14095,2020-06-05,South Australia,css_per_prsn,0.0,135
14096,2020-06-05,South Australia,New cases per week,0.0,135
14097,2020-06-05,South Australia,log10(Total cases),2.6434526764861874,135
14098,2020-06-05,South Australia,log10(New cases per week),0.0,135
14099,2020-06-05,South Australia,Slope of power-law,0.0,135
14100,2020-06-05,South Australia,Acceleration of power-law,0.0,135
14101,2020-06-05,South Australia,Growth Rate,0.0,135
14102,2020-06-05,South Australia,Days since first case,135.0,135
14103,2020-06-05,South Australia,Average Growth Rate,134699347748982.94,135
14104,2020-06-05,South Australia,Doubling time,1.8184411946112696e+16,135
14105,2020-06-05,Tasmania,Total cases,228.0,135
14106,2020-06-05,Tasmania,Total cases per million,442.71844660194176,135
14107,2020-06-05,Tasmania,New cases,0.0,135
14108,2020-06-05,Tasmania,css_per_prsn,0.0,135
14109,2020-06-05,Tasmania,New cases per week,0.0,135
14110,2020-06-05,Tasmania,log10(Total cases),2.357934847000454,135
14111,2020-06-05,Tasmania,log10(New cases per week),0.0,135
14112,2020-06-05,Tasmania,Slope of power-law,0.0,135
14113,2020-06-05,Tasmania,Acceleration of power-law,0.0,135
14114,2020-06-05,Tasmania,Growth Rate,0.0,135
14115,2020-06-05,Tasmania,Days since first case,135.0,135
14116,2020-06-05,Tasmania,Average Growth Rate,816119577537955.4,135
14117,2020-06-05,Tasmania,Doubling time,1.1017614296762397e+17,135
14118,2020-06-05,Victoria,Total cases,1681.0,135
14119,2020-06-05,Victoria,Total cases per million,264.34974052523984,135
14120,2020-06-05,Victoria,New cases,0.0,135
14121,2020-06-05,Victoria,css_per_prsn,0.0,135
14122,2020-06-05,Victoria,New cases per week,36.0,135
14123,2020-06-05,Victoria,log10(Total cases),3.225567713439471,135
14124,2020-06-05,Victoria,log10(New cases per week),1.5563025007672873,135
14125,2020-06-05,Victoria,Slope of power-law,-5.841754600679888,135
14126,2020-06-05,Victoria,Acceleration of power-law,-inf,135
14127,2020-06-05,Victoria,Growth Rate,0.33440821688761496,135
14128,2020-06-05,Victoria,Days since first case,135.0,135
14129,2020-06-05,Victoria,Average Growth Rate,1.755537408450533,135
14130,2020-06-05,Victoria,Doubling time,236.99755014082197,135
14131,2020-06-05,Western Australia,Total cases,596.0,135
14132,2020-06-05,Western Australia,Total cases per million,230.2047122441097,135
14133,2020-06-05,Western Australia,New cases,4.0,135
14134,2020-06-05,Western Australia,css_per_prsn,1.544998068752414,135
14135,2020-06-05,Western Australia,New cases per week,11.0,135
14136,2020-06-05,Western Australia,log10(Total cases),2.7752462597402365,135
14137,2020-06-05,Western Australia,log10(New cases per week),1.0413926851582251,135
14138,2020-06-05,Western Australia,Slope of power-law,-3.7452456670094567,135
14139,2020-06-05,Western Australia,Acceleration of power-law,-6659.10879287075,135
14140,2020-06-05,Western Australia,Growth Rate,0.23624704691191356,135
14141,2020-06-05,Western Australia,Days since first case,135.0,135
14142,2020-06-05,Western Australia,Average Growth Rate,1.820804344397211,135
14143,2020-06-05,Western Australia,Doubling time,245.8085864936235,135
14144,2020-06-06,Australian Capital Territory,Total cases,108.0,136
14145,2020-06-06,Australian Capital Territory,Total cases per million,284.2105263157895,136
14146,2020-06-06,Australian Capital Territory,New cases,1.0,136
14147,2020-06-06,Australian Capital Territory,css_per_prsn,2.6315789473684212,136
14148,2020-06-06,Australian Capital Territory,New cases per week,1.0,136
14149,2020-06-06,Australian Capital Territory,log10(Total cases),2.03342375548695,136
14150,2020-06-06,Australian Capital Territory,log10(New cases per week),0.0,136
14151,2020-06-06,Australian Capital Territory,Slope of power-law,0.0,136
14152,2020-06-06,Australian Capital Territory,Acceleration of power-law,0.0,136
14153,2020-06-06,Australian Capital Territory,Growth Rate,0.18656716417910446,136
14154,2020-06-06,Australian Capital Territory,Days since first case,136.0,136
14155,2020-06-06,Australian Capital Territory,Average Growth Rate,18.576344439009418,136
14156,2020-06-06,Australian Capital Territory,Doubling time,2526.3828437052807,136
14157,2020-06-06,New South Wales,Total cases,3109.0,136
14158,2020-06-06,New South Wales,Total cases per million,412.1155885471898,136
14159,2020-06-06,New South Wales,New cases,-1.0,136
14160,2020-06-06,New South Wales,css_per_prsn,-0.1325556733828208,136
14161,2020-06-06,New South Wales,New cases per week,14.0,136
14162,2020-06-06,New South Wales,log10(Total cases),3.492620722043192,136
14163,2020-06-06,New South Wales,log10(New cases per week),1.146128035678238,136
14164,2020-06-06,New South Wales,Slope of power-law,91.29072121768279,136
14165,2020-06-06,New South Wales,Acceleration of power-law,203328.36382447032,136
14166,2020-06-06,New South Wales,Growth Rate,0.032177102773666255,136
14167,2020-06-06,New South Wales,Days since first case,136.0,136
14168,2020-06-06,New South Wales,Average Growth Rate,9.271627165181048,136
14169,2020-06-06,New South Wales,Doubling time,1260.9412944646226,136
14170,2020-06-06,Northern Territory,Total cases,29.0,136
14171,2020-06-06,Northern Territory,Total cases per million,118.70650839132215,136
14172,2020-06-06,Northern Territory,New cases,0.0,136
14173,2020-06-06,Northern Territory,css_per_prsn,0.0,136
14174,2020-06-06,Northern Territory,New cases per week,0.0,136
14175,2020-06-06,Northern Territory,log10(Total cases),1.462397997898956,136
14176,2020-06-06,Northern Territory,log10(New cases per week),0.0,136
14177,2020-06-06,Northern Territory,Slope of power-law,0.0,136
14178,2020-06-06,Northern Territory,Acceleration of power-law,0.0,136
14179,2020-06-06,Northern Territory,Growth Rate,0.0,136
14180,2020-06-06,Northern Territory,Days since first case,136.0,136
14181,2020-06-06,Northern Territory,Average Growth Rate,inf,136
14182,2020-06-06,Northern Territory,Doubling time,inf,136
14183,2020-06-06,Queensland,Total cases,1061.0,136
14184,2020-06-06,Queensland,Total cases per million,209.2289489252613,136
14185,2020-06-06,Queensland,New cases,0.0,136
14186,2020-06-06,Queensland,css_per_prsn,0.0,136
14187,2020-06-06,Queensland,New cases per week,3.0,136
14188,2020-06-06,Queensland,log10(Total cases),3.025715383901341,136
14189,2020-06-06,Queensland,log10(New cases per week),0.47712125471966244,136
14190,2020-06-06,Queensland,Slope of power-law,387.99298071879554,136
14191,2020-06-06,Queensland,Acceleration of power-law,0.0,136
14192,2020-06-06,Queensland,Growth Rate,0.037728730428221086,136
14193,2020-06-06,Queensland,Days since first case,136.0,136
14194,2020-06-06,Queensland,Average Growth Rate,18.35834383356888,136
14195,2020-06-06,Queensland,Doubling time,2496.734761365368,136
14196,2020-06-06,South Australia,Total cases,440.0,136
14197,2020-06-06,South Australia,Total cases per million,262.3732856290996,136
14198,2020-06-06,South Australia,New cases,0.0,136
14199,2020-06-06,South Australia,css_per_prsn,0.0,136
14200,2020-06-06,South Australia,New cases per week,0.0,136
14201,2020-06-06,South Australia,log10(Total cases),2.6434526764861874,136
14202,2020-06-06,South Australia,log10(New cases per week),0.0,136
14203,2020-06-06,South Australia,Slope of power-law,0.0,136
14204,2020-06-06,South Australia,Acceleration of power-law,0.0,136
14205,2020-06-06,South Australia,Growth Rate,0.0,136
14206,2020-06-06,South Australia,Days since first case,136.0,136
14207,2020-06-06,South Australia,Average Growth Rate,134699347748982.94,136
14208,2020-06-06,South Australia,Doubling time,1.831911129386168e+16,136
14209,2020-06-06,Tasmania,Total cases,228.0,136
14210,2020-06-06,Tasmania,Total cases per million,442.71844660194176,136
14211,2020-06-06,Tasmania,New cases,0.0,136
14212,2020-06-06,Tasmania,css_per_prsn,0.0,136
14213,2020-06-06,Tasmania,New cases per week,0.0,136
14214,2020-06-06,Tasmania,log10(Total cases),2.357934847000454,136
14215,2020-06-06,Tasmania,log10(New cases per week),0.0,136
14216,2020-06-06,Tasmania,Slope of power-law,0.0,136
14217,2020-06-06,Tasmania,Acceleration of power-law,0.0,136
14218,2020-06-06,Tasmania,Growth Rate,0.0,136
14219,2020-06-06,Tasmania,Days since first case,136.0,136
14220,2020-06-06,Tasmania,Average Growth Rate,816119577537955.4,136
14221,2020-06-06,Tasmania,Doubling time,1.1099226254516194e+17,136
14222,2020-06-06,Victoria,Total cases,1685.0,136
14223,2020-06-06,Victoria,Total cases per million,264.97877024689416,136
14224,2020-06-06,Victoria,New cases,4.0,136
14225,2020-06-06,Victoria,css_per_prsn,0.6290297216543481,136
14226,2020-06-06,Victoria,New cases per week,36.0,136
14227,2020-06-06,Victoria,log10(Total cases),3.2265999052073573,136
14228,2020-06-06,Victoria,log10(New cases per week),1.5563025007672873,136
14229,2020-06-06,Victoria,Slope of power-law,-7.747838553988471,136
14230,2020-06-06,Victoria,Acceleration of power-law,-1846.6374297982152,136
14231,2020-06-06,Victoria,Growth Rate,0.26206075044669447,136
14232,2020-06-06,Victoria,Days since first case,136.0,136
14233,2020-06-06,Victoria,Average Growth Rate,1.9129921015873423,136
14234,2020-06-06,Victoria,Doubling time,260.1669258158786,136
14235,2020-06-06,Western Australia,Total cases,599.0,136
14236,2020-06-06,Western Australia,Total cases per million,231.363460795674,136
14237,2020-06-06,Western Australia,New cases,3.0,136
14238,2020-06-06,Western Australia,css_per_prsn,1.1587485515643106,136
14239,2020-06-06,Western Australia,New cases per week,13.0,136
14240,2020-06-06,Western Australia,log10(Total cases),2.7774268223893115,136
14241,2020-06-06,Western Australia,log10(New cases per week),1.1139433523068367,136
14242,2020-06-06,Western Australia,Slope of power-law,0.0,136
14243,2020-06-06,Western Australia,Acceleration of power-law,1717.5593045209098,136
14244,2020-06-06,Western Australia,Growth Rate,0.26926960619320095,136
14245,2020-06-06,Western Australia,Days since first case,136.0,136
14246,2020-06-06,Western Australia,Average Growth Rate,2.38118679881511,136
14247,2020-06-06,Western Australia,Doubling time,323.84140463885495,136
14248,2020-06-07,Australian Capital Territory,Total cases,108.0,137
14249,2020-06-07,Australian Capital Territory,Total cases per million,284.2105263157895,137
14250,2020-06-07,Australian Capital Territory,New cases,0.0,137
14251,2020-06-07,Australian Capital Territory,css_per_prsn,0.0,137
14252,2020-06-07,Australian Capital Territory,New cases per week,1.0,137
14253,2020-06-07,Australian Capital Territory,log10(Total cases),2.03342375548695,137
14254,2020-06-07,Australian Capital Territory,log10(New cases per week),0.0,137
14255,2020-06-07,Australian Capital Territory,Slope of power-law,0.0,137
14256,2020-06-07,Australian Capital Territory,Acceleration of power-law,0.0,137
14257,2020-06-07,Australian Capital Territory,Growth Rate,0.186219739292365,137
14258,2020-06-07,Australian Capital Territory,Days since first case,137.0,137
14259,2020-06-07,Australian Capital Territory,Average Growth Rate,9.29682848438703,137
14260,2020-06-07,Australian Capital Territory,Doubling time,1273.665502361023,137
14261,2020-06-07,New South Wales,Total cases,3112.0,137
14262,2020-06-07,New South Wales,Total cases per million,412.5132555673383,137
14263,2020-06-07,New South Wales,New cases,3.0,137
14264,2020-06-07,New South Wales,css_per_prsn,0.3976670201484624,137
14265,2020-06-07,New South Wales,New cases per week,14.0,137
14266,2020-06-07,New South Wales,log10(Total cases),3.4930395883176515,137
14267,2020-06-07,New South Wales,log10(New cases per week),1.146128035678238,137
14268,2020-06-07,New South Wales,Slope of power-law,86.79610803323123,137
14269,2020-06-07,New South Wales,Acceleration of power-law,-10730.425098681058,137
14270,2020-06-07,New South Wales,Growth Rate,0.05145687270856114,137
14271,2020-06-07,New South Wales,Days since first case,137.0,137
14272,2020-06-07,New South Wales,Average Growth Rate,9.96466019094373,137
14273,2020-06-07,New South Wales,Doubling time,1365.158446159291,137
14274,2020-06-07,Northern Territory,Total cases,29.0,137
14275,2020-06-07,Northern Territory,Total cases per million,118.70650839132215,137
14276,2020-06-07,Northern Territory,New cases,0.0,137
14277,2020-06-07,Northern Territory,css_per_prsn,0.0,137
14278,2020-06-07,Northern Territory,New cases per week,0.0,137
14279,2020-06-07,Northern Territory,log10(Total cases),1.462397997898956,137
14280,2020-06-07,Northern Territory,log10(New cases per week),0.0,137
14281,2020-06-07,Northern Territory,Slope of power-law,0.0,137
14282,2020-06-07,Northern Territory,Acceleration of power-law,0.0,137
14283,2020-06-07,Northern Territory,Growth Rate,0.0,137
14284,2020-06-07,Northern Territory,Days since first case,137.0,137
14285,2020-06-07,Northern Territory,Average Growth Rate,inf,137
14286,2020-06-07,Northern Territory,Doubling time,inf,137
14287,2020-06-07,Queensland,Total cases,1062.0,137
14288,2020-06-07,Queensland,Total cases per million,209.4261486886216,137
14289,2020-06-07,Queensland,New cases,1.0,137
14290,2020-06-07,Queensland,css_per_prsn,0.19719976336028397,137
14291,2020-06-07,Queensland,New cases per week,4.0,137
14292,2020-06-07,Queensland,log10(Total cases),3.0261245167454502,137
14293,2020-06-07,Queensland,log10(New cases per week),0.6020599913279624,137
14294,2020-06-07,Queensland,Slope of power-law,367.3675697547339,137
14295,2020-06-07,Queensland,Acceleration of power-law,-50412.50356949567,137
14296,2020-06-07,Queensland,Growth Rate,0.056561085972850686,137
14297,2020-06-07,Queensland,Days since first case,137.0,137
14298,2020-06-07,Queensland,Average Growth Rate,15.30482732829717,137
14299,2020-06-07,Queensland,Doubling time,2096.7613439767124,137
14300,2020-06-07,South Australia,Total cases,440.0,137
14301,2020-06-07,South Australia,Total cases per million,262.3732856290996,137
14302,2020-06-07,South Australia,New cases,0.0,137
14303,2020-06-07,South Australia,css_per_prsn,0.0,137
14304,2020-06-07,South Australia,New cases per week,0.0,137
14305,2020-06-07,South Australia,log10(Total cases),2.6434526764861874,137
14306,2020-06-07,South Australia,log10(New cases per week),0.0,137
14307,2020-06-07,South Australia,Slope of power-law,0.0,137
14308,2020-06-07,South Australia,Acceleration of power-law,0.0,137
14309,2020-06-07,South Australia,Growth Rate,0.0,137
14310,2020-06-07,South Australia,Days since first case,137.0,137
14311,2020-06-07,South Australia,Average Growth Rate,134699347748982.94,137
14312,2020-06-07,South Australia,Doubling time,1.8453810641610664e+16,137
14313,2020-06-07,Tasmania,Total cases,228.0,137
14314,2020-06-07,Tasmania,Total cases per million,442.71844660194176,137
14315,2020-06-07,Tasmania,New cases,0.0,137
14316,2020-06-07,Tasmania,css_per_prsn,0.0,137
14317,2020-06-07,Tasmania,New cases per week,0.0,137
14318,2020-06-07,Tasmania,log10(Total cases),2.357934847000454,137
14319,2020-06-07,Tasmania,log10(New cases per week),0.0,137
14320,2020-06-07,Tasmania,Slope of power-law,0.0,137
14321,2020-06-07,Tasmania,Acceleration of power-law,0.0,137
14322,2020-06-07,Tasmania,Growth Rate,0.0,137
14323,2020-06-07,Tasmania,Days since first case,137.0,137
14324,2020-06-07,Tasmania,Average Growth Rate,816119577537955.4,137
14325,2020-06-07,Tasmania,Doubling time,1.1180838212269989e+17,137
14326,2020-06-07,Victoria,Total cases,1687.0,137
14327,2020-06-07,Victoria,Total cases per million,265.2932851077213,137
14328,2020-06-07,Victoria,New cases,2.0,137
14329,2020-06-07,Victoria,css_per_prsn,0.31451486082717406,137
14330,2020-06-07,Victoria,New cases per week,34.0,137
14331,2020-06-07,Victoria,log10(Total cases),3.2271150825891253,137
14332,2020-06-07,Victoria,log10(New cases per week),1.5314789170422551,137
14333,2020-06-07,Victoria,Slope of power-law,-5.864874949717103,137
14334,2020-06-07,Victoria,Acceleration of power-law,3654.981120889703,137
14335,2020-06-07,Victoria,Growth Rate,0.20209224916785543,137
14336,2020-06-07,Victoria,Days since first case,137.0,137
14337,2020-06-07,Victoria,Average Growth Rate,2.194902678728368,137
14338,2020-06-07,Victoria,Doubling time,300.7016669857864,137
14339,2020-06-07,Western Australia,Total cases,599.0,137
14340,2020-06-07,Western Australia,Total cases per million,231.363460795674,137
14341,2020-06-07,Western Australia,New cases,0.0,137
14342,2020-06-07,Western Australia,css_per_prsn,0.0,137
14343,2020-06-07,Western Australia,New cases per week,10.0,137
14344,2020-06-07,Western Australia,log10(Total cases),2.7774268223893115,137
14345,2020-06-07,Western Australia,log10(New cases per week),1.0,137
14346,2020-06-07,Western Australia,Slope of power-law,-18.52377236005444,137
14347,2020-06-07,Western Australia,Acceleration of power-law,-inf,137
14348,2020-06-07,Western Australia,Growth Rate,0.23505708529214234,137
14349,2020-06-07,Western Australia,Days since first case,137.0,137
14350,2020-06-07,Western Australia,Average Growth Rate,2.934977828941603,137
14351,2020-06-07,Western Australia,Doubling time,402.0919625649996,137
14352,2020-06-08,Australian Capital Territory,Total cases,108.0,138
14353,2020-06-08,Australian Capital Territory,Total cases per million,284.2105263157895,138
14354,2020-06-08,Australian Capital Territory,New cases,0.0,138
14355,2020-06-08,Australian Capital Territory,css_per_prsn,0.0,138
14356,2020-06-08,Australian Capital Territory,New cases per week,1.0,138
14357,2020-06-08,Australian Capital Territory,log10(Total cases),2.03342375548695,138
14358,2020-06-08,Australian Capital Territory,log10(New cases per week),0.0,138
14359,2020-06-08,Australian Capital Territory,Slope of power-law,0.0,138
14360,2020-06-08,Australian Capital Territory,Acceleration of power-law,0.0,138
14361,2020-06-08,Australian Capital Territory,Growth Rate,0.1858736059479554,138
14362,2020-06-08,Australian Capital Territory,Days since first case,138.0,138
14363,2020-06-08,Australian Capital Territory,Average Growth Rate,6.203652924030003,138
14364,2020-06-08,Australian Capital Territory,Doubling time,856.1041035161404,138
14365,2020-06-08,New South Wales,Total cases,3114.0,138
14366,2020-06-08,New South Wales,Total cases per million,412.77836691410397,138
14367,2020-06-08,New South Wales,New cases,2.0,138
14368,2020-06-08,New South Wales,css_per_prsn,0.2651113467656416,138
14369,2020-06-08,New South Wales,New cases per week,10.0,138
14370,2020-06-08,New South Wales,log10(Total cases),3.4933186082321015,138
14371,2020-06-08,New South Wales,log10(New cases per week),1.0,138
14372,2020-06-08,New South Wales,Slope of power-law,72.04933048742967,138
14373,2020-06-08,New South Wales,Acceleration of power-law,-52852.06102535663,138
14374,2020-06-08,New South Wales,Growth Rate,0.05143040822886531,138
14375,2020-06-08,New South Wales,Days since first case,138.0,138
14376,2020-06-08,New South Wales,Average Growth Rate,11.217741099423279,138
14377,2020-06-08,New South Wales,Doubling time,1548.0482717204125,138
14378,2020-06-08,Northern Territory,Total cases,29.0,138
14379,2020-06-08,Northern Territory,Total cases per million,118.70650839132215,138
14380,2020-06-08,Northern Territory,New cases,0.0,138
14381,2020-06-08,Northern Territory,css_per_prsn,0.0,138
14382,2020-06-08,Northern Territory,New cases per week,0.0,138
14383,2020-06-08,Northern Territory,log10(Total cases),1.462397997898956,138
14384,2020-06-08,Northern Territory,log10(New cases per week),0.0,138
14385,2020-06-08,Northern Territory,Slope of power-law,0.0,138
14386,2020-06-08,Northern Territory,Acceleration of power-law,0.0,138
14387,2020-06-08,Northern Territory,Growth Rate,0.0,138
14388,2020-06-08,Northern Territory,Days since first case,138.0,138
14389,2020-06-08,Northern Territory,Average Growth Rate,inf,138
14390,2020-06-08,Northern Territory,Doubling time,inf,138
14391,2020-06-08,Queensland,Total cases,1062.0,138
14392,2020-06-08,Queensland,Total cases per million,209.4261486886216,138
14393,2020-06-08,Queensland,New cases,0.0,138
14394,2020-06-08,Queensland,css_per_prsn,0.0,138
14395,2020-06-08,Queensland,New cases per week,3.0,138
14396,2020-06-08,Queensland,log10(Total cases),3.0261245167454502,138
14397,2020-06-08,Queensland,log10(New cases per week),0.47712125471966244,138
14398,2020-06-08,Queensland,Slope of power-law,0.0,138
14399,2020-06-08,Queensland,Acceleration of power-law,0.0,138
14400,2020-06-08,Queensland,Growth Rate,0.03769317753486619,138
14401,2020-06-08,Queensland,Days since first case,138.0,138
14402,2020-06-08,Queensland,Average Growth Rate,15.3106041019955,138
14403,2020-06-08,Queensland,Doubling time,2112.863366075379,138
14404,2020-06-08,South Australia,Total cases,440.0,138
14405,2020-06-08,South Australia,Total cases per million,262.3732856290996,138
14406,2020-06-08,South Australia,New cases,0.0,138
14407,2020-06-08,South Australia,css_per_prsn,0.0,138
14408,2020-06-08,South Australia,New cases per week,0.0,138
14409,2020-06-08,South Australia,log10(Total cases),2.6434526764861874,138
14410,2020-06-08,South Australia,log10(New cases per week),0.0,138
14411,2020-06-08,South Australia,Slope of power-law,0.0,138
14412,2020-06-08,South Australia,Acceleration of power-law,0.0,138
14413,2020-06-08,South Australia,Growth Rate,0.0,138
14414,2020-06-08,South Australia,Days since first case,138.0,138
14415,2020-06-08,South Australia,Average Growth Rate,134699347748982.94,138
14416,2020-06-08,South Australia,Doubling time,1.8588509989359644e+16,138
14417,2020-06-08,Tasmania,Total cases,228.0,138
14418,2020-06-08,Tasmania,Total cases per million,442.71844660194176,138
14419,2020-06-08,Tasmania,New cases,0.0,138
14420,2020-06-08,Tasmania,css_per_prsn,0.0,138
14421,2020-06-08,Tasmania,New cases per week,0.0,138
14422,2020-06-08,Tasmania,log10(Total cases),2.357934847000454,138
14423,2020-06-08,Tasmania,log10(New cases per week),0.0,138
14424,2020-06-08,Tasmania,Slope of power-law,0.0,138
14425,2020-06-08,Tasmania,Acceleration of power-law,0.0,138
14426,2020-06-08,Tasmania,Growth Rate,0.0,138
14427,2020-06-08,Tasmania,Days since first case,138.0,138
14428,2020-06-08,Tasmania,Average Growth Rate,816119577537955.4,138
14429,2020-06-08,Tasmania,Doubling time,1.1262450170023784e+17,138
14430,2020-06-08,Victoria,Total cases,1687.0,138
14431,2020-06-08,Victoria,Total cases per million,265.2932851077213,138
14432,2020-06-08,Victoria,New cases,0.0,138
14433,2020-06-08,Victoria,css_per_prsn,0.0,138
14434,2020-06-08,Victoria,New cases per week,24.0,138
14435,2020-06-08,Victoria,log10(Total cases),3.2271150825891253,138
14436,2020-06-08,Victoria,log10(New cases per week),1.380211241711606,138
14437,2020-06-08,Victoria,Slope of power-law,-30.668241149261007,138
14438,2020-06-08,Victoria,Acceleration of power-law,-inf,138
14439,2020-06-08,Victoria,Growth Rate,0.10687566797292483,138
14440,2020-06-08,Victoria,Days since first case,138.0,138
14441,2020-06-08,Victoria,Average Growth Rate,2.6889097725422944,138
14442,2020-06-08,Victoria,Doubling time,371.06954861083665,138
14443,2020-06-08,Western Australia,Total cases,599.0,138
14444,2020-06-08,Western Australia,Total cases per million,231.363460795674,138
14445,2020-06-08,Western Australia,New cases,0.0,138
14446,2020-06-08,Western Australia,css_per_prsn,0.0,138
14447,2020-06-08,Western Australia,New cases per week,8.0,138
14448,2020-06-08,Western Australia,log10(Total cases),2.7774268223893115,138
14449,2020-06-08,Western Australia,log10(New cases per week),0.9030899869919435,138
14450,2020-06-08,Western Australia,Slope of power-law,-52.97150801552273,138
14451,2020-06-08,Western Australia,Acceleration of power-law,-inf,138
14452,2020-06-08,Western Australia,Growth Rate,0.23450586264656617,138
14453,2020-06-08,Western Australia,Days since first case,138.0,138
14454,2020-06-08,Western Australia,Average Growth Rate,2.9419095072950863,138
14455,2020-06-08,Western Australia,Doubling time,405.9835120067219,138
14456,2020-06-09,Australian Capital Territory,Total cases,108.0,139
14457,2020-06-09,Australian Capital Territory,Total cases per million,284.2105263157895,139
14458,2020-06-09,Australian Capital Territory,New cases,0.0,139
14459,2020-06-09,Australian Capital Territory,css_per_prsn,0.0,139
14460,2020-06-09,Australian Capital Territory,New cases per week,1.0,139
14461,2020-06-09,Australian Capital Territory,log10(Total cases),2.03342375548695,139
14462,2020-06-09,Australian Capital Territory,log10(New cases per week),0.0,139
14463,2020-06-09,Australian Capital Territory,Slope of power-law,0.0,139
14464,2020-06-09,Australian Capital Territory,Acceleration of power-law,0.0,139
14465,2020-06-09,Australian Capital Territory,Growth Rate,0.1855287569573284,139
14466,2020-06-09,Australian Capital Territory,Days since first case,139.0,139
14467,2020-06-09,Australian Capital Territory,Average Growth Rate,4.657062469704175,139
14468,2020-06-09,Australian Capital Territory,Doubling time,647.3316832888803,139
14469,2020-06-09,New South Wales,Total cases,3117.0,139
14470,2020-06-09,New South Wales,Total cases per million,413.1760339342524,139
14471,2020-06-09,New South Wales,New cases,3.0,139
14472,2020-06-09,New South Wales,css_per_prsn,0.3976670201484624,139
14473,2020-06-09,New South Wales,New cases per week,13.0,139
14474,2020-06-09,New South Wales,log10(Total cases),3.49373680227684,139
14475,2020-06-09,New South Wales,log10(New cases per week),1.1139433523068367,139
14476,2020-06-09,New South Wales,Slope of power-law,68.54458959896816,139
14477,2020-06-09,New South Wales,Acceleration of power-law,-8380.657095809845,139
14478,2020-06-09,New South Wales,Growth Rate,0.04498136486312813,139
14479,2020-06-09,New South Wales,Days since first case,139.0,139
14480,2020-06-09,New South Wales,Average Growth Rate,13.469858024030245,139
14481,2020-06-09,New South Wales,Doubling time,1872.310265340204,139
14482,2020-06-09,Northern Territory,Total cases,29.0,139
14483,2020-06-09,Northern Territory,Total cases per million,118.70650839132215,139
14484,2020-06-09,Northern Territory,New cases,0.0,139
14485,2020-06-09,Northern Territory,css_per_prsn,0.0,139
14486,2020-06-09,Northern Territory,New cases per week,0.0,139
14487,2020-06-09,Northern Territory,log10(Total cases),1.462397997898956,139
14488,2020-06-09,Northern Territory,log10(New cases per week),0.0,139
14489,2020-06-09,Northern Territory,Slope of power-law,0.0,139
14490,2020-06-09,Northern Territory,Acceleration of power-law,0.0,139
14491,2020-06-09,Northern Territory,Growth Rate,0.0,139
14492,2020-06-09,Northern Territory,Days since first case,139.0,139
14493,2020-06-09,Northern Territory,Average Growth Rate,inf,139
14494,2020-06-09,Northern Territory,Doubling time,inf,139
14495,2020-06-09,Queensland,Total cases,1062.0,139
14496,2020-06-09,Queensland,Total cases per million,209.4261486886216,139
14497,2020-06-09,Queensland,New cases,0.0,139
14498,2020-06-09,Queensland,css_per_prsn,0.0,139
14499,2020-06-09,Queensland,New cases per week,3.0,139
14500,2020-06-09,Queensland,log10(Total cases),3.0261245167454502,139
14501,2020-06-09,Queensland,log10(New cases per week),0.47712125471966244,139
14502,2020-06-09,Queensland,Slope of power-law,0.0,139
14503,2020-06-09,Queensland,Acceleration of power-law,0.0,139
14504,2020-06-09,Queensland,Growth Rate,0.037678975131876416,139
14505,2020-06-09,Queensland,Days since first case,139.0,139
14506,2020-06-09,Queensland,Average Growth Rate,15.316380875897616,139
14507,2020-06-09,Queensland,Doubling time,2128.9769417497687,139
14508,2020-06-09,South Australia,Total cases,440.0,139
14509,2020-06-09,South Australia,Total cases per million,262.3732856290996,139
14510,2020-06-09,South Australia,New cases,0.0,139
14511,2020-06-09,South Australia,css_per_prsn,0.0,139
14512,2020-06-09,South Australia,New cases per week,0.0,139
14513,2020-06-09,South Australia,log10(Total cases),2.6434526764861874,139
14514,2020-06-09,South Australia,log10(New cases per week),0.0,139
14515,2020-06-09,South Australia,Slope of power-law,0.0,139
14516,2020-06-09,South Australia,Acceleration of power-law,0.0,139
14517,2020-06-09,South Australia,Growth Rate,0.0,139
14518,2020-06-09,South Australia,Days since first case,139.0,139
14519,2020-06-09,South Australia,Average Growth Rate,134699347748982.94,139
14520,2020-06-09,South Australia,Doubling time,1.8723209337108628e+16,139
14521,2020-06-09,Tasmania,Total cases,228.0,139
14522,2020-06-09,Tasmania,Total cases per million,442.71844660194176,139
14523,2020-06-09,Tasmania,New cases,0.0,139
14524,2020-06-09,Tasmania,css_per_prsn,0.0,139
14525,2020-06-09,Tasmania,New cases per week,0.0,139
14526,2020-06-09,Tasmania,log10(Total cases),2.357934847000454,139
14527,2020-06-09,Tasmania,log10(New cases per week),0.0,139
14528,2020-06-09,Tasmania,Slope of power-law,0.0,139
14529,2020-06-09,Tasmania,Acceleration of power-law,0.0,139
14530,2020-06-09,Tasmania,Growth Rate,0.0,139
14531,2020-06-09,Tasmania,Days since first case,139.0,139
14532,2020-06-09,Tasmania,Average Growth Rate,816119577537955.4,139
14533,2020-06-09,Tasmania,Doubling time,1.1344062127777579e+17,139
14534,2020-06-09,Victoria,Total cases,1691.0,139
14535,2020-06-09,Victoria,Total cases per million,265.9223148293757,139
14536,2020-06-09,Victoria,New cases,4.0,139
14537,2020-06-09,Victoria,css_per_prsn,0.6290297216543481,139
14538,2020-06-09,Victoria,New cases per week,21.0,139
14539,2020-06-09,Victoria,log10(Total cases),3.2281436075977417,139
14540,2020-06-09,Victoria,log10(New cases per week),1.3222192947339193,139
14541,2020-06-09,Victoria,Slope of power-law,-31.176419928056138,139
14542,2020-06-09,Victoria,Acceleration of power-law,-494.08499991531824,139
14543,2020-06-09,Victoria,Growth Rate,0.11860989206499822,139
14544,2020-06-09,Victoria,Days since first case,139.0,139
14545,2020-06-09,Victoria,Average Growth Rate,3.3843531195997496,139
14546,2020-06-09,Victoria,Doubling time,470.4250836243652,139
14547,2020-06-09,Western Australia,Total cases,599.0,139
14548,2020-06-09,Western Australia,Total cases per million,231.363460795674,139
14549,2020-06-09,Western Australia,New cases,0.0,139
14550,2020-06-09,Western Australia,css_per_prsn,0.0,139
14551,2020-06-09,Western Australia,New cases per week,7.0,139
14552,2020-06-09,Western Australia,log10(Total cases),2.7774268223893115,139
14553,2020-06-09,Western Australia,log10(New cases per week),0.8450980400142568,139
14554,2020-06-09,Western Australia,Slope of power-law,-59.80301881987271,139
14555,2020-06-09,Western Australia,Acceleration of power-law,-inf,139
14556,2020-06-09,Western Australia,Growth Rate,0.2339572192513369,139
14557,2020-06-09,Western Australia,Days since first case,139.0,139
14558,2020-06-09,Western Australia,Average Growth Rate,2.8665263494238946,139
14559,2020-06-09,Western Australia,Doubling time,398.4471625699214,139
14560,2020-06-10,Australian Capital Territory,Total cases,108.0,140
14561,2020-06-10,Australian Capital Territory,Total cases per million,284.2105263157895,140
14562,2020-06-10,Australian Capital Territory,New cases,0.0,140
14563,2020-06-10,Australian Capital Territory,css_per_prsn,0.0,140
14564,2020-06-10,Australian Capital Territory,New cases per week,1.0,140
14565,2020-06-10,Australian Capital Territory,log10(Total cases),2.03342375548695,140
14566,2020-06-10,Australian Capital Territory,log10(New cases per week),0.0,140
14567,2020-06-10,Australian Capital Territory,Slope of power-law,0.0,140
14568,2020-06-10,Australian Capital Territory,Acceleration of power-law,0.0,140
14569,2020-06-10,Australian Capital Territory,Growth Rate,0.1851851851851852,140
14570,2020-06-10,Australian Capital Territory,Days since first case,140.0,140
14571,2020-06-10,Australian Capital Territory,Average Growth Rate,3.7291060637348057,140
14572,2020-06-10,Australian Capital Territory,Doubling time,522.0748489228728,140
14573,2020-06-10,New South Wales,Total cases,3117.0,140
14574,2020-06-10,New South Wales,Total cases per million,413.1760339342524,140
14575,2020-06-10,New South Wales,New cases,0.0,140
14576,2020-06-10,New South Wales,css_per_prsn,0.0,140
14577,2020-06-10,New South Wales,New cases per week,11.0,140
14578,2020-06-10,New South Wales,log10(Total cases),3.49373680227684,140
14579,2020-06-10,New South Wales,log10(New cases per week),1.0413926851582251,140
14580,2020-06-10,New South Wales,Slope of power-law,52.08378350162763,140
14581,2020-06-10,New South Wales,Acceleration of power-law,-inf,140
14582,2020-06-10,New South Wales,Growth Rate,0.04496114072837047,140
14583,2020-06-10,New South Wales,Days since first case,140.0,140
14584,2020-06-10,New South Wales,Average Growth Rate,15.40279905891705,140
14585,2020-06-10,New South Wales,Doubling time,2156.3918682483873,140
14586,2020-06-10,Northern Territory,Total cases,29.0,140
14587,2020-06-10,Northern Territory,Total cases per million,118.70650839132215,140
14588,2020-06-10,Northern Territory,New cases,0.0,140
14589,2020-06-10,Northern Territory,css_per_prsn,0.0,140
14590,2020-06-10,Northern Territory,New cases per week,0.0,140
14591,2020-06-10,Northern Territory,log10(Total cases),1.462397997898956,140
14592,2020-06-10,Northern Territory,log10(New cases per week),0.0,140
14593,2020-06-10,Northern Territory,Slope of power-law,0.0,140
14594,2020-06-10,Northern Territory,Acceleration of power-law,0.0,140
14595,2020-06-10,Northern Territory,Growth Rate,0.0,140
14596,2020-06-10,Northern Territory,Days since first case,140.0,140
14597,2020-06-10,Northern Territory,Average Growth Rate,inf,140
14598,2020-06-10,Northern Territory,Doubling time,inf,140
14599,2020-06-10,Queensland,Total cases,1063.0,140
14600,2020-06-10,Queensland,Total cases per million,209.62334845198185,140
14601,2020-06-10,Queensland,New cases,1.0,140
14602,2020-06-10,Queensland,css_per_prsn,0.19719976336028397,140
14603,2020-06-10,Queensland,New cases per week,3.0,140
14604,2020-06-10,Queensland,log10(Total cases),3.0265332645232967,140
14605,2020-06-10,Queensland,log10(New cases per week),0.47712125471966244,140
14606,2020-06-10,Queensland,Slope of power-law,85.99899012371107,140
14607,2020-06-10,Queensland,Acceleration of power-law,0.0,140
14608,2020-06-10,Queensland,Growth Rate,0.03766478342749529,140
14609,2020-06-10,Queensland,Days since first case,140.0,140
14610,2020-06-10,Queensland,Average Growth Rate,16.71629860154404,140
14611,2020-06-10,Queensland,Doubling time,2340.2818042161657,140
14612,2020-06-10,South Australia,Total cases,440.0,140
14613,2020-06-10,South Australia,Total cases per million,262.3732856290996,140
14614,2020-06-10,South Australia,New cases,0.0,140
14615,2020-06-10,South Australia,css_per_prsn,0.0,140
14616,2020-06-10,South Australia,New cases per week,0.0,140
14617,2020-06-10,South Australia,log10(Total cases),2.6434526764861874,140
14618,2020-06-10,South Australia,log10(New cases per week),0.0,140
14619,2020-06-10,South Australia,Slope of power-law,0.0,140
14620,2020-06-10,South Australia,Acceleration of power-law,0.0,140
14621,2020-06-10,South Australia,Growth Rate,0.0,140
14622,2020-06-10,South Australia,Days since first case,140.0,140
14623,2020-06-10,South Australia,Average Growth Rate,134699347748982.94,140
14624,2020-06-10,South Australia,Doubling time,1.8857908684857612e+16,140
14625,2020-06-10,Tasmania,Total cases,228.0,140
14626,2020-06-10,Tasmania,Total cases per million,442.71844660194176,140
14627,2020-06-10,Tasmania,New cases,0.0,140
14628,2020-06-10,Tasmania,css_per_prsn,0.0,140
14629,2020-06-10,Tasmania,New cases per week,0.0,140
14630,2020-06-10,Tasmania,log10(Total cases),2.357934847000454,140
14631,2020-06-10,Tasmania,log10(New cases per week),0.0,140
14632,2020-06-10,Tasmania,Slope of power-law,0.0,140
14633,2020-06-10,Tasmania,Acceleration of power-law,0.0,140
14634,2020-06-10,Tasmania,Growth Rate,0.0,140
14635,2020-06-10,Tasmania,Days since first case,140.0,140
14636,2020-06-10,Tasmania,Average Growth Rate,816119577537955.4,140
14637,2020-06-10,Tasmania,Doubling time,1.1425674085531376e+17,140
14638,2020-06-10,Victoria,Total cases,1699.0,140
14639,2020-06-10,Victoria,Total cases per million,267.1803742726844,140
14640,2020-06-10,Victoria,New cases,8.0,140
14641,2020-06-10,Victoria,css_per_prsn,1.2580594433086962,140
14642,2020-06-10,Victoria,New cases per week,21.0,140
14643,2020-06-10,Victoria,log10(Total cases),3.230193378869046,140
14644,2020-06-10,Victoria,log10(New cases per week),1.3222192947339193,140
14645,2020-06-10,Victoria,Slope of power-law,-30.117963233885675,140
14646,2020-06-10,Victoria,Acceleration of power-law,516.3779534762638,140
14647,2020-06-10,Victoria,Growth Rate,0.213042963664339,140
14648,2020-06-10,Victoria,Days since first case,140.0,140
14649,2020-06-10,Victoria,Average Growth Rate,3.839378355795951,140
14650,2020-06-10,Victoria,Doubling time,537.5129698114331,140
14651,2020-06-10,Western Australia,Total cases,601.0,140
14652,2020-06-10,Western Australia,Total cases per million,232.1359598300502,140
14653,2020-06-10,Western Australia,New cases,2.0,140
14654,2020-06-10,Western Australia,css_per_prsn,0.772499034376207,140
14655,2020-06-10,Western Australia,New cases per week,9.0,140
14656,2020-06-10,Western Australia,log10(Total cases),2.7788744720027396,140
14657,2020-06-10,Western Australia,log10(New cases per week),0.9542425094393249,140
14658,2020-06-10,Western Australia,Slope of power-law,-58.0140663842718,140
14659,2020-06-10,Western Australia,Acceleration of power-law,1235.7634188597237,140
14660,2020-06-10,Western Australia,Growth Rate,0.16683350016683351,140
14661,2020-06-10,Western Australia,Days since first case,140.0,140
14662,2020-06-10,Western Australia,Average Growth Rate,3.0411241883500026,140
14663,2020-06-10,Western Australia,Doubling time,425.75738636900036,140
14664,2020-06-11,Australian Capital Territory,Total cases,108.0,141
14665,2020-06-11,Australian Capital Territory,Total cases per million,284.2105263157895,141
14666,2020-06-11,Australian Capital Territory,New cases,0.0,141
14667,2020-06-11,Australian Capital Territory,css_per_prsn,0.0,141
14668,2020-06-11,Australian Capital Territory,New cases per week,1.0,141
14669,2020-06-11,Australian Capital Territory,log10(Total cases),2.03342375548695,141
14670,2020-06-11,Australian Capital Territory,log10(New cases per week),0.0,141
14671,2020-06-11,Australian Capital Territory,Slope of power-law,0.0,141
14672,2020-06-11,Australian Capital Territory,Acceleration of power-law,0.0,141
14673,2020-06-11,Australian Capital Territory,Growth Rate,0.0,141
14674,2020-06-11,Australian Capital Territory,Days since first case,141.0,141
14675,2020-06-11,Australian Capital Territory,Average Growth Rate,4.665726846879549,141
14676,2020-06-11,Australian Capital Territory,Doubling time,657.8674854100165,141
14677,2020-06-11,New South Wales,Total cases,3115.0,141
14678,2020-06-11,New South Wales,Total cases per million,412.91092258748677,141
14679,2020-06-11,New South Wales,New cases,-2.0,141
14680,2020-06-11,New South Wales,css_per_prsn,-0.2651113467656416,141
14681,2020-06-11,New South Wales,New cases per week,5.0,141
14682,2020-06-11,New South Wales,log10(Total cases),3.4934580509951885,141
14683,2020-06-11,New South Wales,log10(New cases per week),0.6989700043360189,141
14684,2020-06-11,New South Wales,Slope of power-law,-247.47883635208925,141
14685,2020-06-11,New South Wales,Acceleration of power-law,1074659.1659743937,141
14686,2020-06-11,New South Wales,Growth Rate,0.038523274478330656,141
14687,2020-06-11,New South Wales,Days since first case,141.0,141
14688,2020-06-11,New South Wales,Average Growth Rate,14.980289812076926,141
14689,2020-06-11,New South Wales,Doubling time,2112.2208635028464,141
14690,2020-06-11,Northern Territory,Total cases,29.0,141
14691,2020-06-11,Northern Territory,Total cases per million,118.70650839132215,141
14692,2020-06-11,Northern Territory,New cases,0.0,141
14693,2020-06-11,Northern Territory,css_per_prsn,0.0,141
14694,2020-06-11,Northern Territory,New cases per week,0.0,141
14695,2020-06-11,Northern Territory,log10(Total cases),1.462397997898956,141
14696,2020-06-11,Northern Territory,log10(New cases per week),0.0,141
14697,2020-06-11,Northern Territory,Slope of power-law,0.0,141
14698,2020-06-11,Northern Territory,Acceleration of power-law,0.0,141
14699,2020-06-11,Northern Territory,Growth Rate,0.0,141
14700,2020-06-11,Northern Territory,Days since first case,141.0,141
14701,2020-06-11,Northern Territory,Average Growth Rate,inf,141
14702,2020-06-11,Northern Territory,Doubling time,inf,141
14703,2020-06-11,Queensland,Total cases,1064.0,141
14704,2020-06-11,Queensland,Total cases per million,209.82054821534214,141
14705,2020-06-11,Queensland,New cases,1.0,141
14706,2020-06-11,Queensland,css_per_prsn,0.19719976336028397,141
14707,2020-06-11,Queensland,New cases per week,4.0,141
14708,2020-06-11,Queensland,log10(Total cases),3.0269416279590295,141
14709,2020-06-11,Queensland,log10(New cases per week),0.6020599913279624,141
14710,2020-06-11,Queensland,Slope of power-law,147.15487435396116,141
14711,2020-06-11,Queensland,Acceleration of power-law,149758.47218178632,141
14712,2020-06-11,Queensland,Growth Rate,0.056465273856578214,141
14713,2020-06-11,Queensland,Days since first case,141.0,141
14714,2020-06-11,Queensland,Average Growth Rate,15.330820904116335,141
14715,2020-06-11,Queensland,Doubling time,2161.6457474804033,141
14716,2020-06-11,South Australia,Total cases,440.0,141
14717,2020-06-11,South Australia,Total cases per million,262.3732856290996,141
14718,2020-06-11,South Australia,New cases,0.0,141
14719,2020-06-11,South Australia,css_per_prsn,0.0,141
14720,2020-06-11,South Australia,New cases per week,0.0,141
14721,2020-06-11,South Australia,log10(Total cases),2.6434526764861874,141
14722,2020-06-11,South Australia,log10(New cases per week),0.0,141
14723,2020-06-11,South Australia,Slope of power-law,0.0,141
14724,2020-06-11,South Australia,Acceleration of power-law,0.0,141
14725,2020-06-11,South Australia,Growth Rate,0.0,141
14726,2020-06-11,South Australia,Days since first case,141.0,141
14727,2020-06-11,South Australia,Average Growth Rate,134699347748982.94,141
14728,2020-06-11,South Australia,Doubling time,1.8992608032606596e+16,141
14729,2020-06-11,Tasmania,Total cases,228.0,141
14730,2020-06-11,Tasmania,Total cases per million,442.71844660194176,141
14731,2020-06-11,Tasmania,New cases,0.0,141
14732,2020-06-11,Tasmania,css_per_prsn,0.0,141
14733,2020-06-11,Tasmania,New cases per week,0.0,141
14734,2020-06-11,Tasmania,log10(Total cases),2.357934847000454,141
14735,2020-06-11,Tasmania,log10(New cases per week),0.0,141
14736,2020-06-11,Tasmania,Slope of power-law,0.0,141
14737,2020-06-11,Tasmania,Acceleration of power-law,0.0,141
14738,2020-06-11,Tasmania,Growth Rate,0.0,141
14739,2020-06-11,Tasmania,Days since first case,141.0,141
14740,2020-06-11,Tasmania,Average Growth Rate,816119577537955.4,141
14741,2020-06-11,Tasmania,Doubling time,1.1507286043285171e+17,141
14742,2020-06-11,Victoria,Total cases,1703.0,141
14743,2020-06-11,Victoria,Total cases per million,267.8094039943387,141
14744,2020-06-11,Victoria,New cases,4.0,141
14745,2020-06-11,Victoria,css_per_prsn,0.6290297216543481,141
14746,2020-06-11,Victoria,New cases per week,22.0,141
14747,2020-06-11,Victoria,log10(Total cases),3.231214647962601,141
14748,2020-06-11,Victoria,log10(New cases per week),1.3424226808222062,141
14749,2020-06-11,Victoria,Slope of power-law,-36.992679539192636,141
14750,2020-06-11,Victoria,Acceleration of power-law,-6731.542498143447,141
14751,2020-06-11,Victoria,Growth Rate,0.2125900555096256,141
14752,2020-06-11,Victoria,Days since first case,141.0,141
14753,2020-06-11,Victoria,Average Growth Rate,4.061992402722951,141
14754,2020-06-11,Victoria,Doubling time,572.740928783936,141
14755,2020-06-11,Western Australia,Total cases,602.0,141
14756,2020-06-11,Western Australia,Total cases per million,232.52220934723832,141
14757,2020-06-11,Western Australia,New cases,1.0,141
14758,2020-06-11,Western Australia,css_per_prsn,0.3862495171881035,141
14759,2020-06-11,Western Australia,New cases per week,10.0,141
14760,2020-06-11,Western Australia,log10(Total cases),2.7795964912578244,141
14761,2020-06-11,Western Australia,log10(New cases per week),1.0,141
14762,2020-06-11,Western Australia,Slope of power-law,-53.859808375449674,141
14763,2020-06-11,Western Australia,Acceleration of power-law,5753.6665117532175,141
14764,2020-06-11,Western Australia,Growth Rate,0.1,141
14765,2020-06-11,Western Australia,Days since first case,141.0,141
14766,2020-06-11,Western Australia,Average Growth Rate,3.5716213782547896,141
14767,2020-06-11,Western Australia,Doubling time,503.59861433392535,141
14768,2020-06-12,Australian Capital Territory,Total cases,108.0,142
14769,2020-06-12,Australian Capital Territory,Total cases per million,284.2105263157895,142
14770,2020-06-12,Australian Capital Territory,New cases,0.0,142
14771,2020-06-12,Australian Capital Territory,css_per_prsn,0.0,142
14772,2020-06-12,Australian Capital Territory,New cases per week,1.0,142
14773,2020-06-12,Australian Capital Territory,log10(Total cases),2.03342375548695,142
14774,2020-06-12,Australian Capital Territory,log10(New cases per week),0.0,142
14775,2020-06-12,Australian Capital Territory,Slope of power-law,0.0,142
14776,2020-06-12,Australian Capital Territory,Acceleration of power-law,0.0,142
14777,2020-06-12,Australian Capital Territory,Growth Rate,0.0,142
14778,2020-06-12,Australian Capital Territory,Days since first case,142.0,142
14779,2020-06-12,Australian Capital Territory,Average Growth Rate,6.226757883265793,142
14780,2020-06-12,Australian Capital Territory,Doubling time,884.1996194237427,142
14781,2020-06-12,New South Wales,Total cases,3119.0,142
14782,2020-06-12,New South Wales,Total cases per million,413.44114528101807,142
14783,2020-06-12,New South Wales,New cases,4.0,142
14784,2020-06-12,New South Wales,css_per_prsn,0.5302226935312832,142
14785,2020-06-12,New South Wales,New cases per week,9.0,142
14786,2020-06-12,New South Wales,log10(Total cases),3.4940153747571436,142
14787,2020-06-12,New South Wales,log10(New cases per week),0.9542425094393249,142
14788,2020-06-12,New South Wales,Slope of power-law,-105.96205667277161,142
14789,2020-06-12,New South Wales,Acceleration of power-law,253922.02762512476,142
14790,2020-06-12,New South Wales,Growth Rate,0.044923629829290206,142
14791,2020-06-12,New South Wales,Days since first case,142.0,142
14792,2020-06-12,New South Wales,Average Growth Rate,15.415615632367615,142
14793,2020-06-12,New South Wales,Doubling time,2189.0174197962015,142
14794,2020-06-12,Northern Territory,Total cases,29.0,142
14795,2020-06-12,Northern Territory,Total cases per million,118.70650839132215,142
14796,2020-06-12,Northern Territory,New cases,0.0,142
14797,2020-06-12,Northern Territory,css_per_prsn,0.0,142
14798,2020-06-12,Northern Territory,New cases per week,0.0,142
14799,2020-06-12,Northern Territory,log10(Total cases),1.462397997898956,142
14800,2020-06-12,Northern Territory,log10(New cases per week),0.0,142
14801,2020-06-12,Northern Territory,Slope of power-law,0.0,142
14802,2020-06-12,Northern Territory,Acceleration of power-law,0.0,142
14803,2020-06-12,Northern Territory,Growth Rate,0.0,142
14804,2020-06-12,Northern Territory,Days since first case,142.0,142
14805,2020-06-12,Northern Territory,Average Growth Rate,inf,142
14806,2020-06-12,Northern Territory,Doubling time,inf,142
14807,2020-06-12,Queensland,Total cases,1065.0,142
14808,2020-06-12,Queensland,Total cases per million,210.01774797870243,142
14809,2020-06-12,Queensland,New cases,1.0,142
14810,2020-06-12,Queensland,css_per_prsn,0.19719976336028397,142
14811,2020-06-12,Queensland,New cases per week,4.0,142
14812,2020-06-12,Queensland,log10(Total cases),3.0273496077747564,142
14813,2020-06-12,Queensland,log10(New cases per week),0.6020599913279624,142
14814,2020-06-12,Queensland,Slope of power-law,245.3734492358825,142
14815,2020-06-12,Queensland,Acceleration of power-law,240743.7110753714,142
14816,2020-06-12,Queensland,Growth Rate,0.0564334085778781,142
14817,2020-06-12,Queensland,Days since first case,142.0,142
14818,2020-06-12,Queensland,Average Growth Rate,15.339484430870442,142
14819,2020-06-12,Queensland,Doubling time,2178.2067891836027,142
14820,2020-06-12,South Australia,Total cases,440.0,142
14821,2020-06-12,South Australia,Total cases per million,262.3732856290996,142
14822,2020-06-12,South Australia,New cases,0.0,142
14823,2020-06-12,South Australia,css_per_prsn,0.0,142
14824,2020-06-12,South Australia,New cases per week,0.0,142
14825,2020-06-12,South Australia,log10(Total cases),2.6434526764861874,142
14826,2020-06-12,South Australia,log10(New cases per week),0.0,142
14827,2020-06-12,South Australia,Slope of power-law,0.0,142
14828,2020-06-12,South Australia,Acceleration of power-law,0.0,142
14829,2020-06-12,South Australia,Growth Rate,0.0,142
14830,2020-06-12,South Australia,Days since first case,142.0,142
14831,2020-06-12,South Australia,Average Growth Rate,134699347748982.94,142
14832,2020-06-12,South Australia,Doubling time,1.9127307380355576e+16,142
14833,2020-06-12,Tasmania,Total cases,228.0,142
14834,2020-06-12,Tasmania,Total cases per million,442.71844660194176,142
14835,2020-06-12,Tasmania,New cases,0.0,142
14836,2020-06-12,Tasmania,css_per_prsn,0.0,142
14837,2020-06-12,Tasmania,New cases per week,0.0,142
14838,2020-06-12,Tasmania,log10(Total cases),2.357934847000454,142
14839,2020-06-12,Tasmania,log10(New cases per week),0.0,142
14840,2020-06-12,Tasmania,Slope of power-law,0.0,142
14841,2020-06-12,Tasmania,Acceleration of power-law,0.0,142
14842,2020-06-12,Tasmania,Growth Rate,0.0,142
14843,2020-06-12,Tasmania,Days since first case,142.0,142
14844,2020-06-12,Tasmania,Average Growth Rate,816119577537955.4,142
14845,2020-06-12,Tasmania,Doubling time,1.1588898001038966e+17,142
14846,2020-06-12,Victoria,Total cases,1703.0,142
14847,2020-06-12,Victoria,Total cases per million,267.8094039943387,142
14848,2020-06-12,Victoria,New cases,0.0,142
14849,2020-06-12,Victoria,css_per_prsn,0.0,142
14850,2020-06-12,Victoria,New cases per week,22.0,142
14851,2020-06-12,Victoria,log10(Total cases),3.231214647962601,142
14852,2020-06-12,Victoria,log10(New cases per week),1.3424226808222062,142
14853,2020-06-12,Victoria,Slope of power-law,-43.960095317435204,142
14854,2020-06-12,Victoria,Acceleration of power-law,-inf,142
14855,2020-06-12,Victoria,Growth Rate,0.188612519155959,142
14856,2020-06-12,Victoria,Days since first case,142.0,142
14857,2020-06-12,Victoria,Average Growth Rate,4.127197277242307,142
14858,2020-06-12,Victoria,Doubling time,586.0620133684076,142
14859,2020-06-12,Western Australia,Total cases,602.0,142
14860,2020-06-12,Western Australia,Total cases per million,232.52220934723832,142
14861,2020-06-12,Western Australia,New cases,0.0,142
14862,2020-06-12,Western Australia,css_per_prsn,0.0,142
14863,2020-06-12,Western Australia,New cases per week,6.0,142
14864,2020-06-12,Western Australia,log10(Total cases),2.7795964912578244,142
14865,2020-06-12,Western Australia,log10(New cases per week),0.7781512503836436,142
14866,2020-06-12,Western Australia,Slope of power-law,-77.56538049081608,142
14867,2020-06-12,Western Australia,Acceleration of power-law,-inf,142
14868,2020-06-12,Western Australia,Growth Rate,0.0999000999000999,142
14869,2020-06-12,Western Australia,Days since first case,142.0,142
14870,2020-06-12,Western Australia,Average Growth Rate,4.149604491539019,142
14871,2020-06-12,Western Australia,Doubling time,589.2438377985408,142
14872,2020-06-13,Australian Capital Territory,Total cases,108.0,143
14873,2020-06-13,Australian Capital Territory,Total cases per million,284.2105263157895,143
14874,2020-06-13,Australian Capital Territory,New cases,0.0,143
14875,2020-06-13,Australian Capital Territory,css_per_prsn,0.0,143
14876,2020-06-13,Australian Capital Territory,New cases per week,0.0,143
14877,2020-06-13,Australian Capital Territory,log10(Total cases),2.03342375548695,143
14878,2020-06-13,Australian Capital Territory,log10(New cases per week),0.0,143
14879,2020-06-13,Australian Capital Territory,Slope of power-law,0.0,143
14880,2020-06-13,Australian Capital Territory,Acceleration of power-law,0.0,143
14881,2020-06-13,Australian Capital Territory,Growth Rate,0.0,143
14882,2020-06-13,Australian Capital Territory,Days since first case,143.0,143
14883,2020-06-13,Australian Capital Territory,Average Growth Rate,9.34881456783102,143
14884,2020-06-13,Australian Capital Territory,Doubling time,1336.880483199836,143
14885,2020-06-13,New South Wales,Total cases,3128.0,143
14886,2020-06-13,New South Wales,Total cases per million,414.63414634146346,143
14887,2020-06-13,New South Wales,New cases,9.0,143
14888,2020-06-13,New South Wales,css_per_prsn,1.1930010604453871,143
14889,2020-06-13,New South Wales,New cases per week,19.0,143
14890,2020-06-13,New South Wales,log10(Total cases),3.4952667443878105,143
14891,2020-06-13,New South Wales,log10(New cases per week),1.2787536009528289,143
14892,2020-06-13,New South Wales,Slope of power-law,24.347955778470656,143
14893,2020-06-13,New South Wales,Acceleration of power-law,104133.90996375718,143
14894,2020-06-13,New South Wales,Growth Rate,0.08976660682226212,143
14895,2020-06-13,New South Wales,Days since first case,143.0,143
14896,2020-06-13,New South Wales,Average Growth Rate,13.169890417018923,143
14897,2020-06-13,New South Wales,Doubling time,1883.294329633706,143
14898,2020-06-13,Northern Territory,Total cases,29.0,143
14899,2020-06-13,Northern Territory,Total cases per million,118.70650839132215,143
14900,2020-06-13,Northern Territory,New cases,0.0,143
14901,2020-06-13,Northern Territory,css_per_prsn,0.0,143
14902,2020-06-13,Northern Territory,New cases per week,0.0,143
14903,2020-06-13,Northern Territory,log10(Total cases),1.462397997898956,143
14904,2020-06-13,Northern Territory,log10(New cases per week),0.0,143
14905,2020-06-13,Northern Territory,Slope of power-law,0.0,143
14906,2020-06-13,Northern Territory,Acceleration of power-law,0.0,143
14907,2020-06-13,Northern Territory,Growth Rate,0.0,143
14908,2020-06-13,Northern Territory,Days since first case,143.0,143
14909,2020-06-13,Northern Territory,Average Growth Rate,inf,143
14910,2020-06-13,Northern Territory,Doubling time,inf,143
14911,2020-06-13,Queensland,Total cases,1065.0,143
14912,2020-06-13,Queensland,Total cases per million,210.01774797870243,143
14913,2020-06-13,Queensland,New cases,0.0,143
14914,2020-06-13,Queensland,css_per_prsn,0.0,143
14915,2020-06-13,Queensland,New cases per week,4.0,143
14916,2020-06-13,Queensland,log10(Total cases),3.0273496077747564,143
14917,2020-06-13,Queensland,log10(New cases per week),0.6020599913279624,143
14918,2020-06-13,Queensland,Slope of power-law,147.2935040461871,143
14919,2020-06-13,Queensland,Acceleration of power-law,-inf,143
14920,2020-06-13,Queensland,Growth Rate,0.05640157924421885,143
14921,2020-06-13,Queensland,Days since first case,143.0,143
14922,2020-06-13,Queensland,Average Growth Rate,14.16644436854696,143
14923,2020-06-13,Queensland,Doubling time,2025.8015447022153,143
14924,2020-06-13,South Australia,Total cases,440.0,143
14925,2020-06-13,South Australia,Total cases per million,262.3732856290996,143
14926,2020-06-13,South Australia,New cases,0.0,143
14927,2020-06-13,South Australia,css_per_prsn,0.0,143
14928,2020-06-13,South Australia,New cases per week,0.0,143
14929,2020-06-13,South Australia,log10(Total cases),2.6434526764861874,143
14930,2020-06-13,South Australia,log10(New cases per week),0.0,143
14931,2020-06-13,South Australia,Slope of power-law,0.0,143
14932,2020-06-13,South Australia,Acceleration of power-law,0.0,143
14933,2020-06-13,South Australia,Growth Rate,0.0,143
14934,2020-06-13,South Australia,Days since first case,143.0,143
14935,2020-06-13,South Australia,Average Growth Rate,134699347748982.94,143
14936,2020-06-13,South Australia,Doubling time,1.926200672810456e+16,143
14937,2020-06-13,Tasmania,Total cases,228.0,143
14938,2020-06-13,Tasmania,Total cases per million,442.71844660194176,143
14939,2020-06-13,Tasmania,New cases,0.0,143
14940,2020-06-13,Tasmania,css_per_prsn,0.0,143
14941,2020-06-13,Tasmania,New cases per week,0.0,143
14942,2020-06-13,Tasmania,log10(Total cases),2.357934847000454,143
14943,2020-06-13,Tasmania,log10(New cases per week),0.0,143
14944,2020-06-13,Tasmania,Slope of power-law,0.0,143
14945,2020-06-13,Tasmania,Acceleration of power-law,0.0,143
14946,2020-06-13,Tasmania,Growth Rate,0.0,143
14947,2020-06-13,Tasmania,Days since first case,143.0,143
14948,2020-06-13,Tasmania,Average Growth Rate,816119577537955.4,143
14949,2020-06-13,Tasmania,Doubling time,1.1670509958792762e+17,143
14950,2020-06-13,Victoria,Total cases,1720.0,143
14951,2020-06-13,Victoria,Total cases per million,270.4827803113697,143
14952,2020-06-13,Victoria,New cases,17.0,143
14953,2020-06-13,Victoria,css_per_prsn,2.67337631703098,143
14954,2020-06-13,Victoria,New cases per week,35.0,143
14955,2020-06-13,Victoria,log10(Total cases),3.2355284469075487,143
14956,2020-06-13,Victoria,log10(New cases per week),1.5440680443502757,143
14957,2020-06-13,Victoria,Slope of power-law,-14.427615915462232,143
14958,2020-06-13,Victoria,Acceleration of power-law,6846.049104017889,143
14959,2020-06-13,Victoria,Growth Rate,0.3875058713010803,143
14960,2020-06-13,Victoria,Days since first case,143.0,143
14961,2020-06-13,Victoria,Average Growth Rate,3.093409150738341,143
14962,2020-06-13,Victoria,Doubling time,442.3575085555828,143
14963,2020-06-13,Western Australia,Total cases,602.0,143
14964,2020-06-13,Western Australia,Total cases per million,232.52220934723832,143
14965,2020-06-13,Western Australia,New cases,0.0,143
14966,2020-06-13,Western Australia,css_per_prsn,0.0,143
14967,2020-06-13,Western Australia,New cases per week,3.0,143
14968,2020-06-13,Western Australia,log10(Total cases),2.7795964912578244,143
14969,2020-06-13,Western Australia,log10(New cases per week),0.47712125471966244,143
14970,2020-06-13,Western Australia,Slope of power-law,-118.94529961002037,143
14971,2020-06-13,Western Australia,Acceleration of power-law,-inf,143
14972,2020-06-13,Western Australia,Growth Rate,0.09980039920159679,143
14973,2020-06-13,Western Australia,Days since first case,143.0,143
14974,2020-06-13,Western Australia,Average Growth Rate,4.947579371691276,143
14975,2020-06-13,Western Australia,Doubling time,707.5038501518525,143
14976,2020-06-14,Australian Capital Territory,Total cases,108.0,144
14977,2020-06-14,Australian Capital Territory,Total cases per million,284.2105263157895,144
14978,2020-06-14,Australian Capital Territory,New cases,0.0,144
14979,2020-06-14,Australian Capital Territory,css_per_prsn,0.0,144
14980,2020-06-14,Australian Capital Territory,New cases per week,0.0,144
14981,2020-06-14,Australian Capital Territory,log10(Total cases),2.03342375548695,144
14982,2020-06-14,Australian Capital Territory,log10(New cases per week),0.0,144
14983,2020-06-14,Australian Capital Territory,Slope of power-law,0.0,144
14984,2020-06-14,Australian Capital Territory,Acceleration of power-law,0.0,144
14985,2020-06-14,Australian Capital Territory,Growth Rate,0.0,144
14986,2020-06-14,Australian Capital Territory,Days since first case,144.0,144
14987,2020-06-14,Australian Capital Territory,Average Growth Rate,18.714973875121448,144
14988,2020-06-14,Australian Capital Territory,Doubling time,2694.9562380174884,144
14989,2020-06-14,New South Wales,Total cases,3131.0,144
14990,2020-06-14,New South Wales,Total cases per million,415.0318133616119,144
14991,2020-06-14,New South Wales,New cases,3.0,144
14992,2020-06-14,New South Wales,css_per_prsn,0.3976670201484624,144
14993,2020-06-14,New South Wales,New cases per week,19.0,144
14994,2020-06-14,New South Wales,log10(Total cases),3.4956830676169153,144
14995,2020-06-14,New South Wales,log10(New cases per week),1.2787536009528289,144
14996,2020-06-14,New South Wales,Slope of power-law,8.034101296406316,144
14997,2020-06-14,New South Wales,Acceleration of power-law,-39185.549451909654,144
14998,2020-06-14,New South Wales,Growth Rate,0.08968609865470852,144
14999,2020-06-14,New South Wales,Days since first case,144.0,144
15000,2020-06-14,New South Wales,Average Growth Rate,11.257478899226767,144
15001,2020-06-14,New South Wales,Doubling time,1621.0769614886544,144
15002,2020-06-14,Northern Territory,Total cases,29.0,144
15003,2020-06-14,Northern Territory,Total cases per million,118.70650839132215,144
15004,2020-06-14,Northern Territory,New cases,0.0,144
15005,2020-06-14,Northern Territory,css_per_prsn,0.0,144
15006,2020-06-14,Northern Territory,New cases per week,0.0,144
15007,2020-06-14,Northern Territory,log10(Total cases),1.462397997898956,144
15008,2020-06-14,Northern Territory,log10(New cases per week),0.0,144
15009,2020-06-14,Northern Territory,Slope of power-law,0.0,144
15010,2020-06-14,Northern Territory,Acceleration of power-law,0.0,144
15011,2020-06-14,Northern Territory,Growth Rate,0.0,144
15012,2020-06-14,Northern Territory,Days since first case,144.0,144
15013,2020-06-14,Northern Territory,Average Growth Rate,inf,144
15014,2020-06-14,Northern Territory,Doubling time,inf,144
15015,2020-06-14,Queensland,Total cases,1065.0,144
15016,2020-06-14,Queensland,Total cases per million,210.01774797870243,144
15017,2020-06-14,Queensland,New cases,0.0,144
15018,2020-06-14,Queensland,css_per_prsn,0.0,144
15019,2020-06-14,Queensland,New cases per week,3.0,144
15020,2020-06-14,Queensland,log10(Total cases),3.0273496077747564,144
15021,2020-06-14,Queensland,log10(New cases per week),0.47712125471966244,144
15022,2020-06-14,Queensland,Slope of power-law,86.16117646683934,144
15023,2020-06-14,Queensland,Acceleration of power-law,-inf,144
15024,2020-06-14,Queensland,Growth Rate,0.05636978579481398,144
15025,2020-06-14,Queensland,Days since first case,144.0,144
15026,2020-06-14,Queensland,Average Growth Rate,13.160947569837766,144
15027,2020-06-14,Queensland,Doubling time,1895.1764500566383,144
15028,2020-06-14,South Australia,Total cases,440.0,144
15029,2020-06-14,South Australia,Total cases per million,262.3732856290996,144
15030,2020-06-14,South Australia,New cases,0.0,144
15031,2020-06-14,South Australia,css_per_prsn,0.0,144
15032,2020-06-14,South Australia,New cases per week,0.0,144
15033,2020-06-14,South Australia,log10(Total cases),2.6434526764861874,144
15034,2020-06-14,South Australia,log10(New cases per week),0.0,144
15035,2020-06-14,South Australia,Slope of power-law,0.0,144
15036,2020-06-14,South Australia,Acceleration of power-law,0.0,144
15037,2020-06-14,South Australia,Growth Rate,0.0,144
15038,2020-06-14,South Australia,Days since first case,144.0,144
15039,2020-06-14,South Australia,Average Growth Rate,134699347748982.94,144
15040,2020-06-14,South Australia,Doubling time,1.9396706075853544e+16,144
15041,2020-06-14,Tasmania,Total cases,228.0,144
15042,2020-06-14,Tasmania,Total cases per million,442.71844660194176,144
15043,2020-06-14,Tasmania,New cases,0.0,144
15044,2020-06-14,Tasmania,css_per_prsn,0.0,144
15045,2020-06-14,Tasmania,New cases per week,0.0,144
15046,2020-06-14,Tasmania,log10(Total cases),2.357934847000454,144
15047,2020-06-14,Tasmania,log10(New cases per week),0.0,144
15048,2020-06-14,Tasmania,Slope of power-law,0.0,144
15049,2020-06-14,Tasmania,Acceleration of power-law,0.0,144
15050,2020-06-14,Tasmania,Growth Rate,0.0,144
15051,2020-06-14,Tasmania,Days since first case,144.0,144
15052,2020-06-14,Tasmania,Average Growth Rate,816119577537955.4,144
15053,2020-06-14,Tasmania,Doubling time,1.1752121916546557e+17,144
15054,2020-06-14,Victoria,Total cases,1732.0,144
15055,2020-06-14,Victoria,Total cases per million,272.3698694763328,144
15056,2020-06-14,Victoria,New cases,12.0,144
15057,2020-06-14,Victoria,css_per_prsn,1.8870891649630446,144
15058,2020-06-14,Victoria,New cases per week,45.0,144
15059,2020-06-14,Victoria,log10(Total cases),3.2385478876813276,144
15060,2020-06-14,Victoria,log10(New cases per week),1.6532125137753437,144
15061,2020-06-14,Victoria,Slope of power-law,-1.4549376463279584,144
15062,2020-06-14,Victoria,Acceleration of power-law,4296.38441058031,144
15063,2020-06-14,Victoria,Growth Rate,0.479139885473881,144
15064,2020-06-14,Victoria,Days since first case,144.0,144
15065,2020-06-14,Victoria,Average Growth Rate,2.340304054899666,144
15066,2020-06-14,Victoria,Doubling time,337.00378390555187,144
15067,2020-06-14,Western Australia,Total cases,602.0,144
15068,2020-06-14,Western Australia,Total cases per million,232.52220934723832,144
15069,2020-06-14,Western Australia,New cases,0.0,144
15070,2020-06-14,Western Australia,css_per_prsn,0.0,144
15071,2020-06-14,Western Australia,New cases per week,3.0,144
15072,2020-06-14,Western Australia,log10(Total cases),2.7795964912578244,144
15073,2020-06-14,Western Australia,log10(New cases per week),0.47712125471966244,144
15074,2020-06-14,Western Australia,Slope of power-law,-96.08119676704715,144
15075,2020-06-14,Western Australia,Acceleration of power-law,inf,144
15076,2020-06-14,Western Australia,Growth Rate,0.09970089730807578,144
15077,2020-06-14,Western Australia,Days since first case,144.0,144
15078,2020-06-14,Western Australia,Average Growth Rate,6.1206681604282105,144
15079,2020-06-14,Western Australia,Doubling time,881.3762151016623,144
15080,2020-06-15,Australian Capital Territory,Total cases,108.0,145
15081,2020-06-15,Australian Capital Territory,Total cases per million,284.2105263157895,145
15082,2020-06-15,Australian Capital Territory,New cases,0.0,145
15083,2020-06-15,Australian Capital Territory,css_per_prsn,0.0,145
15084,2020-06-15,Australian Capital Territory,New cases per week,0.0,145
15085,2020-06-15,Australian Capital Territory,log10(Total cases),2.03342375548695,145
15086,2020-06-15,Australian Capital Territory,log10(New cases per week),0.0,145
15087,2020-06-15,Australian Capital Territory,Slope of power-law,0.0,145
15088,2020-06-15,Australian Capital Territory,Acceleration of power-law,0.0,145
15089,2020-06-15,Australian Capital Territory,Growth Rate,0.0,145
15090,2020-06-15,Australian Capital Territory,Days since first case,145.0,145
15091,2020-06-15,Australian Capital Territory,Average Growth Rate,inf,145
15092,2020-06-15,Australian Capital Territory,Doubling time,inf,145
15093,2020-06-15,New South Wales,Total cases,3134.0,145
15094,2020-06-15,New South Wales,Total cases per million,415.42948038176036,145
15095,2020-06-15,New South Wales,New cases,3.0,145
15096,2020-06-15,New South Wales,css_per_prsn,0.3976670201484624,145
15097,2020-06-15,New South Wales,New cases per week,20.0,145
15098,2020-06-15,New South Wales,log10(Total cases),3.496098992132571,145
15099,2020-06-15,New South Wales,log10(New cases per week),1.3010299956639813,145
15100,2020-06-15,New South Wales,Slope of power-law,13.705579582698041,145
15101,2020-06-15,New South Wales,Acceleration of power-law,13635.835524983375,145
15102,2020-06-15,New South Wales,Growth Rate,0.10878607538235105,145
15103,2020-06-15,New South Wales,Days since first case,145.0,145
15104,2020-06-15,New South Wales,Average Growth Rate,9.324372826580989,145
15105,2020-06-15,New South Wales,Doubling time,1352.0340598542434,145
15106,2020-06-15,Northern Territory,Total cases,29.0,145
15107,2020-06-15,Northern Territory,Total cases per million,118.70650839132215,145
15108,2020-06-15,Northern Territory,New cases,0.0,145
15109,2020-06-15,Northern Territory,css_per_prsn,0.0,145
15110,2020-06-15,Northern Territory,New cases per week,0.0,145
15111,2020-06-15,Northern Territory,log10(Total cases),1.462397997898956,145
15112,2020-06-15,Northern Territory,log10(New cases per week),0.0,145
15113,2020-06-15,Northern Territory,Slope of power-law,0.0,145
15114,2020-06-15,Northern Territory,Acceleration of power-law,0.0,145
15115,2020-06-15,Northern Territory,Growth Rate,0.0,145
15116,2020-06-15,Northern Territory,Days since first case,145.0,145
15117,2020-06-15,Northern Territory,Average Growth Rate,inf,145
15118,2020-06-15,Northern Territory,Doubling time,inf,145
15119,2020-06-15,Queensland,Total cases,1065.0,145
15120,2020-06-15,Queensland,Total cases per million,210.01774797870243,145
15121,2020-06-15,Queensland,New cases,0.0,145
15122,2020-06-15,Queensland,css_per_prsn,0.0,145
15123,2020-06-15,Queensland,New cases per week,3.0,145
15124,2020-06-15,Queensland,log10(Total cases),3.0273496077747564,145
15125,2020-06-15,Queensland,log10(New cases per week),0.47712125471966244,145
15126,2020-06-15,Queensland,Slope of power-law,0.0,145
15127,2020-06-15,Queensland,Acceleration of power-law,-inf,145
15128,2020-06-15,Queensland,Growth Rate,0.03756574004507889,145
15129,2020-06-15,Queensland,Days since first case,145.0,145
15130,2020-06-15,Queensland,Average Growth Rate,13.165899422226111,145
15131,2020-06-15,Queensland,Doubling time,1909.055416222786,145
15132,2020-06-15,South Australia,Total cases,440.0,145
15133,2020-06-15,South Australia,Total cases per million,262.3732856290996,145
15134,2020-06-15,South Australia,New cases,0.0,145
15135,2020-06-15,South Australia,css_per_prsn,0.0,145
15136,2020-06-15,South Australia,New cases per week,0.0,145
15137,2020-06-15,South Australia,log10(Total cases),2.6434526764861874,145
15138,2020-06-15,South Australia,log10(New cases per week),0.0,145
15139,2020-06-15,South Australia,Slope of power-law,0.0,145
15140,2020-06-15,South Australia,Acceleration of power-law,0.0,145
15141,2020-06-15,South Australia,Growth Rate,0.0,145
15142,2020-06-15,South Australia,Days since first case,145.0,145
15143,2020-06-15,South Australia,Average Growth Rate,134699347748982.94,145
15144,2020-06-15,South Australia,Doubling time,1.9531405423602524e+16,145
15145,2020-06-15,Tasmania,Total cases,228.0,145
15146,2020-06-15,Tasmania,Total cases per million,442.71844660194176,145
15147,2020-06-15,Tasmania,New cases,0.0,145
15148,2020-06-15,Tasmania,css_per_prsn,0.0,145
15149,2020-06-15,Tasmania,New cases per week,0.0,145
15150,2020-06-15,Tasmania,log10(Total cases),2.357934847000454,145
15151,2020-06-15,Tasmania,log10(New cases per week),0.0,145
15152,2020-06-15,Tasmania,Slope of power-law,0.0,145
15153,2020-06-15,Tasmania,Acceleration of power-law,0.0,145
15154,2020-06-15,Tasmania,Growth Rate,0.0,145
15155,2020-06-15,Tasmania,Days since first case,145.0,145
15156,2020-06-15,Tasmania,Average Growth Rate,816119577537955.4,145
15157,2020-06-15,Tasmania,Doubling time,1.1833733874300354e+17,145
15158,2020-06-15,Victoria,Total cases,1741.0,145
15159,2020-06-15,Victoria,Total cases per million,273.785186350055,145
15160,2020-06-15,Victoria,New cases,9.0,145
15161,2020-06-15,Victoria,css_per_prsn,1.4153168737222834,145
15162,2020-06-15,Victoria,New cases per week,54.0,145
15163,2020-06-15,Victoria,log10(Total cases),3.240798771117331,145
15164,2020-06-15,Victoria,log10(New cases per week),1.7323937598229686,145
15165,2020-06-15,Victoria,Slope of power-law,11.561328358151131,145
15166,2020-06-15,Victoria,Acceleration of power-law,5782.736589678548,145
15167,2020-06-15,Victoria,Growth Rate,0.48842888707989307,145
15168,2020-06-15,Victoria,Days since first case,145.0,145
15169,2020-06-15,Victoria,Average Growth Rate,1.9733421730080192,145
15170,2020-06-15,Victoria,Doubling time,286.1346150861628,145
15171,2020-06-15,Western Australia,Total cases,602.0,145
15172,2020-06-15,Western Australia,Total cases per million,232.52220934723832,145
15173,2020-06-15,Western Australia,New cases,0.0,145
15174,2020-06-15,Western Australia,css_per_prsn,0.0,145
15175,2020-06-15,Western Australia,New cases per week,3.0,145
15176,2020-06-15,Western Australia,log10(Total cases),2.7795964912578244,145
15177,2020-06-15,Western Australia,log10(New cases per week),0.47712125471966244,145
15178,2020-06-15,Western Australia,Slope of power-law,-129.71066669836577,145
15179,2020-06-15,Western Australia,Acceleration of power-law,-inf,145
15180,2020-06-15,Western Australia,Growth Rate,0.03322259136212625,145
15181,2020-06-15,Western Australia,Days since first case,145.0,145
15182,2020-06-15,Western Australia,Average Growth Rate,8.010965643974243,145
15183,2020-06-15,Western Australia,Doubling time,1161.5900183762653,145
15184,2020-06-16,Australian Capital Territory,Total cases,108.0,146
15185,2020-06-16,Australian Capital Territory,Total cases per million,284.2105263157895,146
15186,2020-06-16,Australian Capital Territory,New cases,0.0,146
15187,2020-06-16,Australian Capital Territory,css_per_prsn,0.0,146
15188,2020-06-16,Australian Capital Territory,New cases per week,0.0,146
15189,2020-06-16,Australian Capital Territory,log10(Total cases),2.03342375548695,146
15190,2020-06-16,Australian Capital Territory,log10(New cases per week),0.0,146
15191,2020-06-16,Australian Capital Territory,Slope of power-law,0.0,146
15192,2020-06-16,Australian Capital Territory,Acceleration of power-law,0.0,146
15193,2020-06-16,Australian Capital Territory,Growth Rate,0.0,146
15194,2020-06-16,Australian Capital Territory,Days since first case,146.0,146
15195,2020-06-16,Australian Capital Territory,Average Growth Rate,inf,146
15196,2020-06-16,Australian Capital Territory,Doubling time,inf,146
15197,2020-06-16,New South Wales,Total cases,3135.0,146
15198,2020-06-16,New South Wales,Total cases per million,415.5620360551432,146
15199,2020-06-16,New South Wales,New cases,1.0,146
15200,2020-06-16,New South Wales,css_per_prsn,0.1325556733828208,146
15201,2020-06-16,New South Wales,New cases per week,18.0,146
15202,2020-06-16,New South Wales,log10(Total cases),3.496237545166735,146
15203,2020-06-16,New South Wales,log10(New cases per week),1.255272505103306,146
15204,2020-06-16,New South Wales,Slope of power-law,30.176888859897108,146
15205,2020-06-16,New South Wales,Acceleration of power-law,118880.89911985406,146
15206,2020-06-16,New South Wales,Growth Rate,0.12782002939860676,146
15207,2020-06-16,New South Wales,Days since first case,146.0,146
15208,2020-06-16,New South Wales,Average Growth Rate,7.518151672206956,146
15209,2020-06-16,New South Wales,Doubling time,1097.6501441422156,146
15210,2020-06-16,Northern Territory,Total cases,29.0,146
15211,2020-06-16,Northern Territory,Total cases per million,118.70650839132215,146
15212,2020-06-16,Northern Territory,New cases,0.0,146
15213,2020-06-16,Northern Territory,css_per_prsn,0.0,146
15214,2020-06-16,Northern Territory,New cases per week,0.0,146
15215,2020-06-16,Northern Territory,log10(Total cases),1.462397997898956,146
15216,2020-06-16,Northern Territory,log10(New cases per week),0.0,146
15217,2020-06-16,Northern Territory,Slope of power-law,0.0,146
15218,2020-06-16,Northern Territory,Acceleration of power-law,0.0,146
15219,2020-06-16,Northern Territory,Growth Rate,0.0,146
15220,2020-06-16,Northern Territory,Days since first case,146.0,146
15221,2020-06-16,Northern Territory,Average Growth Rate,inf,146
15222,2020-06-16,Northern Territory,Doubling time,inf,146
15223,2020-06-16,Queensland,Total cases,1066.0,146
15224,2020-06-16,Queensland,Total cases per million,210.21494774206272,146
15225,2020-06-16,Queensland,New cases,1.0,146
15226,2020-06-16,Queensland,css_per_prsn,0.19719976336028397,146
15227,2020-06-16,Queensland,New cases per week,4.0,146
15228,2020-06-16,Queensland,log10(Total cases),3.0277572046905536,146
15229,2020-06-16,Queensland,log10(New cases per week),0.6020599913279624,146
15230,2020-06-16,Queensland,Slope of power-law,61.18986409990955,146
15231,2020-06-16,Queensland,Acceleration of power-law,150123.47181336957,146
15232,2020-06-16,Queensland,Growth Rate,0.03755163349605708,146
15233,2020-06-16,Queensland,Days since first case,146.0,146
15234,2020-06-16,Queensland,Average Growth Rate,14.185107421137944,146
15235,2020-06-16,Queensland,Doubling time,2071.0256834861398,146
15236,2020-06-16,South Australia,Total cases,440.0,146
15237,2020-06-16,South Australia,Total cases per million,262.3732856290996,146
15238,2020-06-16,South Australia,New cases,0.0,146
15239,2020-06-16,South Australia,css_per_prsn,0.0,146
15240,2020-06-16,South Australia,New cases per week,0.0,146
15241,2020-06-16,South Australia,log10(Total cases),2.6434526764861874,146
15242,2020-06-16,South Australia,log10(New cases per week),0.0,146
15243,2020-06-16,South Australia,Slope of power-law,0.0,146
15244,2020-06-16,South Australia,Acceleration of power-law,0.0,146
15245,2020-06-16,South Australia,Growth Rate,0.0,146
15246,2020-06-16,South Australia,Days since first case,146.0,146
15247,2020-06-16,South Australia,Average Growth Rate,134699347748982.94,146
15248,2020-06-16,South Australia,Doubling time,1.9666104771351508e+16,146
15249,2020-06-16,Tasmania,Total cases,228.0,146
15250,2020-06-16,Tasmania,Total cases per million,442.71844660194176,146
15251,2020-06-16,Tasmania,New cases,0.0,146
15252,2020-06-16,Tasmania,css_per_prsn,0.0,146
15253,2020-06-16,Tasmania,New cases per week,0.0,146
15254,2020-06-16,Tasmania,log10(Total cases),2.357934847000454,146
15255,2020-06-16,Tasmania,log10(New cases per week),0.0,146
15256,2020-06-16,Tasmania,Slope of power-law,0.0,146
15257,2020-06-16,Tasmania,Acceleration of power-law,0.0,146
15258,2020-06-16,Tasmania,Growth Rate,0.0,146
15259,2020-06-16,Tasmania,Days since first case,146.0,146
15260,2020-06-16,Tasmania,Average Growth Rate,816119577537955.4,146
15261,2020-06-16,Tasmania,Doubling time,1.1915345832054149e+17,146
15262,2020-06-16,Victoria,Total cases,1762.0,146
15263,2020-06-16,Victoria,Total cases per million,277.08759238874035,146
15264,2020-06-16,Victoria,New cases,21.0,146
15265,2020-06-16,Victoria,css_per_prsn,3.302406038685328,146
15266,2020-06-16,Victoria,New cases per week,71.0,146
15267,2020-06-16,Victoria,log10(Total cases),3.246005904076029,146
15268,2020-06-16,Victoria,log10(New cases per week),1.8512583487190752,146
15269,2020-06-16,Victoria,Slope of power-law,15.1992097880596,146
15270,2020-06-16,Victoria,Acceleration of power-law,698.6342501264335,146
15271,2020-06-16,Victoria,Growth Rate,0.6814506814506816,146
15272,2020-06-16,Victoria,Days since first case,146.0,146
15273,2020-06-16,Victoria,Average Growth Rate,1.557537620164098,146
15274,2020-06-16,Victoria,Doubling time,227.4004925439583,146
15275,2020-06-16,Western Australia,Total cases,602.0,146
15276,2020-06-16,Western Australia,Total cases per million,232.52220934723832,146
15277,2020-06-16,Western Australia,New cases,0.0,146
15278,2020-06-16,Western Australia,css_per_prsn,0.0,146
15279,2020-06-16,Western Australia,New cases per week,3.0,146
15280,2020-06-16,Western Australia,log10(Total cases),2.7795964912578244,146
15281,2020-06-16,Western Australia,log10(New cases per week),0.47712125471966244,146
15282,2020-06-16,Western Australia,Slope of power-law,-293.5111928041162,146
15283,2020-06-16,Western Australia,Acceleration of power-law,-inf,146
15284,2020-06-16,Western Australia,Growth Rate,0.0,146
15285,2020-06-16,Western Australia,Days since first case,146.0,146
15286,2020-06-16,Western Australia,Average Growth Rate,10.419380532400188,146
15287,2020-06-16,Western Australia,Doubling time,1521.2295577304276,146
15288,2020-06-17,Australian Capital Territory,Total cases,108.0,147
15289,2020-06-17,Australian Capital Territory,Total cases per million,284.2105263157895,147
15290,2020-06-17,Australian Capital Territory,New cases,0.0,147
15291,2020-06-17,Australian Capital Territory,css_per_prsn,0.0,147
15292,2020-06-17,Australian Capital Territory,New cases per week,0.0,147
15293,2020-06-17,Australian Capital Territory,log10(Total cases),2.03342375548695,147
15294,2020-06-17,Australian Capital Territory,log10(New cases per week),0.0,147
15295,2020-06-17,Australian Capital Territory,Slope of power-law,0.0,147
15296,2020-06-17,Australian Capital Territory,Acceleration of power-law,0.0,147
15297,2020-06-17,Australian Capital Territory,Growth Rate,0.0,147
15298,2020-06-17,Australian Capital Territory,Days since first case,147.0,147
15299,2020-06-17,Australian Capital Territory,Average Growth Rate,inf,147
15300,2020-06-17,Australian Capital Territory,Doubling time,inf,147
15301,2020-06-17,New South Wales,Total cases,3137.0,147
15302,2020-06-17,New South Wales,Total cases per million,415.8271474019088,147
15303,2020-06-17,New South Wales,New cases,2.0,147
15304,2020-06-17,New South Wales,css_per_prsn,0.2651113467656416,147
15305,2020-06-17,New South Wales,New cases per week,20.0,147
15306,2020-06-17,New South Wales,log10(Total cases),3.496514518697745,147
15307,2020-06-17,New South Wales,log10(New cases per week),1.3010299956639813,147
15308,2020-06-17,New South Wales,Slope of power-law,44.576996671101774,147
15309,2020-06-17,New South Wales,Acceleration of power-law,51990.91681683553,147
15310,2020-06-17,New South Wales,Growth Rate,0.1149058410469199,147
15311,2020-06-17,New South Wales,Days since first case,147.0,147
15312,2020-06-17,New South Wales,Average Growth Rate,6.5272441287432175,147
15313,2020-06-17,New South Wales,Doubling time,959.504886925253,147
15314,2020-06-17,Northern Territory,Total cases,29.0,147
15315,2020-06-17,Northern Territory,Total cases per million,118.70650839132215,147
15316,2020-06-17,Northern Territory,New cases,0.0,147
15317,2020-06-17,Northern Territory,css_per_prsn,0.0,147
15318,2020-06-17,Northern Territory,New cases per week,0.0,147
15319,2020-06-17,Northern Territory,log10(Total cases),1.462397997898956,147
15320,2020-06-17,Northern Territory,log10(New cases per week),0.0,147
15321,2020-06-17,Northern Territory,Slope of power-law,0.0,147
15322,2020-06-17,Northern Territory,Acceleration of power-law,0.0,147
15323,2020-06-17,Northern Territory,Growth Rate,0.0,147
15324,2020-06-17,Northern Territory,Days since first case,147.0,147
15325,2020-06-17,Northern Territory,Average Growth Rate,inf,147
15326,2020-06-17,Northern Territory,Doubling time,inf,147
15327,2020-06-17,Queensland,Total cases,1066.0,147
15328,2020-06-17,Queensland,Total cases per million,210.21494774206272,147
15329,2020-06-17,Queensland,New cases,0.0,147
15330,2020-06-17,Queensland,css_per_prsn,0.0,147
15331,2020-06-17,Queensland,New cases per week,3.0,147
15332,2020-06-17,Queensland,log10(Total cases),3.0277572046905536,147
15333,2020-06-17,Queensland,log10(New cases per week),0.47712125471966244,147
15334,2020-06-17,Queensland,Slope of power-law,-76.52334114611656,147
15335,2020-06-17,Queensland,Acceleration of power-law,-inf,147
15336,2020-06-17,Queensland,Growth Rate,0.018772292096865026,147
15337,2020-06-17,Queensland,Days since first case,147.0,147
15338,2020-06-17,Queensland,Average Growth Rate,16.770147189559903,147
15339,2020-06-17,Queensland,Doubling time,2465.211636865306,147
15340,2020-06-17,South Australia,Total cases,440.0,147
15341,2020-06-17,South Australia,Total cases per million,262.3732856290996,147
15342,2020-06-17,South Australia,New cases,0.0,147
15343,2020-06-17,South Australia,css_per_prsn,0.0,147
15344,2020-06-17,South Australia,New cases per week,0.0,147
15345,2020-06-17,South Australia,log10(Total cases),2.6434526764861874,147
15346,2020-06-17,South Australia,log10(New cases per week),0.0,147
15347,2020-06-17,South Australia,Slope of power-law,0.0,147
15348,2020-06-17,South Australia,Acceleration of power-law,0.0,147
15349,2020-06-17,South Australia,Growth Rate,0.0,147
15350,2020-06-17,South Australia,Days since first case,147.0,147
15351,2020-06-17,South Australia,Average Growth Rate,134699347748982.94,147
15352,2020-06-17,South Australia,Doubling time,1.9800804119100492e+16,147
15353,2020-06-17,Tasmania,Total cases,228.0,147
15354,2020-06-17,Tasmania,Total cases per million,442.71844660194176,147
15355,2020-06-17,Tasmania,New cases,0.0,147
15356,2020-06-17,Tasmania,css_per_prsn,0.0,147
15357,2020-06-17,Tasmania,New cases per week,0.0,147
15358,2020-06-17,Tasmania,log10(Total cases),2.357934847000454,147
15359,2020-06-17,Tasmania,log10(New cases per week),0.0,147
15360,2020-06-17,Tasmania,Slope of power-law,0.0,147
15361,2020-06-17,Tasmania,Acceleration of power-law,0.0,147
15362,2020-06-17,Tasmania,Growth Rate,0.0,147
15363,2020-06-17,Tasmania,Days since first case,147.0,147
15364,2020-06-17,Tasmania,Average Growth Rate,816119577537955.4,147
15365,2020-06-17,Tasmania,Doubling time,1.1996957789807944e+17,147
15366,2020-06-17,Victoria,Total cases,1780.0,147
15367,2020-06-17,Victoria,Total cases per million,279.91822613618496,147
15368,2020-06-17,Victoria,New cases,18.0,147
15369,2020-06-17,Victoria,css_per_prsn,2.830633747444567,147
15370,2020-06-17,Victoria,New cases per week,81.0,147
15371,2020-06-17,Victoria,log10(Total cases),3.250420002308894,147
15372,2020-06-17,Victoria,log10(New cases per week),1.9084850188786497,147
15373,2020-06-17,Victoria,Slope of power-law,16.177103648917228,147
15374,2020-06-17,Victoria,Acceleration of power-law,221.53876268016342,147
15375,2020-06-17,Victoria,Growth Rate,0.8815111619919862,147
15376,2020-06-17,Victoria,Days since first case,147.0,147
15377,2020-06-17,Victoria,Average Growth Rate,1.187694505495841,147
15378,2020-06-17,Victoria,Doubling time,174.59109230788863,147
15379,2020-06-17,Western Australia,Total cases,603.0,147
15380,2020-06-17,Western Australia,Total cases per million,232.90845886442642,147
15381,2020-06-17,Western Australia,New cases,1.0,147
15382,2020-06-17,Western Australia,css_per_prsn,0.3862495171881035,147
15383,2020-06-17,Western Australia,New cases per week,2.0,147
15384,2020-06-17,Western Australia,log10(Total cases),2.780317312140151,147
15385,2020-06-17,Western Australia,log10(New cases per week),0.3010299956639812,147
15386,2020-06-17,Western Australia,Slope of power-law,-241.8171536961721,147
15387,2020-06-17,Western Australia,Acceleration of power-law,71715.51265423115,147
15388,2020-06-17,Western Australia,Growth Rate,0.033211557622052475,147
15389,2020-06-17,Western Australia,Days since first case,147.0,147
15390,2020-06-17,Western Australia,Average Growth Rate,13.03224508626098,147
15391,2020-06-17,Western Australia,Doubling time,1915.7400276803642,147
15392,2020-06-18,Australian Capital Territory,Total cases,108.0,148
15393,2020-06-18,Australian Capital Territory,Total cases per million,284.2105263157895,148
15394,2020-06-18,Australian Capital Territory,New cases,0.0,148
15395,2020-06-18,Australian Capital Territory,css_per_prsn,0.0,148
15396,2020-06-18,Australian Capital Territory,New cases per week,0.0,148
15397,2020-06-18,Australian Capital Territory,log10(Total cases),2.03342375548695,148
15398,2020-06-18,Australian Capital Territory,log10(New cases per week),0.0,148
15399,2020-06-18,Australian Capital Territory,Slope of power-law,0.0,148
15400,2020-06-18,Australian Capital Territory,Acceleration of power-law,0.0,148
15401,2020-06-18,Australian Capital Territory,Growth Rate,0.0,148
15402,2020-06-18,Australian Capital Territory,Days since first case,148.0,148
15403,2020-06-18,Australian Capital Territory,Average Growth Rate,inf,148
15404,2020-06-18,Australian Capital Territory,Doubling time,inf,148
15405,2020-06-18,New South Wales,Total cases,3143.0,148
15406,2020-06-18,New South Wales,Total cases per million,416.62248144220575,148
15407,2020-06-18,New South Wales,New cases,6.0,148
15408,2020-06-18,New South Wales,css_per_prsn,0.7953340402969248,148
15409,2020-06-18,New South Wales,New cases per week,28.0,148
15410,2020-06-18,New South Wales,log10(Total cases),3.49734438101758,148
15411,2020-06-18,New South Wales,log10(New cases per week),1.4471580313422192,148
15412,2020-06-18,New South Wales,Slope of power-law,111.07383729036064,148
15413,2020-06-18,New South Wales,Acceleration of power-law,80129.96738118603,148
15414,2020-06-18,New South Wales,Growth Rate,0.09566326530612244,148
15415,2020-06-18,New South Wales,Days since first case,148.0,148
15416,2020-06-18,New South Wales,Average Growth Rate,6.455551628713499,148
15417,2020-06-18,New South Wales,Doubling time,955.4216410495978,148
15418,2020-06-18,Northern Territory,Total cases,29.0,148
15419,2020-06-18,Northern Territory,Total cases per million,118.70650839132215,148
15420,2020-06-18,Northern Territory,New cases,0.0,148
15421,2020-06-18,Northern Territory,css_per_prsn,0.0,148
15422,2020-06-18,Northern Territory,New cases per week,0.0,148
15423,2020-06-18,Northern Territory,log10(Total cases),1.462397997898956,148
15424,2020-06-18,Northern Territory,log10(New cases per week),0.0,148
15425,2020-06-18,Northern Territory,Slope of power-law,0.0,148
15426,2020-06-18,Northern Territory,Acceleration of power-law,0.0,148
15427,2020-06-18,Northern Territory,Growth Rate,0.0,148
15428,2020-06-18,Northern Territory,Days since first case,148.0,148
15429,2020-06-18,Northern Territory,Average Growth Rate,inf,148
15430,2020-06-18,Northern Territory,Doubling time,inf,148
15431,2020-06-18,Queensland,Total cases,1066.0,148
15432,2020-06-18,Queensland,Total cases per million,210.21494774206272,148
15433,2020-06-18,Queensland,New cases,0.0,148
15434,2020-06-18,Queensland,css_per_prsn,0.0,148
15435,2020-06-18,Queensland,New cases per week,2.0,148
15436,2020-06-18,Queensland,log10(Total cases),3.0277572046905536,148
15437,2020-06-18,Queensland,log10(New cases per week),0.3010299956639812,148
15438,2020-06-18,Queensland,Slope of power-law,-107.85359173122855,148
15439,2020-06-18,Queensland,Acceleration of power-law,-inf,148
15440,2020-06-18,Queensland,Growth Rate,0.018768768768768773,148
15441,2020-06-18,Queensland,Days since first case,148.0,148
15442,2020-06-18,Queensland,Average Growth Rate,20.503889224336767,148
15443,2020-06-18,Queensland,Doubling time,3034.5756052018414,148
15444,2020-06-18,South Australia,Total cases,440.0,148
15445,2020-06-18,South Australia,Total cases per million,262.3732856290996,148
15446,2020-06-18,South Australia,New cases,0.0,148
15447,2020-06-18,South Australia,css_per_prsn,0.0,148
15448,2020-06-18,South Australia,New cases per week,0.0,148
15449,2020-06-18,South Australia,log10(Total cases),2.6434526764861874,148
15450,2020-06-18,South Australia,log10(New cases per week),0.0,148
15451,2020-06-18,South Australia,Slope of power-law,0.0,148
15452,2020-06-18,South Australia,Acceleration of power-law,0.0,148
15453,2020-06-18,South Australia,Growth Rate,0.0,148
15454,2020-06-18,South Australia,Days since first case,148.0,148
15455,2020-06-18,South Australia,Average Growth Rate,134699347748982.94,148
15456,2020-06-18,South Australia,Doubling time,1.9935503466849476e+16,148
15457,2020-06-18,Tasmania,Total cases,228.0,148
15458,2020-06-18,Tasmania,Total cases per million,442.71844660194176,148
15459,2020-06-18,Tasmania,New cases,0.0,148
15460,2020-06-18,Tasmania,css_per_prsn,0.0,148
15461,2020-06-18,Tasmania,New cases per week,0.0,148
15462,2020-06-18,Tasmania,log10(Total cases),2.357934847000454,148
15463,2020-06-18,Tasmania,log10(New cases per week),0.0,148
15464,2020-06-18,Tasmania,Slope of power-law,0.0,148
15465,2020-06-18,Tasmania,Acceleration of power-law,0.0,148
15466,2020-06-18,Tasmania,Growth Rate,0.0,148
15467,2020-06-18,Tasmania,Days since first case,148.0,148
15468,2020-06-18,Tasmania,Average Growth Rate,816119577537955.4,148
15469,2020-06-18,Tasmania,Doubling time,1.2078569747561739e+17,148
15470,2020-06-18,Victoria,Total cases,1792.0,148
15471,2020-06-18,Victoria,Total cases per million,281.80531530114797,148
15472,2020-06-18,Victoria,New cases,12.0,148
15473,2020-06-18,Victoria,css_per_prsn,1.8870891649630446,148
15474,2020-06-18,Victoria,New cases per week,89.0,148
15475,2020-06-18,Victoria,log10(Total cases),3.2533380053261065,148
15476,2020-06-18,Victoria,log10(New cases per week),1.9493900066449128,148
15477,2020-06-18,Victoria,Slope of power-law,21.70538999951423,148
15478,2020-06-18,Victoria,Acceleration of power-law,1894.5444257552995,148
15479,2020-06-18,Victoria,Growth Rate,0.8175315090269104,148
15480,2020-06-18,Victoria,Days since first case,148.0,148
15481,2020-06-18,Victoria,Average Growth Rate,1.035146832221785,148
15482,2020-06-18,Victoria,Doubling time,153.20173116882418,148
15483,2020-06-18,Western Australia,Total cases,603.0,148
15484,2020-06-18,Western Australia,Total cases per million,232.90845886442642,148
15485,2020-06-18,Western Australia,New cases,0.0,148
15486,2020-06-18,Western Australia,css_per_prsn,0.0,148
15487,2020-06-18,Western Australia,New cases per week,1.0,148
15488,2020-06-18,Western Australia,log10(Total cases),2.780317312140151,148
15489,2020-06-18,Western Australia,log10(New cases per week),0.0,148
15490,2020-06-18,Western Australia,Slope of power-law,-312.43493831091627,148
15491,2020-06-18,Western Australia,Acceleration of power-law,-inf,148
15492,2020-06-18,Western Australia,Growth Rate,0.03320053120849934,148
15493,2020-06-18,Western Australia,Days since first case,148.0,148
15494,2020-06-18,Western Australia,Average Growth Rate,17.386439221000618,148
15495,2020-06-18,Western Australia,Doubling time,2573.1930047080914,148
15496,2020-06-19,Australian Capital Territory,Total cases,108.0,149
15497,2020-06-19,Australian Capital Territory,Total cases per million,284.2105263157895,149
15498,2020-06-19,Australian Capital Territory,New cases,0.0,149
15499,2020-06-19,Australian Capital Territory,css_per_prsn,0.0,149
15500,2020-06-19,Australian Capital Territory,New cases per week,0.0,149
15501,2020-06-19,Australian Capital Territory,log10(Total cases),2.03342375548695,149
15502,2020-06-19,Australian Capital Territory,log10(New cases per week),0.0,149
15503,2020-06-19,Australian Capital Territory,Slope of power-law,0.0,149
15504,2020-06-19,Australian Capital Territory,Acceleration of power-law,0.0,149
15505,2020-06-19,Australian Capital Territory,Growth Rate,0.0,149
15506,2020-06-19,Australian Capital Territory,Days since first case,149.0,149
15507,2020-06-19,Australian Capital Territory,Average Growth Rate,inf,149
15508,2020-06-19,Australian Capital Territory,Doubling time,inf,149
15509,2020-06-19,New South Wales,Total cases,3144.0,149
15510,2020-06-19,New South Wales,Total cases per million,416.75503711558855,149
15511,2020-06-19,New South Wales,New cases,1.0,149
15512,2020-06-19,New South Wales,css_per_prsn,0.1325556733828208,149
15513,2020-06-19,New South Wales,New cases per week,25.0,149
15514,2020-06-19,New South Wales,log10(Total cases),3.4974825373673704,149
15515,2020-06-19,New South Wales,log10(New cases per week),1.3979400086720377,149
15516,2020-06-19,New South Wales,Slope of power-law,75.81867096879374,149
15517,2020-06-19,New South Wales,Acceleration of power-law,-255183.10504804907,149
15518,2020-06-19,New South Wales,Growth Rate,0.08283948257184733,149
15519,2020-06-19,New South Wales,Days since first case,149.0,149
15520,2020-06-19,New South Wales,Average Growth Rate,6.538943059422438,149
15521,2020-06-19,New South Wales,Doubling time,974.3025158539433,149
15522,2020-06-19,Northern Territory,Total cases,29.0,149
15523,2020-06-19,Northern Territory,Total cases per million,118.70650839132215,149
15524,2020-06-19,Northern Territory,New cases,0.0,149
15525,2020-06-19,Northern Territory,css_per_prsn,0.0,149
15526,2020-06-19,Northern Territory,New cases per week,0.0,149
15527,2020-06-19,Northern Territory,log10(Total cases),1.462397997898956,149
15528,2020-06-19,Northern Territory,log10(New cases per week),0.0,149
15529,2020-06-19,Northern Territory,Slope of power-law,0.0,149
15530,2020-06-19,Northern Territory,Acceleration of power-law,0.0,149
15531,2020-06-19,Northern Territory,Growth Rate,0.0,149
15532,2020-06-19,Northern Territory,Days since first case,149.0,149
15533,2020-06-19,Northern Territory,Average Growth Rate,inf,149
15534,2020-06-19,Northern Territory,Doubling time,inf,149
15535,2020-06-19,Queensland,Total cases,1066.0,149
15536,2020-06-19,Queensland,Total cases per million,210.21494774206272,149
15537,2020-06-19,Queensland,New cases,0.0,149
15538,2020-06-19,Queensland,css_per_prsn,0.0,149
15539,2020-06-19,Queensland,New cases per week,1.0,149
15540,2020-06-19,Queensland,log10(Total cases),3.0277572046905536,149
15541,2020-06-19,Queensland,log10(New cases per week),0.0,149
15542,2020-06-19,Queensland,Slope of power-law,-292.23052460857366,149
15543,2020-06-19,Queensland,Acceleration of power-law,-inf,149
15544,2020-06-19,Queensland,Growth Rate,0.018765246762994934,149
15545,2020-06-19,Queensland,Days since first case,149.0,149
15546,2020-06-19,Queensland,Average Growth Rate,26.37071090957618,149
15547,2020-06-19,Queensland,Doubling time,3929.2359255268507,149
15548,2020-06-19,South Australia,Total cases,440.0,149
15549,2020-06-19,South Australia,Total cases per million,262.3732856290996,149
15550,2020-06-19,South Australia,New cases,0.0,149
15551,2020-06-19,South Australia,css_per_prsn,0.0,149
15552,2020-06-19,South Australia,New cases per week,0.0,149
15553,2020-06-19,South Australia,log10(Total cases),2.6434526764861874,149
15554,2020-06-19,South Australia,log10(New cases per week),0.0,149
15555,2020-06-19,South Australia,Slope of power-law,0.0,149
15556,2020-06-19,South Australia,Acceleration of power-law,0.0,149
15557,2020-06-19,South Australia,Growth Rate,0.0,149
15558,2020-06-19,South Australia,Days since first case,149.0,149
15559,2020-06-19,South Australia,Average Growth Rate,134699347748982.94,149
15560,2020-06-19,South Australia,Doubling time,2.0070202814598456e+16,149
15561,2020-06-19,Tasmania,Total cases,228.0,149
15562,2020-06-19,Tasmania,Total cases per million,442.71844660194176,149
15563,2020-06-19,Tasmania,New cases,0.0,149
15564,2020-06-19,Tasmania,css_per_prsn,0.0,149
15565,2020-06-19,Tasmania,New cases per week,0.0,149
15566,2020-06-19,Tasmania,log10(Total cases),2.357934847000454,149
15567,2020-06-19,Tasmania,log10(New cases per week),0.0,149
15568,2020-06-19,Tasmania,Slope of power-law,0.0,149
15569,2020-06-19,Tasmania,Acceleration of power-law,0.0,149
15570,2020-06-19,Tasmania,Growth Rate,0.0,149
15571,2020-06-19,Tasmania,Days since first case,149.0,149
15572,2020-06-19,Tasmania,Average Growth Rate,816119577537955.4,149
15573,2020-06-19,Tasmania,Doubling time,1.2160181705315534e+17,149
15574,2020-06-19,Victoria,Total cases,1792.0,149
15575,2020-06-19,Victoria,Total cases per million,281.80531530114797,149
15576,2020-06-19,Victoria,New cases,0.0,149
15577,2020-06-19,Victoria,css_per_prsn,0.0,149
15578,2020-06-19,Victoria,New cases per week,89.0,149
15579,2020-06-19,Victoria,log10(Total cases),3.2533380053261065,149
15580,2020-06-19,Victoria,log10(New cases per week),1.9493900066449128,149
15581,2020-06-19,Victoria,Slope of power-law,24.893260742839665,149
15582,2020-06-19,Victoria,Acceleration of power-law,inf,149
15583,2020-06-19,Victoria,Growth Rate,0.6766662907409495,149
15584,2020-06-19,Victoria,Days since first case,149.0,149
15585,2020-06-19,Victoria,Average Growth Rate,0.9774783151489338,149
15586,2020-06-19,Victoria,Doubling time,145.64426895719114,149
15587,2020-06-19,Western Australia,Total cases,604.0,149
15588,2020-06-19,Western Australia,Total cases per million,233.29470838161453,149
15589,2020-06-19,Western Australia,New cases,1.0,149
15590,2020-06-19,Western Australia,css_per_prsn,0.3862495171881035,149
15591,2020-06-19,Western Australia,New cases per week,2.0,149
15592,2020-06-19,Western Australia,log10(Total cases),2.7810369386211318,149
15593,2020-06-19,Western Australia,log10(New cases per week),0.3010299956639812,149
15594,2020-06-19,Western Australia,Slope of power-law,-150.70651730123032,149
15595,2020-06-19,Western Australia,Acceleration of power-law,224739.3964564993,149
15596,2020-06-19,Western Australia,Growth Rate,0.06635700066357002,149
15597,2020-06-19,Western Australia,Days since first case,149.0,149
15598,2020-06-19,Western Australia,Average Growth Rate,20.878973481817717,149
15599,2020-06-19,Western Australia,Doubling time,3110.9670487908397,149
15600,2020-06-20,Australian Capital Territory,Total cases,108.0,150
15601,2020-06-20,Australian Capital Territory,Total cases per million,284.2105263157895,150
15602,2020-06-20,Australian Capital Territory,New cases,0.0,150
15603,2020-06-20,Australian Capital Territory,css_per_prsn,0.0,150
15604,2020-06-20,Australian Capital Territory,New cases per week,0.0,150
15605,2020-06-20,Australian Capital Territory,log10(Total cases),2.03342375548695,150
15606,2020-06-20,Australian Capital Territory,log10(New cases per week),0.0,150
15607,2020-06-20,Australian Capital Territory,Slope of power-law,0.0,150
15608,2020-06-20,Australian Capital Territory,Acceleration of power-law,0.0,150
15609,2020-06-20,Australian Capital Territory,Growth Rate,0.0,150
15610,2020-06-20,Australian Capital Territory,Days since first case,150.0,150
15611,2020-06-20,Australian Capital Territory,Average Growth Rate,inf,150
15612,2020-06-20,Australian Capital Territory,Doubling time,inf,150
15613,2020-06-20,New South Wales,Total cases,3149.0,150
15614,2020-06-20,New South Wales,Total cases per million,417.41781548250265,150
15615,2020-06-20,New South Wales,New cases,5.0,150
15616,2020-06-20,New South Wales,css_per_prsn,0.662778366914104,150
15617,2020-06-20,New South Wales,New cases per week,21.0,150
15618,2020-06-20,New South Wales,log10(Total cases),3.498172660636544,150
15619,2020-06-20,New South Wales,log10(New cases per week),1.3222192947339193,150
15620,2020-06-20,New South Wales,Slope of power-law,63.30829048257137,150
15621,2020-06-20,New South Wales,Acceleration of power-law,-18127.74767209758,150
15622,2020-06-20,New South Wales,Growth Rate,0.09549274255156609,150
15623,2020-06-20,New South Wales,Days since first case,150.0,150
15624,2020-06-20,New South Wales,Average Growth Rate,6.707165921940159,150
15625,2020-06-20,New South Wales,Doubling time,1006.0748882910239,150
15626,2020-06-20,Northern Territory,Total cases,29.0,150
15627,2020-06-20,Northern Territory,Total cases per million,118.70650839132215,150
15628,2020-06-20,Northern Territory,New cases,0.0,150
15629,2020-06-20,Northern Territory,css_per_prsn,0.0,150
15630,2020-06-20,Northern Territory,New cases per week,0.0,150
15631,2020-06-20,Northern Territory,log10(Total cases),1.462397997898956,150
15632,2020-06-20,Northern Territory,log10(New cases per week),0.0,150
15633,2020-06-20,Northern Territory,Slope of power-law,0.0,150
15634,2020-06-20,Northern Territory,Acceleration of power-law,0.0,150
15635,2020-06-20,Northern Territory,Growth Rate,0.0,150
15636,2020-06-20,Northern Territory,Days since first case,150.0,150
15637,2020-06-20,Northern Territory,Average Growth Rate,inf,150
15638,2020-06-20,Northern Territory,Doubling time,inf,150
15639,2020-06-20,Queensland,Total cases,1066.0,150
15640,2020-06-20,Queensland,Total cases per million,210.21494774206272,150
15641,2020-06-20,Queensland,New cases,0.0,150
15642,2020-06-20,Queensland,css_per_prsn,0.0,150
15643,2020-06-20,Queensland,New cases per week,1.0,150
15644,2020-06-20,Queensland,log10(Total cases),3.0277572046905536,150
15645,2020-06-20,Queensland,log10(New cases per week),0.0,150
15646,2020-06-20,Queensland,Slope of power-law,-389.8240024175242,150
15647,2020-06-20,Queensland,Acceleration of power-law,-inf,150
15648,2020-06-20,Queensland,Growth Rate,0.01876172607879925,150
15649,2020-06-20,Queensland,Days since first case,150.0,150
15650,2020-06-20,Queensland,Average Growth Rate,30.773806998898696,150
15651,2020-06-20,Queensland,Doubling time,4616.071049834804,150
15652,2020-06-20,South Australia,Total cases,440.0,150
15653,2020-06-20,South Australia,Total cases per million,262.3732856290996,150
15654,2020-06-20,South Australia,New cases,0.0,150
15655,2020-06-20,South Australia,css_per_prsn,0.0,150
15656,2020-06-20,South Australia,New cases per week,0.0,150
15657,2020-06-20,South Australia,log10(Total cases),2.6434526764861874,150
15658,2020-06-20,South Australia,log10(New cases per week),0.0,150
15659,2020-06-20,South Australia,Slope of power-law,0.0,150
15660,2020-06-20,South Australia,Acceleration of power-law,0.0,150
15661,2020-06-20,South Australia,Growth Rate,0.0,150
15662,2020-06-20,South Australia,Days since first case,150.0,150
15663,2020-06-20,South Australia,Average Growth Rate,134699347748982.94,150
15664,2020-06-20,South Australia,Doubling time,2.020490216234744e+16,150
15665,2020-06-20,Tasmania,Total cases,228.0,150
15666,2020-06-20,Tasmania,Total cases per million,442.71844660194176,150
15667,2020-06-20,Tasmania,New cases,0.0,150
15668,2020-06-20,Tasmania,css_per_prsn,0.0,150
15669,2020-06-20,Tasmania,New cases per week,0.0,150
15670,2020-06-20,Tasmania,log10(Total cases),2.357934847000454,150
15671,2020-06-20,Tasmania,log10(New cases per week),0.0,150
15672,2020-06-20,Tasmania,Slope of power-law,0.0,150
15673,2020-06-20,Tasmania,Acceleration of power-law,0.0,150
15674,2020-06-20,Tasmania,Growth Rate,0.0,150
15675,2020-06-20,Tasmania,Days since first case,150.0,150
15676,2020-06-20,Tasmania,Average Growth Rate,816119577537955.4,150
15677,2020-06-20,Tasmania,Doubling time,1.2241793663069331e+17,150
15678,2020-06-20,Victoria,Total cases,1836.0,150
15679,2020-06-20,Victoria,Total cases per million,288.7246422393458,150
15680,2020-06-20,Victoria,New cases,44.0,150
15681,2020-06-20,Victoria,css_per_prsn,6.9193269381978295,150
15682,2020-06-20,Victoria,New cases per week,116.0,150
15683,2020-06-20,Victoria,log10(Total cases),3.2638726768652235,150
15684,2020-06-20,Victoria,log10(New cases per week),2.0644579892269186,150
15685,2020-06-20,Victoria,Slope of power-law,22.038425342987722,150
15686,2020-06-20,Victoria,Acceleration of power-law,-270.99424877666615,150
15687,2020-06-20,Victoria,Growth Rate,1.06003124302611,150
15688,2020-06-20,Victoria,Days since first case,150.0,150
15689,2020-06-20,Victoria,Average Growth Rate,0.8417719747668941,150
15690,2020-06-20,Victoria,Doubling time,126.26579621503411,150
15691,2020-06-20,Western Australia,Total cases,605.0,150
15692,2020-06-20,Western Australia,Total cases per million,233.68095789880263,150
15693,2020-06-20,Western Australia,New cases,1.0,150
15694,2020-06-20,Western Australia,css_per_prsn,0.3862495171881035,150
15695,2020-06-20,Western Australia,New cases per week,3.0,150
15696,2020-06-20,Western Australia,log10(Total cases),2.781755374652469,150
15697,2020-06-20,Western Australia,log10(New cases per week),0.47712125471966244,150
15698,2020-06-20,Western Australia,Slope of power-law,-165.61519521129182,150
15699,2020-06-20,Western Australia,Acceleration of power-law,-20751.573222617124,150
15700,2020-06-20,Western Australia,Growth Rate,0.09943652635067948,150
15701,2020-06-20,Western Australia,Days since first case,150.0,150
15702,2020-06-20,Western Australia,Average Growth Rate,14.925288909103186,150
15703,2020-06-20,Western Australia,Doubling time,2238.793336365478,150
15704,2020-06-21,Australian Capital Territory,Total cases,108.0,151
15705,2020-06-21,Australian Capital Territory,Total cases per million,284.2105263157895,151
15706,2020-06-21,Australian Capital Territory,New cases,0.0,151
15707,2020-06-21,Australian Capital Territory,css_per_prsn,0.0,151
15708,2020-06-21,Australian Capital Territory,New cases per week,0.0,151
15709,2020-06-21,Australian Capital Territory,log10(Total cases),2.03342375548695,151
15710,2020-06-21,Australian Capital Territory,log10(New cases per week),0.0,151
15711,2020-06-21,Australian Capital Territory,Slope of power-law,0.0,151
15712,2020-06-21,Australian Capital Territory,Acceleration of power-law,0.0,151
15713,2020-06-21,Australian Capital Territory,Growth Rate,0.0,151
15714,2020-06-21,Australian Capital Territory,Days since first case,151.0,151
15715,2020-06-21,Australian Capital Territory,Average Growth Rate,inf,151
15716,2020-06-21,Australian Capital Territory,Doubling time,inf,151
15717,2020-06-21,New South Wales,Total cases,3151.0,151
15718,2020-06-21,New South Wales,Total cases per million,417.6829268292683,151
15719,2020-06-21,New South Wales,New cases,2.0,151
15720,2020-06-21,New South Wales,css_per_prsn,0.2651113467656416,151
15721,2020-06-21,New South Wales,New cases per week,20.0,151
15722,2020-06-21,New South Wales,log10(Total cases),3.4984484031739997,151
15723,2020-06-21,New South Wales,log10(New cases per week),1.3010299956639813,151
15724,2020-06-21,New South Wales,Slope of power-law,120.64479013811324,151
15725,2020-06-21,New South Wales,Acceleration of power-law,207934.90980599562,151
15726,2020-06-21,New South Wales,Growth Rate,0.10175527855507505,151
15727,2020-06-21,New South Wales,Days since first case,151.0,151
15728,2020-06-21,New South Wales,Average Growth Rate,7.063465225867532,151
15729,2020-06-21,New South Wales,Doubling time,1066.5832491059973,151
15730,2020-06-21,Northern Territory,Total cases,29.0,151
15731,2020-06-21,Northern Territory,Total cases per million,118.70650839132215,151
15732,2020-06-21,Northern Territory,New cases,0.0,151
15733,2020-06-21,Northern Territory,css_per_prsn,0.0,151
15734,2020-06-21,Northern Territory,New cases per week,0.0,151
15735,2020-06-21,Northern Territory,log10(Total cases),1.462397997898956,151
15736,2020-06-21,Northern Territory,log10(New cases per week),0.0,151
15737,2020-06-21,Northern Territory,Slope of power-law,0.0,151
15738,2020-06-21,Northern Territory,Acceleration of power-law,0.0,151
15739,2020-06-21,Northern Territory,Growth Rate,0.0,151
15740,2020-06-21,Northern Territory,Days since first case,151.0,151
15741,2020-06-21,Northern Territory,Average Growth Rate,inf,151
15742,2020-06-21,Northern Territory,Doubling time,inf,151
15743,2020-06-21,Queensland,Total cases,1066.0,151
15744,2020-06-21,Queensland,Total cases per million,210.21494774206272,151
15745,2020-06-21,Queensland,New cases,0.0,151
15746,2020-06-21,Queensland,css_per_prsn,0.0,151
15747,2020-06-21,Queensland,New cases per week,1.0,151
15748,2020-06-21,Queensland,log10(Total cases),3.0277572046905536,151
15749,2020-06-21,Queensland,log10(New cases per week),0.0,151
15750,2020-06-21,Queensland,Slope of power-law,-738.201530348796,151
15751,2020-06-21,Queensland,Acceleration of power-law,-inf,151
15752,2020-06-21,Queensland,Growth Rate,0.0,151
15753,2020-06-21,Queensland,Days since first case,151.0,151
15754,2020-06-21,Queensland,Average Growth Rate,46.16793236263465,151
15755,2020-06-21,Queensland,Doubling time,6971.357786757832,151
15756,2020-06-21,South Australia,Total cases,440.0,151
15757,2020-06-21,South Australia,Total cases per million,262.3732856290996,151
15758,2020-06-21,South Australia,New cases,0.0,151
15759,2020-06-21,South Australia,css_per_prsn,0.0,151
15760,2020-06-21,South Australia,New cases per week,0.0,151
15761,2020-06-21,South Australia,log10(Total cases),2.6434526764861874,151
15762,2020-06-21,South Australia,log10(New cases per week),0.0,151
15763,2020-06-21,South Australia,Slope of power-law,0.0,151
15764,2020-06-21,South Australia,Acceleration of power-law,0.0,151
15765,2020-06-21,South Australia,Growth Rate,0.0,151
15766,2020-06-21,South Australia,Days since first case,151.0,151
15767,2020-06-21,South Australia,Average Growth Rate,134699347748982.94,151
15768,2020-06-21,South Australia,Doubling time,2.0339601510096424e+16,151
15769,2020-06-21,Tasmania,Total cases,228.0,151
15770,2020-06-21,Tasmania,Total cases per million,442.71844660194176,151
15771,2020-06-21,Tasmania,New cases,0.0,151
15772,2020-06-21,Tasmania,css_per_prsn,0.0,151
15773,2020-06-21,Tasmania,New cases per week,0.0,151
15774,2020-06-21,Tasmania,log10(Total cases),2.357934847000454,151
15775,2020-06-21,Tasmania,log10(New cases per week),0.0,151
15776,2020-06-21,Tasmania,Slope of power-law,0.0,151
15777,2020-06-21,Tasmania,Acceleration of power-law,0.0,151
15778,2020-06-21,Tasmania,Growth Rate,0.0,151
15779,2020-06-21,Tasmania,Days since first case,151.0,151
15780,2020-06-21,Tasmania,Average Growth Rate,816119577537955.4,151
15781,2020-06-21,Tasmania,Doubling time,1.2323405620823126e+17,151
15782,2020-06-21,Victoria,Total cases,1847.0,151
15783,2020-06-21,Victoria,Total cases per million,290.4544739738953,151
15784,2020-06-21,Victoria,New cases,11.0,151
15785,2020-06-21,Victoria,css_per_prsn,1.7298317345494574,151
15786,2020-06-21,Victoria,New cases per week,115.0,151
15787,2020-06-21,Victoria,log10(Total cases),3.2664668954402414,151
15788,2020-06-21,Victoria,log10(New cases per week),2.060697840353612,151
15789,2020-06-21,Victoria,Slope of power-law,20.37530117723667,151
15790,2020-06-21,Victoria,Acceleration of power-law,-641.088681488456,151
15791,2020-06-21,Victoria,Growth Rate,0.9395379683873106,151
15792,2020-06-21,Victoria,Days since first case,151.0,151
15793,2020-06-21,Victoria,Average Growth Rate,0.792117841569391,151
15794,2020-06-21,Victoria,Doubling time,119.60979407697805,151
15795,2020-06-21,Western Australia,Total cases,605.0,151
15796,2020-06-21,Western Australia,Total cases per million,233.68095789880263,151
15797,2020-06-21,Western Australia,New cases,0.0,151
15798,2020-06-21,Western Australia,css_per_prsn,0.0,151
15799,2020-06-21,Western Australia,New cases per week,3.0,151
15800,2020-06-21,Western Australia,log10(Total cases),2.781755374652469,151
15801,2020-06-21,Western Australia,log10(New cases per week),0.47712125471966244,151
15802,2020-06-21,Western Australia,Slope of power-law,-242.19869705672676,151
15803,2020-06-21,Western Australia,Acceleration of power-law,-inf,151
15804,2020-06-21,Western Australia,Growth Rate,0.09933774834437085,151
15805,2020-06-21,Western Australia,Days since first case,151.0,151
15806,2020-06-21,Western Australia,Average Growth Rate,10.453341182911922,151
15807,2020-06-21,Western Australia,Doubling time,1578.4545186197001,151
15808,2020-06-22,Australian Capital Territory,Total cases,108.0,152
15809,2020-06-22,Australian Capital Territory,Total cases per million,284.2105263157895,152
15810,2020-06-22,Australian Capital Territory,New cases,0.0,152
15811,2020-06-22,Australian Capital Territory,css_per_prsn,0.0,152
15812,2020-06-22,Australian Capital Territory,New cases per week,0.0,152
15813,2020-06-22,Australian Capital Territory,log10(Total cases),2.03342375548695,152
15814,2020-06-22,Australian Capital Territory,log10(New cases per week),0.0,152
15815,2020-06-22,Australian Capital Territory,Slope of power-law,0.0,152
15816,2020-06-22,Australian Capital Territory,Acceleration of power-law,0.0,152
15817,2020-06-22,Australian Capital Territory,Growth Rate,0.0,152
15818,2020-06-22,Australian Capital Territory,Days since first case,152.0,152
15819,2020-06-22,Australian Capital Territory,Average Growth Rate,inf,152
15820,2020-06-22,Australian Capital Territory,Doubling time,inf,152
15821,2020-06-22,New South Wales,Total cases,3150.0,152
15822,2020-06-22,New South Wales,Total cases per million,417.5503711558855,152
15823,2020-06-22,New South Wales,New cases,-1.0,152
15824,2020-06-22,New South Wales,css_per_prsn,-0.1325556733828208,152
15825,2020-06-22,New South Wales,New cases per week,16.0,152
15826,2020-06-22,New South Wales,log10(Total cases),3.4983105537896004,152
15827,2020-06-22,New South Wales,log10(New cases per week),1.2041199826559248,152
15828,2020-06-22,New South Wales,Slope of power-law,58.17626490732626,152
15829,2020-06-22,New South Wales,Acceleration of power-law,453165.0649221045,152
15830,2020-06-22,New South Wales,Growth Rate,0.0826078668107009,152
15831,2020-06-22,New South Wales,Days since first case,152.0,152
15832,2020-06-22,New South Wales,Average Growth Rate,7.561188187905012,152
15833,2020-06-22,New South Wales,Doubling time,1149.3006045615618,152
15834,2020-06-22,Northern Territory,Total cases,29.0,152
15835,2020-06-22,Northern Territory,Total cases per million,118.70650839132215,152
15836,2020-06-22,Northern Territory,New cases,0.0,152
15837,2020-06-22,Northern Territory,css_per_prsn,0.0,152
15838,2020-06-22,Northern Territory,New cases per week,0.0,152
15839,2020-06-22,Northern Territory,log10(Total cases),1.462397997898956,152
15840,2020-06-22,Northern Territory,log10(New cases per week),0.0,152
15841,2020-06-22,Northern Territory,Slope of power-law,0.0,152
15842,2020-06-22,Northern Territory,Acceleration of power-law,0.0,152
15843,2020-06-22,Northern Territory,Growth Rate,0.0,152
15844,2020-06-22,Northern Territory,Days since first case,152.0,152
15845,2020-06-22,Northern Territory,Average Growth Rate,inf,152
15846,2020-06-22,Northern Territory,Doubling time,inf,152
15847,2020-06-22,Queensland,Total cases,1066.0,152
15848,2020-06-22,Queensland,Total cases per million,210.21494774206272,152
15849,2020-06-22,Queensland,New cases,0.0,152
15850,2020-06-22,Queensland,css_per_prsn,0.0,152
15851,2020-06-22,Queensland,New cases per week,1.0,152
15852,2020-06-22,Queensland,log10(Total cases),3.0277572046905536,152
15853,2020-06-22,Queensland,log10(New cases per week),0.0,152
15854,2020-06-22,Queensland,Slope of power-law,-1477.096533349132,152
15855,2020-06-22,Queensland,Acceleration of power-law,-inf,152
15856,2020-06-22,Queensland,Growth Rate,0.0,152
15857,2020-06-22,Queensland,Days since first case,152.0,152
15858,2020-06-22,Queensland,Average Growth Rate,61.56302064152021,152
15859,2020-06-22,Queensland,Doubling time,9357.579137511071,152
15860,2020-06-22,South Australia,Total cases,440.0,152
15861,2020-06-22,South Australia,Total cases per million,262.3732856290996,152
15862,2020-06-22,South Australia,New cases,0.0,152
15863,2020-06-22,South Australia,css_per_prsn,0.0,152
15864,2020-06-22,South Australia,New cases per week,0.0,152
15865,2020-06-22,South Australia,log10(Total cases),2.6434526764861874,152
15866,2020-06-22,South Australia,log10(New cases per week),0.0,152
15867,2020-06-22,South Australia,Slope of power-law,0.0,152
15868,2020-06-22,South Australia,Acceleration of power-law,0.0,152
15869,2020-06-22,South Australia,Growth Rate,0.0,152
15870,2020-06-22,South Australia,Days since first case,152.0,152
15871,2020-06-22,South Australia,Average Growth Rate,134699347748982.94,152
15872,2020-06-22,South Australia,Doubling time,2.047430085784541e+16,152
15873,2020-06-22,Tasmania,Total cases,228.0,152
15874,2020-06-22,Tasmania,Total cases per million,442.71844660194176,152
15875,2020-06-22,Tasmania,New cases,0.0,152
15876,2020-06-22,Tasmania,css_per_prsn,0.0,152
15877,2020-06-22,Tasmania,New cases per week,0.0,152
15878,2020-06-22,Tasmania,log10(Total cases),2.357934847000454,152
15879,2020-06-22,Tasmania,log10(New cases per week),0.0,152
15880,2020-06-22,Tasmania,Slope of power-law,0.0,152
15881,2020-06-22,Tasmania,Acceleration of power-law,0.0,152
15882,2020-06-22,Tasmania,Growth Rate,0.0,152
15883,2020-06-22,Tasmania,Days since first case,152.0,152
15884,2020-06-22,Tasmania,Average Growth Rate,816119577537955.4,152
15885,2020-06-22,Tasmania,Doubling time,1.2405017578576922e+17,152
15886,2020-06-22,Victoria,Total cases,1864.0,152
15887,2020-06-22,Victoria,Total cases per million,293.12785029092623,152
15888,2020-06-22,Victoria,New cases,17.0,152
15889,2020-06-22,Victoria,css_per_prsn,2.67337631703098,152
15890,2020-06-22,Victoria,New cases per week,123.0,152
15891,2020-06-22,Victoria,log10(Total cases),3.2704459080179626,152
15892,2020-06-22,Victoria,log10(New cases per week),2.089905111439398,152
15893,2020-06-22,Victoria,Slope of power-law,19.053235342488932,152
15894,2020-06-22,Victoria,Acceleration of power-law,-332.25977775241626,152
15895,2020-06-22,Victoria,Growth Rate,0.9199430511444531,152
15896,2020-06-22,Victoria,Days since first case,152.0,152
15897,2020-06-22,Victoria,Average Growth Rate,0.7852205636211327,152
15898,2020-06-22,Victoria,Doubling time,119.35352567041217,152
15899,2020-06-22,Western Australia,Total cases,607.0,152
15900,2020-06-22,Western Australia,Total cases per million,234.45345693317884,152
15901,2020-06-22,Western Australia,New cases,2.0,152
15902,2020-06-22,Western Australia,css_per_prsn,0.772499034376207,152
15903,2020-06-22,Western Australia,New cases per week,5.0,152
15904,2020-06-22,Western Australia,log10(Total cases),2.7831886910752575,152
15905,2020-06-22,Western Australia,log10(New cases per week),0.6989700043360189,152
15906,2020-06-22,Western Australia,Slope of power-law,-22.042550546145886,152
15907,2020-06-22,Western Australia,Acceleration of power-law,153599.12368985487,152
15908,2020-06-22,Western Australia,Growth Rate,0.1322751322751323,152
15909,2020-06-22,Western Australia,Days since first case,152.0,152
15910,2020-06-22,Western Australia,Average Growth Rate,8.04849060750841,152
15911,2020-06-22,Western Australia,Doubling time,1223.3705723412784,152
15912,2020-06-23,Australian Capital Territory,Total cases,108.0,153
15913,2020-06-23,Australian Capital Territory,Total cases per million,284.2105263157895,153
15914,2020-06-23,Australian Capital Territory,New cases,0.0,153
15915,2020-06-23,Australian Capital Territory,css_per_prsn,0.0,153
15916,2020-06-23,Australian Capital Territory,New cases per week,0.0,153
15917,2020-06-23,Australian Capital Territory,log10(Total cases),2.03342375548695,153
15918,2020-06-23,Australian Capital Territory,log10(New cases per week),0.0,153
15919,2020-06-23,Australian Capital Territory,Slope of power-law,0.0,153
15920,2020-06-23,Australian Capital Territory,Acceleration of power-law,0.0,153
15921,2020-06-23,Australian Capital Territory,Growth Rate,0.0,153
15922,2020-06-23,Australian Capital Territory,Days since first case,153.0,153
15923,2020-06-23,Australian Capital Territory,Average Growth Rate,inf,153
15924,2020-06-23,Australian Capital Territory,Doubling time,inf,153
15925,2020-06-23,New South Wales,Total cases,3159.0,153
15926,2020-06-23,New South Wales,Total cases per million,418.7433722163309,153
15927,2020-06-23,New South Wales,New cases,9.0,153
15928,2020-06-23,New South Wales,css_per_prsn,1.1930010604453871,153
15929,2020-06-23,New South Wales,New cases per week,24.0,153
15930,2020-06-23,New South Wales,log10(Total cases),3.499549625905149,153
15931,2020-06-23,New South Wales,log10(New cases per week),1.380211241711606,153
15932,2020-06-23,New South Wales,Slope of power-law,23.689107519795176,153
15933,2020-06-23,New South Wales,Acceleration of power-law,-27833.051002250122,153
15934,2020-06-23,New South Wales,Growth Rate,0.10156795531009967,153
15935,2020-06-23,New South Wales,Days since first case,153.0,153
15936,2020-06-23,New South Wales,Average Growth Rate,7.465021917966612,153
15937,2020-06-23,New South Wales,Doubling time,1142.1483534488916,153
15938,2020-06-23,Northern Territory,Total cases,29.0,153
15939,2020-06-23,Northern Territory,Total cases per million,118.70650839132215,153
15940,2020-06-23,Northern Territory,New cases,0.0,153
15941,2020-06-23,Northern Territory,css_per_prsn,0.0,153
15942,2020-06-23,Northern Territory,New cases per week,0.0,153
15943,2020-06-23,Northern Territory,log10(Total cases),1.462397997898956,153
15944,2020-06-23,Northern Territory,log10(New cases per week),0.0,153
15945,2020-06-23,Northern Territory,Slope of power-law,0.0,153
15946,2020-06-23,Northern Territory,Acceleration of power-law,0.0,153
15947,2020-06-23,Northern Territory,Growth Rate,0.0,153
15948,2020-06-23,Northern Territory,Days since first case,153.0,153
15949,2020-06-23,Northern Territory,Average Growth Rate,inf,153
15950,2020-06-23,Northern Territory,Doubling time,inf,153
15951,2020-06-23,Queensland,Total cases,1066.0,153
15952,2020-06-23,Queensland,Total cases per million,210.21494774206272,153
15953,2020-06-23,Queensland,New cases,0.0,153
15954,2020-06-23,Queensland,css_per_prsn,0.0,153
15955,2020-06-23,Queensland,New cases per week,0.0,153
15956,2020-06-23,Queensland,log10(Total cases),3.0277572046905536,153
15957,2020-06-23,Queensland,log10(New cases per week),0.0,153
15958,2020-06-23,Queensland,Slope of power-law,-1477.096533349132,153
15959,2020-06-23,Queensland,Acceleration of power-law,0.0,153
15960,2020-06-23,Queensland,Growth Rate,0.0,153
15961,2020-06-23,Queensland,Days since first case,153.0,153
15962,2020-06-23,Queensland,Average Growth Rate,92.35319665703155,153
15963,2020-06-23,Queensland,Doubling time,14130.039088525826,153
15964,2020-06-23,South Australia,Total cases,440.0,153
15965,2020-06-23,South Australia,Total cases per million,262.3732856290996,153
15966,2020-06-23,South Australia,New cases,0.0,153
15967,2020-06-23,South Australia,css_per_prsn,0.0,153
15968,2020-06-23,South Australia,New cases per week,0.0,153
15969,2020-06-23,South Australia,log10(Total cases),2.6434526764861874,153
15970,2020-06-23,South Australia,log10(New cases per week),0.0,153
15971,2020-06-23,South Australia,Slope of power-law,0.0,153
15972,2020-06-23,South Australia,Acceleration of power-law,0.0,153
15973,2020-06-23,South Australia,Growth Rate,0.0,153
15974,2020-06-23,South Australia,Days since first case,153.0,153
15975,2020-06-23,South Australia,Average Growth Rate,134699347748982.94,153
15976,2020-06-23,South Australia,Doubling time,2.0609000205594388e+16,153
15977,2020-06-23,Tasmania,Total cases,228.0,153
15978,2020-06-23,Tasmania,Total cases per million,442.71844660194176,153
15979,2020-06-23,Tasmania,New cases,0.0,153
15980,2020-06-23,Tasmania,css_per_prsn,0.0,153
15981,2020-06-23,Tasmania,New cases per week,0.0,153
15982,2020-06-23,Tasmania,log10(Total cases),2.357934847000454,153
15983,2020-06-23,Tasmania,log10(New cases per week),0.0,153
15984,2020-06-23,Tasmania,Slope of power-law,0.0,153
15985,2020-06-23,Tasmania,Acceleration of power-law,0.0,153
15986,2020-06-23,Tasmania,Growth Rate,0.0,153
15987,2020-06-23,Tasmania,Days since first case,153.0,153
15988,2020-06-23,Tasmania,Average Growth Rate,816119577537955.4,153
15989,2020-06-23,Tasmania,Doubling time,1.2486629536330717e+17,153
15990,2020-06-23,Victoria,Total cases,1884.0,153
15991,2020-06-23,Victoria,Total cases per million,296.272998899198,153
15992,2020-06-23,Victoria,New cases,20.0,153
15993,2020-06-23,Victoria,css_per_prsn,3.145148608271741,153
15994,2020-06-23,Victoria,New cases per week,122.0,153
15995,2020-06-23,Victoria,log10(Total cases),3.2750808984568587,153
15996,2020-06-23,Victoria,log10(New cases per week),2.0863598306747484,153
15997,2020-06-23,Victoria,Slope of power-law,13.710699718534475,153
15998,2020-06-23,Victoria,Acceleration of power-law,-1152.6529977539597,153
15999,2020-06-23,Victoria,Growth Rate,0.997506234413965,153
16000,2020-06-23,Victoria,Days since first case,153.0,153
16001,2020-06-23,Victoria,Average Growth Rate,0.7544566209831913,153
16002,2020-06-23,Victoria,Doubling time,115.43186301042827,153
16003,2020-06-23,Western Australia,Total cases,607.0,153
16004,2020-06-23,Western Australia,Total cases per million,234.45345693317884,153
16005,2020-06-23,Western Australia,New cases,0.0,153
16006,2020-06-23,Western Australia,css_per_prsn,0.0,153
16007,2020-06-23,Western Australia,New cases per week,5.0,153
16008,2020-06-23,Western Australia,log10(Total cases),2.7831886910752575,153
16009,2020-06-23,Western Australia,log10(New cases per week),0.6989700043360189,153
16010,2020-06-23,Western Australia,Slope of power-law,61.75846581242945,153
16011,2020-06-23,Western Australia,Acceleration of power-law,inf,153
16012,2020-06-23,Western Australia,Growth Rate,0.13210039630118892,153
16013,2020-06-23,Western Australia,Days since first case,153.0,153
16014,2020-06-23,Western Australia,Average Growth Rate,6.54521505114714,153
16015,2020-06-23,Western Australia,Doubling time,1001.4179028255123,153
16016,2020-06-24,Australian Capital Territory,Total cases,108.0,154
16017,2020-06-24,Australian Capital Territory,Total cases per million,284.2105263157895,154
16018,2020-06-24,Australian Capital Territory,New cases,0.0,154
16019,2020-06-24,Australian Capital Territory,css_per_prsn,0.0,154
16020,2020-06-24,Australian Capital Territory,New cases per week,0.0,154
16021,2020-06-24,Australian Capital Territory,log10(Total cases),2.03342375548695,154
16022,2020-06-24,Australian Capital Territory,log10(New cases per week),0.0,154
16023,2020-06-24,Australian Capital Territory,Slope of power-law,0.0,154
16024,2020-06-24,Australian Capital Territory,Acceleration of power-law,0.0,154
16025,2020-06-24,Australian Capital Territory,Growth Rate,0.0,154
16026,2020-06-24,Australian Capital Territory,Days since first case,154.0,154
16027,2020-06-24,Australian Capital Territory,Average Growth Rate,inf,154
16028,2020-06-24,Australian Capital Territory,Doubling time,inf,154
16029,2020-06-24,New South Wales,Total cases,3162.0,154
16030,2020-06-24,New South Wales,Total cases per million,419.14103923647934,154
16031,2020-06-24,New South Wales,New cases,3.0,154
16032,2020-06-24,New South Wales,css_per_prsn,0.3976670201484624,154
16033,2020-06-24,New South Wales,New cases per week,25.0,154
16034,2020-06-24,New South Wales,log10(Total cases),3.49996186559619,154
16035,2020-06-24,New South Wales,log10(New cases per week),1.3979400086720377,154
16036,2020-06-24,New South Wales,Slope of power-law,27.85511451966401,154
16037,2020-06-24,New South Wales,Acceleration of power-law,10105.788186837995,154
16038,2020-06-24,New South Wales,Growth Rate,0.11413353623739776,154
16039,2020-06-24,New South Wales,Days since first case,154.0,154
16040,2020-06-24,New South Wales,Average Growth Rate,6.993611731788697,154
16041,2020-06-24,New South Wales,Doubling time,1077.0162066954592,154
16042,2020-06-24,Northern Territory,Total cases,29.0,154
16043,2020-06-24,Northern Territory,Total cases per million,118.70650839132215,154
16044,2020-06-24,Northern Territory,New cases,0.0,154
16045,2020-06-24,Northern Territory,css_per_prsn,0.0,154
16046,2020-06-24,Northern Territory,New cases per week,0.0,154
16047,2020-06-24,Northern Territory,log10(Total cases),1.462397997898956,154
16048,2020-06-24,Northern Territory,log10(New cases per week),0.0,154
16049,2020-06-24,Northern Territory,Slope of power-law,0.0,154
16050,2020-06-24,Northern Territory,Acceleration of power-law,0.0,154
16051,2020-06-24,Northern Territory,Growth Rate,0.0,154
16052,2020-06-24,Northern Territory,Days since first case,154.0,154
16053,2020-06-24,Northern Territory,Average Growth Rate,inf,154
16054,2020-06-24,Northern Territory,Doubling time,inf,154
16055,2020-06-24,Queensland,Total cases,1066.0,154
16056,2020-06-24,Queensland,Total cases per million,210.21494774206272,154
16057,2020-06-24,Queensland,New cases,0.0,154
16058,2020-06-24,Queensland,css_per_prsn,0.0,154
16059,2020-06-24,Queensland,New cases per week,0.0,154
16060,2020-06-24,Queensland,log10(Total cases),3.0277572046905536,154
16061,2020-06-24,Queensland,log10(New cases per week),0.0,154
16062,2020-06-24,Queensland,Slope of power-law,-1170.5713076517955,154
16063,2020-06-24,Queensland,Acceleration of power-law,inf,154
16064,2020-06-24,Queensland,Growth Rate,0.0,154
16065,2020-06-24,Queensland,Days since first case,154.0,154
16066,2020-06-24,Queensland,Average Growth Rate,184.72372361939324,154
16067,2020-06-24,Queensland,Doubling time,28447.45343738656,154
16068,2020-06-24,South Australia,Total cases,440.0,154
16069,2020-06-24,South Australia,Total cases per million,262.3732856290996,154
16070,2020-06-24,South Australia,New cases,0.0,154
16071,2020-06-24,South Australia,css_per_prsn,0.0,154
16072,2020-06-24,South Australia,New cases per week,0.0,154
16073,2020-06-24,South Australia,log10(Total cases),2.6434526764861874,154
16074,2020-06-24,South Australia,log10(New cases per week),0.0,154
16075,2020-06-24,South Australia,Slope of power-law,0.0,154
16076,2020-06-24,South Australia,Acceleration of power-law,0.0,154
16077,2020-06-24,South Australia,Growth Rate,0.0,154
16078,2020-06-24,South Australia,Days since first case,154.0,154
16079,2020-06-24,South Australia,Average Growth Rate,134699347748982.94,154
16080,2020-06-24,South Australia,Doubling time,2.0743699553343372e+16,154
16081,2020-06-24,Tasmania,Total cases,228.0,154
16082,2020-06-24,Tasmania,Total cases per million,442.71844660194176,154
16083,2020-06-24,Tasmania,New cases,0.0,154
16084,2020-06-24,Tasmania,css_per_prsn,0.0,154
16085,2020-06-24,Tasmania,New cases per week,0.0,154
16086,2020-06-24,Tasmania,log10(Total cases),2.357934847000454,154
16087,2020-06-24,Tasmania,log10(New cases per week),0.0,154
16088,2020-06-24,Tasmania,Slope of power-law,0.0,154
16089,2020-06-24,Tasmania,Acceleration of power-law,0.0,154
16090,2020-06-24,Tasmania,Growth Rate,0.0,154
16091,2020-06-24,Tasmania,Days since first case,154.0,154
16092,2020-06-24,Tasmania,Average Growth Rate,816119577537955.4,154
16093,2020-06-24,Tasmania,Doubling time,1.2568241494084512e+17,154
16094,2020-06-24,Victoria,Total cases,1917.0,154
16095,2020-06-24,Victoria,Total cases per million,301.46249410284634,154
16096,2020-06-24,Victoria,New cases,33.0,154
16097,2020-06-24,Victoria,css_per_prsn,5.189495203648373,154
16098,2020-06-24,Victoria,New cases per week,137.0,154
16099,2020-06-24,Victoria,log10(Total cases),3.2826221128780624,154
16100,2020-06-24,Victoria,log10(New cases per week),2.1367205671564067,154
16101,2020-06-24,Victoria,Slope of power-law,10.970313175621829,154
16102,2020-06-24,Victoria,Acceleration of power-law,-363.38796244905535,154
16103,2020-06-24,Victoria,Growth Rate,1.3371844244758238,154
16104,2020-06-24,Victoria,Days since first case,154.0,154
16105,2020-06-24,Victoria,Average Growth Rate,0.659612115217809,154
16106,2020-06-24,Victoria,Doubling time,101.5802657435426,154
16107,2020-06-24,Western Australia,Total cases,608.0,154
16108,2020-06-24,Western Australia,Total cases per million,234.83970645036695,154
16109,2020-06-24,Western Australia,New cases,1.0,154
16110,2020-06-24,Western Australia,css_per_prsn,0.3862495171881035,154
16111,2020-06-24,Western Australia,New cases per week,5.0,154
16112,2020-06-24,Western Australia,log10(Total cases),2.783903579272735,154
16113,2020-06-24,Western Australia,log10(New cases per week),0.6989700043360189,154
16114,2020-06-24,Western Australia,Slope of power-law,51.507828223694496,154
16115,2020-06-24,Western Australia,Acceleration of power-law,-14338.798185369593,154
16116,2020-06-24,Western Australia,Growth Rate,0.1319261213720317,154
16117,2020-06-24,Western Australia,Days since first case,154.0,154
16118,2020-06-24,Western Australia,Average Growth Rate,5.824023051977136,154
16119,2020-06-24,Western Australia,Doubling time,896.8995500044789,154
16120,2020-06-25,Australian Capital Territory,Total cases,108.0,155
16121,2020-06-25,Australian Capital Territory,Total cases per million,284.2105263157895,155
16122,2020-06-25,Australian Capital Territory,New cases,0.0,155
16123,2020-06-25,Australian Capital Territory,css_per_prsn,0.0,155
16124,2020-06-25,Australian Capital Territory,New cases per week,0.0,155
16125,2020-06-25,Australian Capital Territory,log10(Total cases),2.03342375548695,155
16126,2020-06-25,Australian Capital Territory,log10(New cases per week),0.0,155
16127,2020-06-25,Australian Capital Territory,Slope of power-law,0.0,155
16128,2020-06-25,Australian Capital Territory,Acceleration of power-law,0.0,155
16129,2020-06-25,Australian Capital Territory,Growth Rate,0.0,155
16130,2020-06-25,Australian Capital Territory,Days since first case,155.0,155
16131,2020-06-25,Australian Capital Territory,Average Growth Rate,inf,155
16132,2020-06-25,Australian Capital Territory,Doubling time,inf,155
16133,2020-06-25,New South Wales,Total cases,3168.0,155
16134,2020-06-25,New South Wales,Total cases per million,419.9363732767763,155
16135,2020-06-25,New South Wales,New cases,6.0,155
16136,2020-06-25,New South Wales,css_per_prsn,0.7953340402969248,155
16137,2020-06-25,New South Wales,New cases per week,25.0,155
16138,2020-06-25,New South Wales,log10(Total cases),3.500785172917456,155
16139,2020-06-25,New South Wales,log10(New cases per week),1.3979400086720377,155
16140,2020-06-25,New South Wales,Slope of power-law,20.679956121334023,155
16141,2020-06-25,New South Wales,Acceleration of power-law,-8715.042625029253,155
16142,2020-06-25,New South Wales,Growth Rate,0.12032932235592146,155
16143,2020-06-25,New South Wales,Days since first case,155.0,155
16144,2020-06-25,New South Wales,Average Growth Rate,6.6598311549711315,155
16145,2020-06-25,New South Wales,Doubling time,1032.2738290205255,155
16146,2020-06-25,Northern Territory,Total cases,29.0,155
16147,2020-06-25,Northern Territory,Total cases per million,118.70650839132215,155
16148,2020-06-25,Northern Territory,New cases,0.0,155
16149,2020-06-25,Northern Territory,css_per_prsn,0.0,155
16150,2020-06-25,Northern Territory,New cases per week,0.0,155
16151,2020-06-25,Northern Territory,log10(Total cases),1.462397997898956,155
16152,2020-06-25,Northern Territory,log10(New cases per week),0.0,155
16153,2020-06-25,Northern Territory,Slope of power-law,0.0,155
16154,2020-06-25,Northern Territory,Acceleration of power-law,0.0,155
16155,2020-06-25,Northern Territory,Growth Rate,0.0,155
16156,2020-06-25,Northern Territory,Days since first case,155.0,155
16157,2020-06-25,Northern Territory,Average Growth Rate,inf,155
16158,2020-06-25,Northern Territory,Doubling time,inf,155
16159,2020-06-25,Queensland,Total cases,1067.0,155
16160,2020-06-25,Queensland,Total cases per million,210.412147505423,155
16161,2020-06-25,Queensland,New cases,1.0,155
16162,2020-06-25,Queensland,css_per_prsn,0.19719976336028397,155
16163,2020-06-25,Queensland,New cases per week,1.0,155
16164,2020-06-25,Queensland,log10(Total cases),3.0281644194244697,155
16165,2020-06-25,Queensland,log10(New cases per week),0.0,155
16166,2020-06-25,Queensland,Slope of power-law,-585.560178094578,155
16167,2020-06-25,Queensland,Acceleration of power-law,1436615.821660944,155
16168,2020-06-25,Queensland,Growth Rate,0.018758206715438003,155
16169,2020-06-25,Queensland,Days since first case,155.0,155
16170,2020-06-25,Queensland,Average Growth Rate,184.75838097842131,155
16171,2020-06-25,Queensland,Doubling time,28637.549051655304,155
16172,2020-06-25,South Australia,Total cases,440.0,155
16173,2020-06-25,South Australia,Total cases per million,262.3732856290996,155
16174,2020-06-25,South Australia,New cases,0.0,155
16175,2020-06-25,South Australia,css_per_prsn,0.0,155
16176,2020-06-25,South Australia,New cases per week,0.0,155
16177,2020-06-25,South Australia,log10(Total cases),2.6434526764861874,155
16178,2020-06-25,South Australia,log10(New cases per week),0.0,155
16179,2020-06-25,South Australia,Slope of power-law,0.0,155
16180,2020-06-25,South Australia,Acceleration of power-law,0.0,155
16181,2020-06-25,South Australia,Growth Rate,0.0,155
16182,2020-06-25,South Australia,Days since first case,155.0,155
16183,2020-06-25,South Australia,Average Growth Rate,134699347748982.94,155
16184,2020-06-25,South Australia,Doubling time,2.0878398901092356e+16,155
16185,2020-06-25,Tasmania,Total cases,228.0,155
16186,2020-06-25,Tasmania,Total cases per million,442.71844660194176,155
16187,2020-06-25,Tasmania,New cases,0.0,155
16188,2020-06-25,Tasmania,css_per_prsn,0.0,155
16189,2020-06-25,Tasmania,New cases per week,0.0,155
16190,2020-06-25,Tasmania,log10(Total cases),2.357934847000454,155
16191,2020-06-25,Tasmania,log10(New cases per week),0.0,155
16192,2020-06-25,Tasmania,Slope of power-law,0.0,155
16193,2020-06-25,Tasmania,Acceleration of power-law,0.0,155
16194,2020-06-25,Tasmania,Growth Rate,0.0,155
16195,2020-06-25,Tasmania,Days since first case,155.0,155
16196,2020-06-25,Tasmania,Average Growth Rate,816119577537955.4,155
16197,2020-06-25,Tasmania,Doubling time,1.2649853451838309e+17,155
16198,2020-06-25,Victoria,Total cases,1947.0,155
16199,2020-06-25,Victoria,Total cases per million,306.18021701525396,155
16200,2020-06-25,Victoria,New cases,30.0,155
16201,2020-06-25,Victoria,css_per_prsn,4.717722912407611,155
16202,2020-06-25,Victoria,New cases per week,155.0,155
16203,2020-06-25,Victoria,log10(Total cases),3.2893659515200318,155
16204,2020-06-25,Victoria,log10(New cases per week),2.1903316981702914,155
16205,2020-06-25,Victoria,Slope of power-law,9.428958703187535,155
16206,2020-06-25,Victoria,Acceleration of power-law,-228.5574365379805,155
16207,2020-06-25,Victoria,Growth Rate,1.1734855692990802,155
16208,2020-06-25,Victoria,Days since first case,155.0,155
16209,2020-06-25,Victoria,Average Growth Rate,0.6456701206604436,155
16210,2020-06-25,Victoria,Doubling time,100.07886870236875,155
16211,2020-06-25,Western Australia,Total cases,608.0,155
16212,2020-06-25,Western Australia,Total cases per million,234.83970645036695,155
16213,2020-06-25,Western Australia,New cases,0.0,155
16214,2020-06-25,Western Australia,css_per_prsn,0.0,155
16215,2020-06-25,Western Australia,New cases per week,5.0,155
16216,2020-06-25,Western Australia,log10(Total cases),2.783903579272735,155
16217,2020-06-25,Western Australia,log10(New cases per week),0.6989700043360189,155
16218,2020-06-25,Western Australia,Slope of power-law,51.507828223694496,155
16219,2020-06-25,Western Australia,Acceleration of power-law,0.0,155
16220,2020-06-25,Western Australia,Growth Rate,0.09884678747940692,155
16221,2020-06-25,Western Australia,Days since first case,155.0,155
16222,2020-06-25,Western Australia,Average Growth Rate,5.82980056685156,155
16223,2020-06-25,Western Australia,Doubling time,903.6190878619918,155
16224,2020-06-26,Australian Capital Territory,Total cases,108.0,156
16225,2020-06-26,Australian Capital Territory,Total cases per million,284.2105263157895,156
16226,2020-06-26,Australian Capital Territory,New cases,0.0,156
16227,2020-06-26,Australian Capital Territory,css_per_prsn,0.0,156
16228,2020-06-26,Australian Capital Territory,New cases per week,0.0,156
16229,2020-06-26,Australian Capital Territory,log10(Total cases),2.03342375548695,156
16230,2020-06-26,Australian Capital Territory,log10(New cases per week),0.0,156
16231,2020-06-26,Australian Capital Territory,Slope of power-law,0.0,156
16232,2020-06-26,Australian Capital Territory,Acceleration of power-law,0.0,156
16233,2020-06-26,Australian Capital Territory,Growth Rate,0.0,156
16234,2020-06-26,Australian Capital Territory,Days since first case,156.0,156
16235,2020-06-26,Australian Capital Territory,Average Growth Rate,inf,156
16236,2020-06-26,Australian Capital Territory,Doubling time,inf,156
16237,2020-06-26,New South Wales,Total cases,3174.0,156
16238,2020-06-26,New South Wales,Total cases per million,420.7317073170732,156
16239,2020-06-26,New South Wales,New cases,6.0,156
16240,2020-06-26,New South Wales,css_per_prsn,0.7953340402969248,156
16241,2020-06-26,New South Wales,New cases per week,30.0,156
16242,2020-06-26,New South Wales,log10(Total cases),3.5016069224188295,156
16243,2020-06-26,New South Wales,log10(New cases per week),1.4771212547196624,156
16244,2020-06-26,New South Wales,Slope of power-law,41.31740781108662,156
16245,2020-06-26,New South Wales,Acceleration of power-law,25114.042241895062,156
16246,2020-06-26,New South Wales,Growth Rate,0.145449946246759,156
16247,2020-06-26,New South Wales,Days since first case,156.0,156
16248,2020-06-26,New South Wales,Average Growth Rate,6.143956352163999,156
16249,2020-06-26,New South Wales,Doubling time,958.4571909375837,156
16250,2020-06-26,Northern Territory,Total cases,29.0,156
16251,2020-06-26,Northern Territory,Total cases per million,118.70650839132215,156
16252,2020-06-26,Northern Territory,New cases,0.0,156
16253,2020-06-26,Northern Territory,css_per_prsn,0.0,156
16254,2020-06-26,Northern Territory,New cases per week,0.0,156
16255,2020-06-26,Northern Territory,log10(Total cases),1.462397997898956,156
16256,2020-06-26,Northern Territory,log10(New cases per week),0.0,156
16257,2020-06-26,Northern Territory,Slope of power-law,0.0,156
16258,2020-06-26,Northern Territory,Acceleration of power-law,0.0,156
16259,2020-06-26,Northern Territory,Growth Rate,0.0,156
16260,2020-06-26,Northern Territory,Days since first case,156.0,156
16261,2020-06-26,Northern Territory,Average Growth Rate,inf,156
16262,2020-06-26,Northern Territory,Doubling time,inf,156
16263,2020-06-26,Queensland,Total cases,1067.0,156
16264,2020-06-26,Queensland,Total cases per million,210.412147505423,156
16265,2020-06-26,Queensland,New cases,0.0,156
16266,2020-06-26,Queensland,css_per_prsn,0.0,156
16267,2020-06-26,Queensland,New cases per week,1.0,156
16268,2020-06-26,Queensland,log10(Total cases),3.0281644194244697,156
16269,2020-06-26,Queensland,log10(New cases per week),0.0,156
16270,2020-06-26,Queensland,Slope of power-law,-1478.482827814657,156
16271,2020-06-26,Queensland,Acceleration of power-law,-inf,156
16272,2020-06-26,Queensland,Growth Rate,0.018754688672168042,156
16273,2020-06-26,Queensland,Days since first case,156.0,156
16274,2020-06-26,Queensland,Average Growth Rate,92.38785401636451,156
16275,2020-06-26,Queensland,Doubling time,14412.505226552865,156
16276,2020-06-26,South Australia,Total cases,440.0,156
16277,2020-06-26,South Australia,Total cases per million,262.3732856290996,156
16278,2020-06-26,South Australia,New cases,0.0,156
16279,2020-06-26,South Australia,css_per_prsn,0.0,156
16280,2020-06-26,South Australia,New cases per week,0.0,156
16281,2020-06-26,South Australia,log10(Total cases),2.6434526764861874,156
16282,2020-06-26,South Australia,log10(New cases per week),0.0,156
16283,2020-06-26,South Australia,Slope of power-law,0.0,156
16284,2020-06-26,South Australia,Acceleration of power-law,0.0,156
16285,2020-06-26,South Australia,Growth Rate,0.0,156
16286,2020-06-26,South Australia,Days since first case,156.0,156
16287,2020-06-26,South Australia,Average Growth Rate,134699347748982.94,156
16288,2020-06-26,South Australia,Doubling time,2.101309824884134e+16,156
16289,2020-06-26,Tasmania,Total cases,228.0,156
16290,2020-06-26,Tasmania,Total cases per million,442.71844660194176,156
16291,2020-06-26,Tasmania,New cases,0.0,156
16292,2020-06-26,Tasmania,css_per_prsn,0.0,156
16293,2020-06-26,Tasmania,New cases per week,0.0,156
16294,2020-06-26,Tasmania,log10(Total cases),2.357934847000454,156
16295,2020-06-26,Tasmania,log10(New cases per week),0.0,156
16296,2020-06-26,Tasmania,Slope of power-law,0.0,156
16297,2020-06-26,Tasmania,Acceleration of power-law,0.0,156
16298,2020-06-26,Tasmania,Growth Rate,0.0,156
16299,2020-06-26,Tasmania,Days since first case,156.0,156
16300,2020-06-26,Tasmania,Average Growth Rate,816119577537955.4,156
16301,2020-06-26,Tasmania,Doubling time,1.2731465409592104e+17,156
16302,2020-06-26,Victoria,Total cases,1947.0,156
16303,2020-06-26,Victoria,Total cases per million,306.18021701525396,156
16304,2020-06-26,Victoria,New cases,0.0,156
16305,2020-06-26,Victoria,css_per_prsn,0.0,156
16306,2020-06-26,Victoria,New cases per week,155.0,156
16307,2020-06-26,Victoria,log10(Total cases),3.2893659515200318,156
16308,2020-06-26,Victoria,log10(New cases per week),2.1903316981702914,156
16309,2020-06-26,Victoria,Slope of power-law,7.819948764795782,156
16310,2020-06-26,Victoria,Acceleration of power-law,-inf,156
16311,2020-06-26,Victoria,Growth Rate,1.046134532900931,156
16312,2020-06-26,Victoria,Days since first case,156.0,156
16313,2020-06-26,Victoria,Average Growth Rate,0.6330974086466747,156
16314,2020-06-26,Victoria,Doubling time,98.76319574888126,156
16315,2020-06-26,Western Australia,Total cases,608.0,156
16316,2020-06-26,Western Australia,Total cases per million,234.83970645036695,156
16317,2020-06-26,Western Australia,New cases,0.0,156
16318,2020-06-26,Western Australia,css_per_prsn,0.0,156
16319,2020-06-26,Western Australia,New cases per week,4.0,156
16320,2020-06-26,Western Australia,log10(Total cases),2.783903579272735,156
16321,2020-06-26,Western Australia,log10(New cases per week),0.6020599913279624,156
16322,2020-06-26,Western Australia,Slope of power-law,29.007704550214257,156
16323,2020-06-26,Western Australia,Acceleration of power-law,-inf,156
16324,2020-06-26,Western Australia,Growth Rate,0.0987491770901909,156
16325,2020-06-26,Western Australia,Days since first case,156.0,156
16326,2020-06-26,Western Australia,Average Growth Rate,5.8355780829542905,156
16327,2020-06-26,Western Australia,Doubling time,910.3501809408693,156
16328,2020-06-27,Australian Capital Territory,Total cases,108.0,157
16329,2020-06-27,Australian Capital Territory,Total cases per million,284.2105263157895,157
16330,2020-06-27,Australian Capital Territory,New cases,0.0,157
16331,2020-06-27,Australian Capital Territory,css_per_prsn,0.0,157
16332,2020-06-27,Australian Capital Territory,New cases per week,0.0,157
16333,2020-06-27,Australian Capital Territory,log10(Total cases),2.03342375548695,157
16334,2020-06-27,Australian Capital Territory,log10(New cases per week),0.0,157
16335,2020-06-27,Australian Capital Territory,Slope of power-law,0.0,157
16336,2020-06-27,Australian Capital Territory,Acceleration of power-law,0.0,157
16337,2020-06-27,Australian Capital Territory,Growth Rate,0.0,157
16338,2020-06-27,Australian Capital Territory,Days since first case,157.0,157
16339,2020-06-27,Australian Capital Territory,Average Growth Rate,inf,157
16340,2020-06-27,Australian Capital Territory,Doubling time,inf,157
16341,2020-06-27,New South Wales,Total cases,3177.0,157
16342,2020-06-27,New South Wales,Total cases per million,421.12937433722163,157
16343,2020-06-27,New South Wales,New cases,3.0,157
16344,2020-06-27,New South Wales,css_per_prsn,0.3976670201484624,157
16345,2020-06-27,New South Wales,New cases per week,28.0,157
16346,2020-06-27,New South Wales,log10(Total cases),3.5020172148271476,157
16347,2020-06-27,New South Wales,log10(New cases per week),1.4471580313422192,157
16348,2020-06-27,New South Wales,Slope of power-law,26.55571600572936,157
16349,2020-06-27,New South Wales,Acceleration of power-law,-35978.46683508512,157
16350,2020-06-27,New South Wales,Growth Rate,0.17045454545454547,157
16351,2020-06-27,New South Wales,Days since first case,157.0,157
16352,2020-06-27,New South Wales,Average Growth Rate,5.316073348083213,157
16353,2020-06-27,New South Wales,Doubling time,834.6235156490644,157
16354,2020-06-27,Northern Territory,Total cases,29.0,157
16355,2020-06-27,Northern Territory,Total cases per million,118.70650839132215,157
16356,2020-06-27,Northern Territory,New cases,0.0,157
16357,2020-06-27,Northern Territory,css_per_prsn,0.0,157
16358,2020-06-27,Northern Territory,New cases per week,0.0,157
16359,2020-06-27,Northern Territory,log10(Total cases),1.462397997898956,157
16360,2020-06-27,Northern Territory,log10(New cases per week),0.0,157
16361,2020-06-27,Northern Territory,Slope of power-law,0.0,157
16362,2020-06-27,Northern Territory,Acceleration of power-law,0.0,157
16363,2020-06-27,Northern Territory,Growth Rate,0.0,157
16364,2020-06-27,Northern Territory,Days since first case,157.0,157
16365,2020-06-27,Northern Territory,Average Growth Rate,inf,157
16366,2020-06-27,Northern Territory,Doubling time,inf,157
16367,2020-06-27,Queensland,Total cases,1067.0,157
16368,2020-06-27,Queensland,Total cases per million,210.412147505423,157
16369,2020-06-27,Queensland,New cases,0.0,157
16370,2020-06-27,Queensland,css_per_prsn,0.0,157
16371,2020-06-27,Queensland,New cases per week,1.0,157
16372,2020-06-27,Queensland,log10(Total cases),3.0281644194244697,157
16373,2020-06-27,Queensland,log10(New cases per week),0.0,157
16374,2020-06-27,Queensland,Slope of power-law,-1171.6699200232026,157
16375,2020-06-27,Queensland,Acceleration of power-law,inf,157
16376,2020-06-27,Queensland,Growth Rate,0.018751171948246766,157
16377,2020-06-27,Queensland,Days since first case,157.0,157
16378,2020-06-27,Queensland,Average Growth Rate,61.59767800136139,157
16379,2020-06-27,Queensland,Doubling time,9670.835446213738,157
16380,2020-06-27,South Australia,Total cases,440.0,157
16381,2020-06-27,South Australia,Total cases per million,262.3732856290996,157
16382,2020-06-27,South Australia,New cases,0.0,157
16383,2020-06-27,South Australia,css_per_prsn,0.0,157
16384,2020-06-27,South Australia,New cases per week,0.0,157
16385,2020-06-27,South Australia,log10(Total cases),2.6434526764861874,157
16386,2020-06-27,South Australia,log10(New cases per week),0.0,157
16387,2020-06-27,South Australia,Slope of power-law,0.0,157
16388,2020-06-27,South Australia,Acceleration of power-law,0.0,157
16389,2020-06-27,South Australia,Growth Rate,0.0,157
16390,2020-06-27,South Australia,Days since first case,157.0,157
16391,2020-06-27,South Australia,Average Growth Rate,134699347748982.94,157
16392,2020-06-27,South Australia,Doubling time,2.114779759659032e+16,157
16393,2020-06-27,Tasmania,Total cases,228.0,157
16394,2020-06-27,Tasmania,Total cases per million,442.71844660194176,157
16395,2020-06-27,Tasmania,New cases,0.0,157
16396,2020-06-27,Tasmania,css_per_prsn,0.0,157
16397,2020-06-27,Tasmania,New cases per week,0.0,157
16398,2020-06-27,Tasmania,log10(Total cases),2.357934847000454,157
16399,2020-06-27,Tasmania,log10(New cases per week),0.0,157
16400,2020-06-27,Tasmania,Slope of power-law,0.0,157
16401,2020-06-27,Tasmania,Acceleration of power-law,0.0,157
16402,2020-06-27,Tasmania,Growth Rate,0.0,157
16403,2020-06-27,Tasmania,Days since first case,157.0,157
16404,2020-06-27,Tasmania,Average Growth Rate,816119577537955.4,157
16405,2020-06-27,Tasmania,Doubling time,1.2813077367345899e+17,157
16406,2020-06-27,Victoria,Total cases,2028.0,157
16407,2020-06-27,Victoria,Total cases per million,318.9180688787545,157
16408,2020-06-27,Victoria,New cases,81.0,157
16409,2020-06-27,Victoria,css_per_prsn,12.73785186350055,157
16410,2020-06-27,Victoria,New cases per week,192.0,157
16411,2020-06-27,Victoria,log10(Total cases),3.3070679506612985,157
16412,2020-06-27,Victoria,log10(New cases per week),2.2833012287035497,157
16413,2020-06-27,Victoria,Slope of power-law,6.61658931570097,157
16414,2020-06-27,Victoria,Acceleration of power-law,-67.97873163882083,157
16415,2020-06-27,Victoria,Growth Rate,1.6867222050807362,157
16416,2020-06-27,Victoria,Days since first case,157.0,157
16417,2020-06-27,Victoria,Average Growth Rate,0.5553144682275646,157
16418,2020-06-27,Victoria,Doubling time,87.18437151172763,157
16419,2020-06-27,Western Australia,Total cases,609.0,157
16420,2020-06-27,Western Australia,Total cases per million,235.22595596755505,157
16421,2020-06-27,Western Australia,New cases,1.0,157
16422,2020-06-27,Western Australia,css_per_prsn,0.3862495171881035,157
16423,2020-06-27,Western Australia,New cases per week,4.0,157
16424,2020-06-27,Western Australia,log10(Total cases),2.784617292632875,157
16425,2020-06-27,Western Australia,log10(New cases per week),0.6020599913279624,157
16426,2020-06-27,Western Australia,Slope of power-law,70.00729332920405,157
16427,2020-06-27,Western Australia,Acceleration of power-law,57445.455092707656,157
16428,2020-06-27,Western Australia,Growth Rate,0.06578947368421052,157
16429,2020-06-27,Western Australia,Days since first case,157.0,157
16430,2020-06-27,Western Australia,Average Growth Rate,6.57121224472072,157
16431,2020-06-27,Western Australia,Doubling time,1031.680322421153,157
16432,2020-06-28,Australian Capital Territory,Total cases,108.0,158
16433,2020-06-28,Australian Capital Territory,Total cases per million,284.2105263157895,158
16434,2020-06-28,Australian Capital Territory,New cases,0.0,158
16435,2020-06-28,Australian Capital Territory,css_per_prsn,0.0,158
16436,2020-06-28,Australian Capital Territory,New cases per week,0.0,158
16437,2020-06-28,Australian Capital Territory,log10(Total cases),2.03342375548695,158
16438,2020-06-28,Australian Capital Territory,log10(New cases per week),0.0,158
16439,2020-06-28,Australian Capital Territory,Slope of power-law,0.0,158
16440,2020-06-28,Australian Capital Territory,Acceleration of power-law,0.0,158
16441,2020-06-28,Australian Capital Territory,Growth Rate,0.0,158
16442,2020-06-28,Australian Capital Territory,Days since first case,158.0,158
16443,2020-06-28,Australian Capital Territory,Average Growth Rate,inf,158
16444,2020-06-28,Australian Capital Territory,Doubling time,inf,158
16445,2020-06-28,New South Wales,Total cases,3184.0,158
16446,2020-06-28,New South Wales,Total cases per million,422.0572640509014,158
16447,2020-06-28,New South Wales,New cases,7.0,158
16448,2020-06-28,New South Wales,css_per_prsn,0.9278897136797456,158
16449,2020-06-28,New South Wales,New cases per week,33.0,158
16450,2020-06-28,New South Wales,log10(Total cases),3.5029730590656314,158
16451,2020-06-28,New South Wales,log10(New cases per week),1.5185139398778875,158
16452,2020-06-28,New South Wales,Slope of power-law,12.677205540361879,158
16453,2020-06-28,New South Wales,Acceleration of power-law,-14519.636052189588,158
16454,2020-06-28,New South Wales,Growth Rate,0.15757957768673178,158
16455,2020-06-28,New South Wales,Days since first case,158.0,158
16456,2020-06-28,New South Wales,Average Growth Rate,4.8954741744299595,158
16457,2020-06-28,New South Wales,Doubling time,773.4849195599336,158
16458,2020-06-28,Northern Territory,Total cases,29.0,158
16459,2020-06-28,Northern Territory,Total cases per million,118.70650839132215,158
16460,2020-06-28,Northern Territory,New cases,0.0,158
16461,2020-06-28,Northern Territory,css_per_prsn,0.0,158
16462,2020-06-28,Northern Territory,New cases per week,0.0,158
16463,2020-06-28,Northern Territory,log10(Total cases),1.462397997898956,158
16464,2020-06-28,Northern Territory,log10(New cases per week),0.0,158
16465,2020-06-28,Northern Territory,Slope of power-law,0.0,158
16466,2020-06-28,Northern Territory,Acceleration of power-law,0.0,158
16467,2020-06-28,Northern Territory,Growth Rate,0.0,158
16468,2020-06-28,Northern Territory,Days since first case,158.0,158
16469,2020-06-28,Northern Territory,Average Growth Rate,inf,158
16470,2020-06-28,Northern Territory,Doubling time,inf,158
16471,2020-06-28,Queensland,Total cases,1067.0,158
16472,2020-06-28,Queensland,Total cases per million,210.412147505423,158
16473,2020-06-28,Queensland,New cases,0.0,158
16474,2020-06-28,Queensland,css_per_prsn,0.0,158
16475,2020-06-28,Queensland,New cases per week,1.0,158
16476,2020-06-28,Queensland,log10(Total cases),3.0281644194244697,158
16477,2020-06-28,Queensland,log10(New cases per week),0.0,158
16478,2020-06-28,Queensland,Slope of power-law,-739.2414139073285,158
16479,2020-06-28,Queensland,Acceleration of power-law,inf,158
16480,2020-06-28,Queensland,Growth Rate,0.018747656542932135,158
16481,2020-06-28,Queensland,Days since first case,158.0,158
16482,2020-06-28,Queensland,Average Growth Rate,46.20258972318732,158
16483,2020-06-28,Queensland,Doubling time,7300.009176263597,158
16484,2020-06-28,South Australia,Total cases,440.0,158
16485,2020-06-28,South Australia,Total cases per million,262.3732856290996,158
16486,2020-06-28,South Australia,New cases,0.0,158
16487,2020-06-28,South Australia,css_per_prsn,0.0,158
16488,2020-06-28,South Australia,New cases per week,0.0,158
16489,2020-06-28,South Australia,log10(Total cases),2.6434526764861874,158
16490,2020-06-28,South Australia,log10(New cases per week),0.0,158
16491,2020-06-28,South Australia,Slope of power-law,0.0,158
16492,2020-06-28,South Australia,Acceleration of power-law,0.0,158
16493,2020-06-28,South Australia,Growth Rate,0.0,158
16494,2020-06-28,South Australia,Days since first case,158.0,158
16495,2020-06-28,South Australia,Average Growth Rate,134699347748982.94,158
16496,2020-06-28,South Australia,Doubling time,2.1282496944339304e+16,158
16497,2020-06-28,Tasmania,Total cases,228.0,158
16498,2020-06-28,Tasmania,Total cases per million,442.71844660194176,158
16499,2020-06-28,Tasmania,New cases,0.0,158
16500,2020-06-28,Tasmania,css_per_prsn,0.0,158
16501,2020-06-28,Tasmania,New cases per week,0.0,158
16502,2020-06-28,Tasmania,log10(Total cases),2.357934847000454,158
16503,2020-06-28,Tasmania,log10(New cases per week),0.0,158
16504,2020-06-28,Tasmania,Slope of power-law,0.0,158
16505,2020-06-28,Tasmania,Acceleration of power-law,0.0,158
16506,2020-06-28,Tasmania,Growth Rate,0.0,158
16507,2020-06-28,Tasmania,Days since first case,158.0,158
16508,2020-06-28,Tasmania,Average Growth Rate,816119577537955.4,158
16509,2020-06-28,Tasmania,Doubling time,1.2894689325099694e+17,158
16510,2020-06-28,Victoria,Total cases,2099.0,158
16511,2020-06-28,Victoria,Total cases per million,330.0833464381192,158
16512,2020-06-28,Victoria,New cases,71.0,158
16513,2020-06-28,Victoria,css_per_prsn,11.16527755936468,158
16514,2020-06-28,Victoria,New cases per week,252.0,158
16515,2020-06-28,Victoria,log10(Total cases),3.3220124385824006,158
16516,2020-06-28,Victoria,log10(New cases per week),2.401400540781544,158
16517,2020-06-28,Victoria,Slope of power-law,6.581933227606275,158
16518,2020-06-28,Victoria,Acceleration of power-law,-2.318987995952599,158
16519,2020-06-28,Victoria,Growth Rate,2.163413161601932,158
16520,2020-06-28,Victoria,Days since first case,158.0,158
16521,2020-06-28,Victoria,Average Growth Rate,0.4679038783489089,158
16522,2020-06-28,Victoria,Doubling time,73.92881277912761,158
16523,2020-06-28,Western Australia,Total cases,609.0,158
16524,2020-06-28,Western Australia,Total cases per million,235.22595596755505,158
16525,2020-06-28,Western Australia,New cases,0.0,158
16526,2020-06-28,Western Australia,css_per_prsn,0.0,158
16527,2020-06-28,Western Australia,New cases per week,4.0,158
16528,2020-06-28,Western Australia,log10(Total cases),2.784617292632875,158
16529,2020-06-28,Western Australia,log10(New cases per week),0.6020599913279624,158
16530,2020-06-28,Western Australia,Slope of power-law,140.0145866584081,158
16531,2020-06-28,Western Australia,Acceleration of power-law,inf,158
16532,2020-06-28,Western Australia,Growth Rate,0.06574621959237344,158
16533,2020-06-28,Western Australia,Days since first case,158.0,158
16534,2020-06-28,Western Australia,Average Growth Rate,7.516923168884465,158
16535,2020-06-28,Western Australia,Doubling time,1187.6738606837455,158
16536,2020-06-29,Australian Capital Territory,Total cases,108.0,159
16537,2020-06-29,Australian Capital Territory,Total cases per million,284.2105263157895,159
16538,2020-06-29,Australian Capital Territory,New cases,0.0,159
16539,2020-06-29,Australian Capital Territory,css_per_prsn,0.0,159
16540,2020-06-29,Australian Capital Territory,New cases per week,0.0,159
16541,2020-06-29,Australian Capital Territory,log10(Total cases),2.03342375548695,159
16542,2020-06-29,Australian Capital Territory,log10(New cases per week),0.0,159
16543,2020-06-29,Australian Capital Territory,Slope of power-law,0.0,159
16544,2020-06-29,Australian Capital Territory,Acceleration of power-law,0.0,159
16545,2020-06-29,Australian Capital Territory,Growth Rate,0.0,159
16546,2020-06-29,Australian Capital Territory,Days since first case,159.0,159
16547,2020-06-29,Australian Capital Territory,Average Growth Rate,inf,159
16548,2020-06-29,Australian Capital Territory,Doubling time,inf,159
16549,2020-06-29,New South Wales,Total cases,3189.0,159
16550,2020-06-29,New South Wales,Total cases per million,422.7200424178155,159
16551,2020-06-29,New South Wales,New cases,5.0,159
16552,2020-06-29,New South Wales,css_per_prsn,0.662778366914104,159
16553,2020-06-29,New South Wales,New cases per week,39.0,159
16554,2020-06-29,New South Wales,log10(Total cases),3.5036545192429593,159
16555,2020-06-29,New South Wales,log10(New cases per week),1.591064607026499,159
16556,2020-06-29,New South Wales,Slope of power-law,31.290532319658148,159
16557,2020-06-29,New South Wales,Acceleration of power-law,27313.88773483473,159
16558,2020-06-29,New South Wales,Growth Rate,0.16989680342310598,159
16559,2020-06-29,New South Wales,Days since first case,159.0,159
16560,2020-06-29,New South Wales,Average Growth Rate,4.5380249271670525,159
16561,2020-06-29,New South Wales,Doubling time,721.5459634195613,159
16562,2020-06-29,Northern Territory,Total cases,29.0,159
16563,2020-06-29,Northern Territory,Total cases per million,118.70650839132215,159
16564,2020-06-29,Northern Territory,New cases,0.0,159
16565,2020-06-29,Northern Territory,css_per_prsn,0.0,159
16566,2020-06-29,Northern Territory,New cases per week,0.0,159
16567,2020-06-29,Northern Territory,log10(Total cases),1.462397997898956,159
16568,2020-06-29,Northern Territory,log10(New cases per week),0.0,159
16569,2020-06-29,Northern Territory,Slope of power-law,0.0,159
16570,2020-06-29,Northern Territory,Acceleration of power-law,0.0,159
16571,2020-06-29,Northern Territory,Growth Rate,0.0,159
16572,2020-06-29,Northern Territory,Days since first case,159.0,159
16573,2020-06-29,Northern Territory,Average Growth Rate,inf,159
16574,2020-06-29,Northern Territory,Doubling time,inf,159
16575,2020-06-29,Queensland,Total cases,1067.0,159
16576,2020-06-29,Queensland,Total cases per million,210.412147505423,159
16577,2020-06-29,Queensland,New cases,0.0,159
16578,2020-06-29,Queensland,css_per_prsn,0.0,159
16579,2020-06-29,Queensland,New cases per week,1.0,159
16580,2020-06-29,Queensland,log10(Total cases),3.0281644194244697,159
16581,2020-06-29,Queensland,log10(New cases per week),0.0,159
16582,2020-06-29,Queensland,Slope of power-law,0.0,159
16583,2020-06-29,Queensland,Acceleration of power-law,inf,159
16584,2020-06-29,Queensland,Growth Rate,0.018744142455482664,159
16585,2020-06-29,Queensland,Days since first case,159.0,159
16586,2020-06-29,Queensland,Average Growth Rate,36.96553653980408,159
16587,2020-06-29,Queensland,Doubling time,5877.520309828848,159
16588,2020-06-29,South Australia,Total cases,443.0,159
16589,2020-06-29,South Australia,Total cases per million,264.16219439475253,159
16590,2020-06-29,South Australia,New cases,3.0,159
16591,2020-06-29,South Australia,css_per_prsn,1.7889087656529516,159
16592,2020-06-29,South Australia,New cases per week,3.0,159
16593,2020-06-29,South Australia,log10(Total cases),2.6464037262230695,159
16594,2020-06-29,South Australia,log10(New cases per week),0.47712125471966244,159
16595,2020-06-29,South Australia,Slope of power-law,161.6784863896468,159
16596,2020-06-29,South Australia,Acceleration of power-law,0.0,159
16597,2020-06-29,South Australia,Growth Rate,0.13617793917385385,159
16598,2020-06-29,South Australia,Days since first case,159.0,159
16599,2020-06-29,South Australia,Average Growth Rate,25.450053979554514,159
16600,2020-06-29,South Australia,Doubling time,4046.5585827491677,159
16601,2020-06-29,Tasmania,Total cases,228.0,159
16602,2020-06-29,Tasmania,Total cases per million,442.71844660194176,159
16603,2020-06-29,Tasmania,New cases,0.0,159
16604,2020-06-29,Tasmania,css_per_prsn,0.0,159
16605,2020-06-29,Tasmania,New cases per week,0.0,159
16606,2020-06-29,Tasmania,log10(Total cases),2.357934847000454,159
16607,2020-06-29,Tasmania,log10(New cases per week),0.0,159
16608,2020-06-29,Tasmania,Slope of power-law,0.0,159
16609,2020-06-29,Tasmania,Acceleration of power-law,0.0,159
16610,2020-06-29,Tasmania,Growth Rate,0.0,159
16611,2020-06-29,Tasmania,Days since first case,159.0,159
16612,2020-06-29,Tasmania,Average Growth Rate,816119577537955.4,159
16613,2020-06-29,Tasmania,Doubling time,1.2976301282853491e+17,159
16614,2020-06-29,Victoria,Total cases,2159.0,159
16615,2020-06-29,Victoria,Total cases per million,339.5187922629344,159
16616,2020-06-29,Victoria,New cases,60.0,159
16617,2020-06-29,Victoria,css_per_prsn,9.435445824815222,159
16618,2020-06-29,Victoria,New cases per week,295.0,159
16619,2020-06-29,Victoria,log10(Total cases),3.334252642334231,159
16620,2020-06-29,Victoria,log10(New cases per week),2.469822015978163,159
16621,2020-06-29,Victoria,Slope of power-law,6.431864846418271,159
16622,2020-06-29,Victoria,Acceleration of power-law,-12.260284569655509,159
16623,2020-06-29,Victoria,Growth Rate,2.3772102161100195,159
16624,2020-06-29,Victoria,Days since first case,159.0,159
16625,2020-06-29,Victoria,Average Growth Rate,0.4102935932316028,159
16626,2020-06-29,Victoria,Doubling time,65.23668132382484,159
16627,2020-06-29,Western Australia,Total cases,611.0,159
16628,2020-06-29,Western Australia,Total cases per million,235.99845500193126,159
16629,2020-06-29,Western Australia,New cases,2.0,159
16630,2020-06-29,Western Australia,css_per_prsn,0.772499034376207,159
16631,2020-06-29,Western Australia,New cases per week,4.0,159
16632,2020-06-29,Western Australia,log10(Total cases),2.786041210242554,159
16633,2020-06-29,Western Australia,log10(New cases per week),0.6020599913279624,159
16634,2020-06-29,Western Australia,Slope of power-law,60.154607590709915,159
16635,2020-06-29,Western Australia,Acceleration of power-law,-56084.690943396105,159
16636,2020-06-29,Western Australia,Growth Rate,0.09852216748768472,159
16637,2020-06-29,Western Australia,Days since first case,159.0,159
16638,2020-06-29,Western Australia,Average Growth Rate,8.104068518723375,159
16639,2020-06-29,Western Australia,Doubling time,1288.5468944770166,159
16640,2020-06-30,Australian Capital Territory,Total cases,108.0,160
16641,2020-06-30,Australian Capital Territory,Total cases per million,284.2105263157895,160
16642,2020-06-30,Australian Capital Territory,New cases,0.0,160
16643,2020-06-30,Australian Capital Territory,css_per_prsn,0.0,160
16644,2020-06-30,Australian Capital Territory,New cases per week,0.0,160
16645,2020-06-30,Australian Capital Territory,log10(Total cases),2.03342375548695,160
16646,2020-06-30,Australian Capital Territory,log10(New cases per week),0.0,160
16647,2020-06-30,Australian Capital Territory,Slope of power-law,0.0,160
16648,2020-06-30,Australian Capital Territory,Acceleration of power-law,0.0,160
16649,2020-06-30,Australian Capital Territory,Growth Rate,0.0,160
16650,2020-06-30,Australian Capital Territory,Days since first case,160.0,160
16651,2020-06-30,Australian Capital Territory,Average Growth Rate,inf,160
16652,2020-06-30,Australian Capital Territory,Doubling time,inf,160
16653,2020-06-30,New South Wales,Total cases,3203.0,160
16654,2020-06-30,New South Wales,Total cases per million,424.57582184517497,160
16655,2020-06-30,New South Wales,New cases,14.0,160
16656,2020-06-30,New South Wales,css_per_prsn,1.8557794273594912,160
16657,2020-06-30,New South Wales,New cases per week,44.0,160
16658,2020-06-30,New South Wales,log10(Total cases),3.5055569386638217,160
16659,2020-06-30,New South Wales,log10(New cases per week),1.6434526764861874,160
16660,2020-06-30,New South Wales,Slope of power-law,43.50234113147206,160
16661,2020-06-30,New South Wales,Acceleration of power-law,6419.093853803548,160
16662,2020-06-30,New South Wales,Growth Rate,0.2197526213348402,160
16663,2020-06-30,New South Wales,Days since first case,160.0,160
16664,2020-06-30,New South Wales,Average Growth Rate,4.015295346902138,160
16665,2020-06-30,New South Wales,Doubling time,642.4472555043421,160
16666,2020-06-30,Northern Territory,Total cases,29.0,160
16667,2020-06-30,Northern Territory,Total cases per million,118.70650839132215,160
16668,2020-06-30,Northern Territory,New cases,0.0,160
16669,2020-06-30,Northern Territory,css_per_prsn,0.0,160
16670,2020-06-30,Northern Territory,New cases per week,0.0,160
16671,2020-06-30,Northern Territory,log10(Total cases),1.462397997898956,160
16672,2020-06-30,Northern Territory,log10(New cases per week),0.0,160
16673,2020-06-30,Northern Territory,Slope of power-law,0.0,160
16674,2020-06-30,Northern Territory,Acceleration of power-law,0.0,160
16675,2020-06-30,Northern Territory,Growth Rate,0.0,160
16676,2020-06-30,Northern Territory,Days since first case,160.0,160
16677,2020-06-30,Northern Territory,Average Growth Rate,inf,160
16678,2020-06-30,Northern Territory,Doubling time,inf,160
16679,2020-06-30,Queensland,Total cases,1067.0,160
16680,2020-06-30,Queensland,Total cases per million,210.412147505423,160
16681,2020-06-30,Queensland,New cases,0.0,160
16682,2020-06-30,Queensland,css_per_prsn,0.0,160
16683,2020-06-30,Queensland,New cases per week,1.0,160
16684,2020-06-30,Queensland,log10(Total cases),3.0281644194244697,160
16685,2020-06-30,Queensland,log10(New cases per week),0.0,160
16686,2020-06-30,Queensland,Slope of power-law,0.0,160
16687,2020-06-30,Queensland,Acceleration of power-law,0.0,160
16688,2020-06-30,Queensland,Growth Rate,0.0,160
16689,2020-06-30,Queensland,Days since first case,160.0,160
16690,2020-06-30,Queensland,Average Growth Rate,46.21125406332512,160
16691,2020-06-30,Queensland,Doubling time,7393.80065013202,160
16692,2020-06-30,South Australia,Total cases,443.0,160
16693,2020-06-30,South Australia,Total cases per million,264.16219439475253,160
16694,2020-06-30,South Australia,New cases,0.0,160
16695,2020-06-30,South Australia,css_per_prsn,0.0,160
16696,2020-06-30,South Australia,New cases per week,3.0,160
16697,2020-06-30,South Australia,log10(Total cases),2.6464037262230695,160
16698,2020-06-30,South Australia,log10(New cases per week),0.47712125471966244,160
16699,2020-06-30,South Australia,Slope of power-law,161.6784863896468,160
16700,2020-06-30,South Australia,Acceleration of power-law,0.0,160
16701,2020-06-30,South Australia,Growth Rate,0.1359927470534905,160
16702,2020-06-30,South Australia,Days since first case,160.0,160
16703,2020-06-30,South Australia,Average Growth Rate,12.733685434089944,160
16704,2020-06-30,South Australia,Doubling time,2037.389669454391,160
16705,2020-06-30,Tasmania,Total cases,228.0,160
16706,2020-06-30,Tasmania,Total cases per million,442.71844660194176,160
16707,2020-06-30,Tasmania,New cases,0.0,160
16708,2020-06-30,Tasmania,css_per_prsn,0.0,160
16709,2020-06-30,Tasmania,New cases per week,0.0,160
16710,2020-06-30,Tasmania,log10(Total cases),2.357934847000454,160
16711,2020-06-30,Tasmania,log10(New cases per week),0.0,160
16712,2020-06-30,Tasmania,Slope of power-law,0.0,160
16713,2020-06-30,Tasmania,Acceleration of power-law,0.0,160
16714,2020-06-30,Tasmania,Growth Rate,0.0,160
16715,2020-06-30,Tasmania,Days since first case,160.0,160
16716,2020-06-30,Tasmania,Average Growth Rate,816119577537955.4,160
16717,2020-06-30,Tasmania,Doubling time,1.3057913240607286e+17,160
16718,2020-06-30,Victoria,Total cases,2231.0,160
16719,2020-06-30,Victoria,Total cases per million,350.8413272527127,160
16720,2020-06-30,Victoria,New cases,72.0,160
16721,2020-06-30,Victoria,css_per_prsn,11.322534989778267,160
16722,2020-06-30,Victoria,New cases per week,347.0,160
16723,2020-06-30,Victoria,log10(Total cases),3.348499570283838,160
16724,2020-06-30,Victoria,log10(New cases per week),2.5403294747908736,160
16725,2020-06-30,Victoria,Slope of power-law,5.623170913411831,160
16726,2020-06-30,Victoria,Acceleration of power-law,-56.762688480413956,160
16727,2020-06-30,Victoria,Growth Rate,2.7140672782874615,160
16728,2020-06-30,Victoria,Days since first case,160.0,160
16729,2020-06-30,Victoria,Average Growth Rate,0.34700570281031207,160
16730,2020-06-30,Victoria,Doubling time,55.52091244964993,160
16731,2020-06-30,Western Australia,Total cases,611.0,160
16732,2020-06-30,Western Australia,Total cases per million,235.99845500193126,160
16733,2020-06-30,Western Australia,New cases,0.0,160
16734,2020-06-30,Western Australia,css_per_prsn,0.0,160
16735,2020-06-30,Western Australia,New cases per week,4.0,160
16736,2020-06-30,Western Australia,log10(Total cases),2.786041210242554,160
16737,2020-06-30,Western Australia,log10(New cases per week),0.6020599913279624,160
16738,2020-06-30,Western Australia,Slope of power-law,29.151546759595178,160
16739,2020-06-30,Western Australia,Acceleration of power-law,-inf,160
16740,2020-06-30,Western Australia,Growth Rate,0.09842519685039369,160
16741,2020-06-30,Western Australia,Days since first case,160.0,160
16742,2020-06-30,Western Australia,Average Growth Rate,8.112065572940821,160
16743,2020-06-30,Western Australia,Doubling time,1297.9304916705314,160
16744,2020-07-01,Australian Capital Territory,Total cases,108.0,161
16745,2020-07-01,Australian Capital Territory,Total cases per million,284.2105263157895,161
16746,2020-07-01,Australian Capital Territory,New cases,0.0,161
16747,2020-07-01,Australian Capital Territory,css_per_prsn,0.0,161
16748,2020-07-01,Australian Capital Territory,New cases per week,0.0,161
16749,2020-07-01,Australian Capital Territory,log10(Total cases),2.03342375548695,161
16750,2020-07-01,Australian Capital Territory,log10(New cases per week),0.0,161
16751,2020-07-01,Australian Capital Territory,Slope of power-law,0.0,161
16752,2020-07-01,Australian Capital Territory,Acceleration of power-law,0.0,161
16753,2020-07-01,Australian Capital Territory,Growth Rate,0.0,161
16754,2020-07-01,Australian Capital Territory,Days since first case,161.0,161
16755,2020-07-01,Australian Capital Territory,Average Growth Rate,inf,161
16756,2020-07-01,Australian Capital Territory,Doubling time,inf,161
16757,2020-07-01,New South Wales,Total cases,3211.0,161
16758,2020-07-01,New South Wales,Total cases per million,425.63626723223757,161
16759,2020-07-01,New South Wales,New cases,8.0,161
16760,2020-07-01,New South Wales,css_per_prsn,1.0604453870625663,161
16761,2020-07-01,New South Wales,New cases per week,49.0,161
16762,2020-07-01,New South Wales,log10(Total cases),3.5066403055665023,161
16763,2020-07-01,New South Wales,log10(New cases per week),1.6901960800285136,161
16764,2020-07-01,New South Wales,Slope of power-law,47.50619156799369,161
16765,2020-07-01,New South Wales,Acceleration of power-law,3695.7474209473366,161
16766,2020-07-01,New South Wales,Growth Rate,0.23177148584314708,161
16767,2020-07-01,New South Wales,Days since first case,161.0,161
16768,2020-07-01,New South Wales,Average Growth Rate,3.6502370092654157,161
16769,2020-07-01,New South Wales,Doubling time,587.6881584917319,161
16770,2020-07-01,Northern Territory,Total cases,30.0,161
16771,2020-07-01,Northern Territory,Total cases per million,122.79983626688498,161
16772,2020-07-01,Northern Territory,New cases,1.0,161
16773,2020-07-01,Northern Territory,css_per_prsn,4.093327875562832,161
16774,2020-07-01,Northern Territory,New cases per week,1.0,161
16775,2020-07-01,Northern Territory,log10(Total cases),1.4771212547196624,161
16776,2020-07-01,Northern Territory,log10(New cases per week),0.0,161
16777,2020-07-01,Northern Territory,Slope of power-law,0.0,161
16778,2020-07-01,Northern Territory,Acceleration of power-law,0.0,161
16779,2020-07-01,Northern Territory,Growth Rate,0.6849315068493151,161
16780,2020-07-01,Northern Territory,Days since first case,161.0,161
16781,2020-07-01,Northern Territory,Average Growth Rate,5.059974418087742,161
16782,2020-07-01,Northern Territory,Doubling time,814.6558813121264,161
16783,2020-07-01,Queensland,Total cases,1067.0,161
16784,2020-07-01,Queensland,Total cases per million,210.412147505423,161
16785,2020-07-01,Queensland,New cases,0.0,161
16786,2020-07-01,Queensland,css_per_prsn,0.0,161
16787,2020-07-01,Queensland,New cases per week,1.0,161
16788,2020-07-01,Queensland,log10(Total cases),3.0281644194244697,161
16789,2020-07-01,Queensland,log10(New cases per week),0.0,161
16790,2020-07-01,Queensland,Slope of power-law,0.0,161
16791,2020-07-01,Queensland,Acceleration of power-law,0.0,161
16792,2020-07-01,Queensland,Growth Rate,0.0,161
16793,2020-07-01,Queensland,Days since first case,161.0,161
16794,2020-07-01,Queensland,Average Growth Rate,61.62078290792165,161
16795,2020-07-01,Queensland,Doubling time,9920.946048175385,161
16796,2020-07-01,South Australia,Total cases,443.0,161
16797,2020-07-01,South Australia,Total cases per million,264.16219439475253,161
16798,2020-07-01,South Australia,New cases,0.0,161
16799,2020-07-01,South Australia,css_per_prsn,0.0,161
16800,2020-07-01,South Australia,New cases per week,3.0,161
16801,2020-07-01,South Australia,log10(Total cases),2.6464037262230695,161
16802,2020-07-01,South Australia,log10(New cases per week),0.47712125471966244,161
16803,2020-07-01,South Australia,Slope of power-law,161.6784863896468,161
16804,2020-07-01,South Australia,Acceleration of power-law,0.0,161
16805,2020-07-01,South Australia,Growth Rate,0.13580805794477138,161
16806,2020-07-01,South Australia,Days since first case,161.0,161
16807,2020-07-01,South Australia,Average Growth Rate,8.494893305856648,161
16808,2020-07-01,South Australia,Doubling time,1367.6778222429202,161
16809,2020-07-01,Tasmania,Total cases,228.0,161
16810,2020-07-01,Tasmania,Total cases per million,442.71844660194176,161
16811,2020-07-01,Tasmania,New cases,0.0,161
16812,2020-07-01,Tasmania,css_per_prsn,0.0,161
16813,2020-07-01,Tasmania,New cases per week,0.0,161
16814,2020-07-01,Tasmania,log10(Total cases),2.357934847000454,161
16815,2020-07-01,Tasmania,log10(New cases per week),0.0,161
16816,2020-07-01,Tasmania,Slope of power-law,0.0,161
16817,2020-07-01,Tasmania,Acceleration of power-law,0.0,161
16818,2020-07-01,Tasmania,Growth Rate,0.0,161
16819,2020-07-01,Tasmania,Days since first case,161.0,161
16820,2020-07-01,Tasmania,Average Growth Rate,816119577537955.4,161
16821,2020-07-01,Tasmania,Doubling time,1.3139525198361082e+17,161
16822,2020-07-01,Victoria,Total cases,2303.0,161
16823,2020-07-01,Victoria,Total cases per million,362.16386224249095,161
16824,2020-07-01,Victoria,New cases,72.0,161
16825,2020-07-01,Victoria,css_per_prsn,11.322534989778267,161
16826,2020-07-01,Victoria,New cases per week,386.0,161
16827,2020-07-01,Victoria,log10(Total cases),3.362293937964231,161
16828,2020-07-01,Victoria,log10(New cases per week),2.586587304671755,161
16829,2020-07-01,Victoria,Slope of power-law,5.487902479996615,161
16830,2020-07-01,Victoria,Acceleration of power-law,-9.806062630002396,161
16831,2020-07-01,Victoria,Growth Rate,3.2902033271719042,161
16832,2020-07-01,Victoria,Days since first case,161.0,161
16833,2020-07-01,Victoria,Average Growth Rate,0.2833424340217936,161
16834,2020-07-01,Victoria,Doubling time,45.618131877508766,161
16835,2020-07-01,Western Australia,Total cases,611.0,161
16836,2020-07-01,Western Australia,Total cases per million,235.99845500193126,161
16837,2020-07-01,Western Australia,New cases,0.0,161
16838,2020-07-01,Western Australia,css_per_prsn,0.0,161
16839,2020-07-01,Western Australia,New cases per week,3.0,161
16840,2020-07-01,Western Australia,log10(Total cases),2.786041210242554,161
16841,2020-07-01,Western Australia,log10(New cases per week),0.47712125471966244,161
16842,2020-07-01,Western Australia,Slope of power-law,0.0,161
16843,2020-07-01,Western Australia,Acceleration of power-law,-inf,161
16844,2020-07-01,Western Australia,Growth Rate,0.0983284169124877,161
16845,2020-07-01,Western Australia,Days since first case,161.0,161
16846,2020-07-01,Western Australia,Average Growth Rate,8.12006262633727,161
16847,2020-07-01,Western Australia,Doubling time,1307.3300828403005,161
16848,2020-07-02,Australian Capital Territory,Total cases,108.0,162
16849,2020-07-02,Australian Capital Territory,Total cases per million,284.2105263157895,162
16850,2020-07-02,Australian Capital Territory,New cases,0.0,162
16851,2020-07-02,Australian Capital Territory,css_per_prsn,0.0,162
16852,2020-07-02,Australian Capital Territory,New cases per week,0.0,162
16853,2020-07-02,Australian Capital Territory,log10(Total cases),2.03342375548695,162
16854,2020-07-02,Australian Capital Territory,log10(New cases per week),0.0,162
16855,2020-07-02,Australian Capital Territory,Slope of power-law,0.0,162
16856,2020-07-02,Australian Capital Territory,Acceleration of power-law,0.0,162
16857,2020-07-02,Australian Capital Territory,Growth Rate,0.0,162
16858,2020-07-02,Australian Capital Territory,Days since first case,162.0,162
16859,2020-07-02,Australian Capital Territory,Average Growth Rate,inf,162
16860,2020-07-02,Australian Capital Territory,Doubling time,inf,162
16861,2020-07-02,New South Wales,Total cases,3211.0,162
16862,2020-07-02,New South Wales,Total cases per million,425.63626723223757,162
16863,2020-07-02,New South Wales,New cases,0.0,162
16864,2020-07-02,New South Wales,css_per_prsn,0.0,162
16865,2020-07-02,New South Wales,New cases per week,43.0,162
16866,2020-07-02,New South Wales,log10(Total cases),3.5066403055665023,162
16867,2020-07-02,New South Wales,log10(New cases per week),1.6334684555795864,162
16868,2020-07-02,New South Wales,Slope of power-law,51.54396966716713,162
16869,2020-07-02,New South Wales,Acceleration of power-law,inf,162
16870,2020-07-02,New South Wales,Growth Rate,0.2125265658207276,162
16871,2020-07-02,New South Wales,Days since first case,162.0,162
16872,2020-07-02,New South Wales,Average Growth Rate,3.4953518297245725,162
16873,2020-07-02,New South Wales,Doubling time,566.2469964153807,162
16874,2020-07-02,Northern Territory,Total cases,30.0,162
16875,2020-07-02,Northern Territory,Total cases per million,122.79983626688498,162
16876,2020-07-02,Northern Territory,New cases,0.0,162
16877,2020-07-02,Northern Territory,css_per_prsn,0.0,162
16878,2020-07-02,Northern Territory,New cases per week,1.0,162
16879,2020-07-02,Northern Territory,log10(Total cases),1.4771212547196624,162
16880,2020-07-02,Northern Territory,log10(New cases per week),0.0,162
16881,2020-07-02,Northern Territory,Slope of power-law,0.0,162
16882,2020-07-02,Northern Territory,Acceleration of power-law,0.0,162
16883,2020-07-02,Northern Territory,Growth Rate,0.6802721088435375,162
16884,2020-07-02,Northern Territory,Days since first case,162.0,162
16885,2020-07-02,Northern Territory,Average Growth Rate,2.5386219776753842,162
16886,2020-07-02,Northern Territory,Doubling time,411.25676038341226,162
16887,2020-07-02,Queensland,Total cases,1067.0,162
16888,2020-07-02,Queensland,Total cases per million,210.412147505423,162
16889,2020-07-02,Queensland,New cases,0.0,162
16890,2020-07-02,Queensland,css_per_prsn,0.0,162
16891,2020-07-02,Queensland,New cases per week,0.0,162
16892,2020-07-02,Queensland,log10(Total cases),3.0281644194244697,162
16893,2020-07-02,Queensland,log10(New cases per week),0.0,162
16894,2020-07-02,Queensland,Slope of power-law,0.0,162
16895,2020-07-02,Queensland,Acceleration of power-law,0.0,162
16896,2020-07-02,Queensland,Growth Rate,0.0,162
16897,2020-07-02,Queensland,Days since first case,162.0,162
16898,2020-07-02,Queensland,Average Growth Rate,92.4398400553635,162
16899,2020-07-02,Queensland,Doubling time,14975.254088968888,162
16900,2020-07-02,South Australia,Total cases,443.0,162
16901,2020-07-02,South Australia,Total cases per million,264.16219439475253,162
16902,2020-07-02,South Australia,New cases,0.0,162
16903,2020-07-02,South Australia,css_per_prsn,0.0,162
16904,2020-07-02,South Australia,New cases per week,3.0,162
16905,2020-07-02,South Australia,log10(Total cases),2.6464037262230695,162
16906,2020-07-02,South Australia,log10(New cases per week),0.47712125471966244,162
16907,2020-07-02,South Australia,Slope of power-law,161.6784863896468,162
16908,2020-07-02,South Australia,Acceleration of power-law,0.0,162
16909,2020-07-02,South Australia,Growth Rate,0.13562386980108498,162
16910,2020-07-02,South Australia,Days since first case,162.0,162
16911,2020-07-02,South Australia,Average Growth Rate,6.375495285919323,162
16912,2020-07-02,South Australia,Doubling time,1032.8302363189302,162
16913,2020-07-02,Tasmania,Total cases,228.0,162
16914,2020-07-02,Tasmania,Total cases per million,442.71844660194176,162
16915,2020-07-02,Tasmania,New cases,0.0,162
16916,2020-07-02,Tasmania,css_per_prsn,0.0,162
16917,2020-07-02,Tasmania,New cases per week,0.0,162
16918,2020-07-02,Tasmania,log10(Total cases),2.357934847000454,162
16919,2020-07-02,Tasmania,log10(New cases per week),0.0,162
16920,2020-07-02,Tasmania,Slope of power-law,0.0,162
16921,2020-07-02,Tasmania,Acceleration of power-law,0.0,162
16922,2020-07-02,Tasmania,Growth Rate,0.0,162
16923,2020-07-02,Tasmania,Days since first case,162.0,162
16924,2020-07-02,Tasmania,Average Growth Rate,816119577537955.4,162
16925,2020-07-02,Tasmania,Doubling time,1.3221137156114877e+17,162
16926,2020-07-02,Victoria,Total cases,2368.0,162
16927,2020-07-02,Victoria,Total cases per million,372.3855952193741,162
16928,2020-07-02,Victoria,New cases,65.0,162
16929,2020-07-02,Victoria,css_per_prsn,10.221732976883159,162
16930,2020-07-02,Victoria,New cases per week,421.0,162
16931,2020-07-02,Victoria,log10(Total cases),3.374381698050882,162
16932,2020-07-02,Victoria,log10(New cases per week),2.6242820958356683,162
16933,2020-07-02,Victoria,Slope of power-law,5.141414562077393,162
16934,2020-07-02,Victoria,Acceleration of power-law,-28.66436092670791,162
16935,2020-07-02,Victoria,Growth Rate,3.046594982078853,162
16936,2020-07-02,Victoria,Days since first case,162.0,162
16937,2020-07-02,Victoria,Average Growth Rate,0.25499309984805035,162
16938,2020-07-02,Victoria,Doubling time,41.308882175384156,162
16939,2020-07-02,Western Australia,Total cases,611.0,162
16940,2020-07-02,Western Australia,Total cases per million,235.99845500193126,162
16941,2020-07-02,Western Australia,New cases,0.0,162
16942,2020-07-02,Western Australia,css_per_prsn,0.0,162
16943,2020-07-02,Western Australia,New cases per week,3.0,162
16944,2020-07-02,Western Australia,log10(Total cases),2.786041210242554,162
16945,2020-07-02,Western Australia,log10(New cases per week),0.47712125471966244,162
16946,2020-07-02,Western Australia,Slope of power-law,-77.77292161952784,162
16947,2020-07-02,Western Australia,Acceleration of power-law,-inf,162
16948,2020-07-02,Western Australia,Growth Rate,0.06550933508024895,162
16949,2020-07-02,Western Australia,Days since first case,162.0,162
16950,2020-07-02,Western Australia,Average Growth Rate,8.125395746829577,162
16951,2020-07-02,Western Australia,Doubling time,1316.3141109863914,162
16952,2020-07-03,Australian Capital Territory,Total cases,108.0,163
16953,2020-07-03,Australian Capital Territory,Total cases per million,284.2105263157895,163
16954,2020-07-03,Australian Capital Territory,New cases,0.0,163
16955,2020-07-03,Australian Capital Territory,css_per_prsn,0.0,163
16956,2020-07-03,Australian Capital Territory,New cases per week,0.0,163
16957,2020-07-03,Australian Capital Territory,log10(Total cases),2.03342375548695,163
16958,2020-07-03,Australian Capital Territory,log10(New cases per week),0.0,163
16959,2020-07-03,Australian Capital Territory,Slope of power-law,0.0,163
16960,2020-07-03,Australian Capital Territory,Acceleration of power-law,0.0,163
16961,2020-07-03,Australian Capital Territory,Growth Rate,0.0,163
16962,2020-07-03,Australian Capital Territory,Days since first case,163.0,163
16963,2020-07-03,Australian Capital Territory,Average Growth Rate,inf,163
16964,2020-07-03,Australian Capital Territory,Doubling time,inf,163
16965,2020-07-03,New South Wales,Total cases,3405.0,163
16966,2020-07-03,New South Wales,Total cases per million,451.3520678685048,163
16967,2020-07-03,New South Wales,New cases,194.0,163
16968,2020-07-03,New South Wales,css_per_prsn,25.715800636267232,163
16969,2020-07-03,New South Wales,New cases per week,231.0,163
16970,2020-07-03,New South Wales,log10(Total cases),3.532117116248804,163
16971,2020-07-03,New South Wales,log10(New cases per week),2.3636119798921444,163
16972,2020-07-03,New South Wales,Slope of power-law,30.19577891337693,163
16973,2020-07-03,New South Wales,Acceleration of power-law,-837.9459666284106,163
16974,2020-07-03,New South Wales,Growth Rate,1.3625994204328256,163
16975,2020-07-03,New South Wales,Days since first case,163.0,163
16976,2020-07-03,New South Wales,Average Growth Rate,1.5778110213638088,163
16977,2020-07-03,New South Wales,Doubling time,257.18319648230084,163
16978,2020-07-03,Northern Territory,Total cases,30.0,163
16979,2020-07-03,Northern Territory,Total cases per million,122.79983626688498,163
16980,2020-07-03,Northern Territory,New cases,0.0,163
16981,2020-07-03,Northern Territory,css_per_prsn,0.0,163
16982,2020-07-03,Northern Territory,New cases per week,1.0,163
16983,2020-07-03,Northern Territory,log10(Total cases),1.4771212547196624,163
16984,2020-07-03,Northern Territory,log10(New cases per week),0.0,163
16985,2020-07-03,Northern Territory,Slope of power-law,0.0,163
16986,2020-07-03,Northern Territory,Acceleration of power-law,0.0,163
16987,2020-07-03,Northern Territory,Growth Rate,0.6756756756756757,163
16988,2020-07-03,Northern Territory,Days since first case,163.0,163
16989,2020-07-03,Northern Territory,Average Growth Rate,1.6981581994865464,163
16990,2020-07-03,Northern Territory,Doubling time,276.79978651630705,163
16991,2020-07-03,Queensland,Total cases,1067.0,163
16992,2020-07-03,Queensland,Total cases per million,210.412147505423,163
16993,2020-07-03,Queensland,New cases,0.0,163
16994,2020-07-03,Queensland,css_per_prsn,0.0,163
16995,2020-07-03,Queensland,New cases per week,0.0,163
16996,2020-07-03,Queensland,log10(Total cases),3.0281644194244697,163
16997,2020-07-03,Queensland,log10(New cases per week),0.0,163
16998,2020-07-03,Queensland,Slope of power-law,0.0,163
16999,2020-07-03,Queensland,Acceleration of power-law,0.0,163
17000,2020-07-03,Queensland,Growth Rate,0.0,163
17001,2020-07-03,Queensland,Days since first case,163.0,163
17002,2020-07-03,Queensland,Average Growth Rate,184.89701041453347,163
17003,2020-07-03,Queensland,Doubling time,30138.212697568957,163
17004,2020-07-03,South Australia,Total cases,443.0,163
17005,2020-07-03,South Australia,Total cases per million,264.16219439475253,163
17006,2020-07-03,South Australia,New cases,0.0,163
17007,2020-07-03,South Australia,css_per_prsn,0.0,163
17008,2020-07-03,South Australia,New cases per week,3.0,163
17009,2020-07-03,South Australia,log10(Total cases),2.6464037262230695,163
17010,2020-07-03,South Australia,log10(New cases per week),0.47712125471966244,163
17011,2020-07-03,South Australia,Slope of power-law,161.6784863896468,163
17012,2020-07-03,South Australia,Acceleration of power-law,0.0,163
17013,2020-07-03,South Australia,Growth Rate,0.13544018058690743,163
17014,2020-07-03,South Australia,Days since first case,163.0,163
17015,2020-07-03,South Australia,Average Growth Rate,5.103854912479765,163
17016,2020-07-03,South Australia,Doubling time,831.9283507342017,163
17017,2020-07-03,Tasmania,Total cases,228.0,163
17018,2020-07-03,Tasmania,Total cases per million,442.71844660194176,163
17019,2020-07-03,Tasmania,New cases,0.0,163
17020,2020-07-03,Tasmania,css_per_prsn,0.0,163
17021,2020-07-03,Tasmania,New cases per week,0.0,163
17022,2020-07-03,Tasmania,log10(Total cases),2.357934847000454,163
17023,2020-07-03,Tasmania,log10(New cases per week),0.0,163
17024,2020-07-03,Tasmania,Slope of power-law,0.0,163
17025,2020-07-03,Tasmania,Acceleration of power-law,0.0,163
17026,2020-07-03,Tasmania,Growth Rate,0.0,163
17027,2020-07-03,Tasmania,Days since first case,163.0,163
17028,2020-07-03,Tasmania,Average Growth Rate,816119577537955.4,163
17029,2020-07-03,Tasmania,Doubling time,1.3302749113868672e+17,163
17030,2020-07-03,Victoria,Total cases,2368.0,163
17031,2020-07-03,Victoria,Total cases per million,372.3855952193741,163
17032,2020-07-03,Victoria,New cases,0.0,163
17033,2020-07-03,Victoria,css_per_prsn,0.0,163
17034,2020-07-03,Victoria,New cases per week,421.0,163
17035,2020-07-03,Victoria,log10(Total cases),3.374381698050882,163
17036,2020-07-03,Victoria,log10(New cases per week),2.6242820958356683,163
17037,2020-07-03,Victoria,Slope of power-law,5.417099030019249,163
17038,2020-07-03,Victoria,Acceleration of power-law,inf,163
17039,2020-07-03,Victoria,Growth Rate,2.3536617376848366,163
17040,2020-07-03,Victoria,Days since first case,163.0,163
17041,2020-07-03,Victoria,Average Growth Rate,0.2514730738708059,163
17042,2020-07-03,Victoria,Doubling time,40.990111040941365,163
17043,2020-07-03,Western Australia,Total cases,611.0,163
17044,2020-07-03,Western Australia,Total cases per million,235.99845500193126,163
17045,2020-07-03,Western Australia,New cases,0.0,163
17046,2020-07-03,Western Australia,css_per_prsn,0.0,163
17047,2020-07-03,Western Australia,New cases per week,3.0,163
17048,2020-07-03,Western Australia,log10(Total cases),2.786041210242554,163
17049,2020-07-03,Western Australia,log10(New cases per week),0.47712125471966244,163
17050,2020-07-03,Western Australia,Slope of power-law,-77.77292161952784,163
17051,2020-07-03,Western Australia,Acceleration of power-law,0.0,163
17052,2020-07-03,Western Australia,Growth Rate,0.06546644844517185,163
17053,2020-07-03,Western Australia,Days since first case,163.0,163
17054,2020-07-03,Western Australia,Average Growth Rate,8.130728868106802,163
17055,2020-07-03,Western Australia,Doubling time,1325.3088055014086,163
17056,2020-07-04,Australian Capital Territory,Total cases,108.0,164
17057,2020-07-04,Australian Capital Territory,Total cases per million,284.2105263157895,164
17058,2020-07-04,Australian Capital Territory,New cases,0.0,164
17059,2020-07-04,Australian Capital Territory,css_per_prsn,0.0,164
17060,2020-07-04,Australian Capital Territory,New cases per week,0.0,164
17061,2020-07-04,Australian Capital Territory,log10(Total cases),2.03342375548695,164
17062,2020-07-04,Australian Capital Territory,log10(New cases per week),0.0,164
17063,2020-07-04,Australian Capital Territory,Slope of power-law,0.0,164
17064,2020-07-04,Australian Capital Territory,Acceleration of power-law,0.0,164
17065,2020-07-04,Australian Capital Territory,Growth Rate,0.0,164
17066,2020-07-04,Australian Capital Territory,Days since first case,164.0,164
17067,2020-07-04,Australian Capital Territory,Average Growth Rate,inf,164
17068,2020-07-04,Australian Capital Territory,Doubling time,inf,164
17069,2020-07-04,New South Wales,Total cases,3419.0,164
17070,2020-07-04,New South Wales,Total cases per million,453.20784729586427,164
17071,2020-07-04,New South Wales,New cases,14.0,164
17072,2020-07-04,New South Wales,css_per_prsn,1.8557794273594912,164
17073,2020-07-04,New South Wales,New cases per week,242.0,164
17074,2020-07-04,New South Wales,log10(Total cases),3.5338991007965945,164
17075,2020-07-04,New South Wales,log10(New cases per week),2.383815365980431,164
17076,2020-07-04,New South Wales,Slope of power-law,29.049960949578075,164
17077,2020-07-04,New South Wales,Acceleration of power-law,-643.0010659853716,164
17078,2020-07-04,New South Wales,Growth Rate,1.398261292479786,164
17079,2020-07-04,New South Wales,Days since first case,164.0,164
17080,2020-07-04,New South Wales,Average Growth Rate,1.0119198753743939,164
17081,2020-07-04,New South Wales,Doubling time,165.95485956140058,164
17082,2020-07-04,Northern Territory,Total cases,30.0,164
17083,2020-07-04,Northern Territory,Total cases per million,122.79983626688498,164
17084,2020-07-04,Northern Territory,New cases,0.0,164
17085,2020-07-04,Northern Territory,css_per_prsn,0.0,164
17086,2020-07-04,Northern Territory,New cases per week,1.0,164
17087,2020-07-04,Northern Territory,log10(Total cases),1.4771212547196624,164
17088,2020-07-04,Northern Territory,log10(New cases per week),0.0,164
17089,2020-07-04,Northern Territory,Slope of power-law,0.0,164
17090,2020-07-04,Northern Territory,Acceleration of power-law,0.0,164
17091,2020-07-04,Northern Territory,Growth Rate,0.6711409395973155,164
17092,2020-07-04,Northern Territory,Days since first case,164.0,164
17093,2020-07-04,Northern Territory,Average Growth Rate,1.2779166848491696,164
17094,2020-07-04,Northern Territory,Doubling time,209.5783363152638,164
17095,2020-07-04,Queensland,Total cases,1067.0,164
17096,2020-07-04,Queensland,Total cases per million,210.412147505423,164
17097,2020-07-04,Queensland,New cases,0.0,164
17098,2020-07-04,Queensland,css_per_prsn,0.0,164
17099,2020-07-04,Queensland,New cases per week,0.0,164
17100,2020-07-04,Queensland,log10(Total cases),3.0281644194244697,164
17101,2020-07-04,Queensland,log10(New cases per week),0.0,164
17102,2020-07-04,Queensland,Slope of power-law,0.0,164
17103,2020-07-04,Queensland,Acceleration of power-law,0.0,164
17104,2020-07-04,Queensland,Growth Rate,0.0,164
17105,2020-07-04,Queensland,Days since first case,164.0,164
17106,2020-07-04,Queensland,Average Growth Rate,inf,164
17107,2020-07-04,Queensland,Doubling time,inf,164
17108,2020-07-04,South Australia,Total cases,443.0,164
17109,2020-07-04,South Australia,Total cases per million,264.16219439475253,164
17110,2020-07-04,South Australia,New cases,0.0,164
17111,2020-07-04,South Australia,css_per_prsn,0.0,164
17112,2020-07-04,South Australia,New cases per week,3.0,164
17113,2020-07-04,South Australia,log10(Total cases),2.6464037262230695,164
17114,2020-07-04,South Australia,log10(New cases per week),0.47712125471966244,164
17115,2020-07-04,South Australia,Slope of power-law,161.6784863896468,164
17116,2020-07-04,South Australia,Acceleration of power-law,0.0,164
17117,2020-07-04,South Australia,Growth Rate,0.0,164
17118,2020-07-04,South Australia,Days since first case,164.0,164
17119,2020-07-04,South Australia,Average Growth Rate,6.384159645651868,164
17120,2020-07-04,South Australia,Doubling time,1047.0021818869063,164
17121,2020-07-04,Tasmania,Total cases,228.0,164
17122,2020-07-04,Tasmania,Total cases per million,442.71844660194176,164
17123,2020-07-04,Tasmania,New cases,0.0,164
17124,2020-07-04,Tasmania,css_per_prsn,0.0,164
17125,2020-07-04,Tasmania,New cases per week,0.0,164
17126,2020-07-04,Tasmania,log10(Total cases),2.357934847000454,164
17127,2020-07-04,Tasmania,log10(New cases per week),0.0,164
17128,2020-07-04,Tasmania,Slope of power-law,0.0,164
17129,2020-07-04,Tasmania,Acceleration of power-law,0.0,164
17130,2020-07-04,Tasmania,Growth Rate,0.0,164
17131,2020-07-04,Tasmania,Days since first case,164.0,164
17132,2020-07-04,Tasmania,Average Growth Rate,816119577537955.4,164
17133,2020-07-04,Tasmania,Doubling time,1.3384361071622469e+17,164
17134,2020-07-04,Victoria,Total cases,2536.0,164
17135,2020-07-04,Victoria,Total cases per million,398.80484352885674,164
17136,2020-07-04,Victoria,New cases,168.0,164
17137,2020-07-04,Victoria,css_per_prsn,26.419248309482622,164
17138,2020-07-04,Victoria,New cases per week,508.0,164
17139,2020-07-04,Victoria,log10(Total cases),3.404149249209695,164
17140,2020-07-04,Victoria,log10(New cases per week),2.7058637122839193,164
17141,2020-07-04,Victoria,Slope of power-law,4.683259741876835,164
17142,2020-07-04,Victoria,Acceleration of power-law,-24.6523230690797,164
17143,2020-07-04,Victoria,Growth Rate,3.193291546671185,164
17144,2020-07-04,Victoria,Days since first case,164.0,164
17145,2020-07-04,Victoria,Average Growth Rate,0.23741463935221382,164
17146,2020-07-04,Victoria,Doubling time,38.93600085376307,164
17147,2020-07-04,Western Australia,Total cases,612.0,164
17148,2020-07-04,Western Australia,Total cases per million,236.38470451911937,164
17149,2020-07-04,Western Australia,New cases,1.0,164
17150,2020-07-04,Western Australia,css_per_prsn,0.3862495171881035,164
17151,2020-07-04,Western Australia,New cases per week,3.0,164
17152,2020-07-04,Western Australia,log10(Total cases),2.7867514221455614,164
17153,2020-07-04,Western Australia,log10(New cases per week),0.47712125471966244,164
17154,2020-07-04,Western Australia,Slope of power-law,-77.90062848382858,164
17155,2020-07-04,Western Australia,Acceleration of power-law,-179.81515623714662,164
17156,2020-07-04,Western Australia,Growth Rate,0.032722513089005235,164
17157,2020-07-04,Western Australia,Days since first case,164.0,164
17158,2020-07-04,Western Australia,Average Growth Rate,9.614974433543791,164
17159,2020-07-04,Western Australia,Doubling time,1576.8558071011817,164
17160,2020-07-05,Australian Capital Territory,Total cases,108.0,165
17161,2020-07-05,Australian Capital Territory,Total cases per million,284.2105263157895,165
17162,2020-07-05,Australian Capital Territory,New cases,0.0,165
17163,2020-07-05,Australian Capital Territory,css_per_prsn,0.0,165
17164,2020-07-05,Australian Capital Territory,New cases per week,0.0,165
17165,2020-07-05,Australian Capital Territory,log10(Total cases),2.03342375548695,165
17166,2020-07-05,Australian Capital Territory,log10(New cases per week),0.0,165
17167,2020-07-05,Australian Capital Territory,Slope of power-law,0.0,165
17168,2020-07-05,Australian Capital Territory,Acceleration of power-law,0.0,165
17169,2020-07-05,Australian Capital Territory,Growth Rate,0.0,165
17170,2020-07-05,Australian Capital Territory,Days since first case,165.0,165
17171,2020-07-05,Australian Capital Territory,Average Growth Rate,inf,165
17172,2020-07-05,Australian Capital Territory,Doubling time,inf,165
17173,2020-07-05,New South Wales,Total cases,3429.0,165
17174,2020-07-05,New South Wales,Total cases per million,454.5334040296925,165
17175,2020-07-05,New South Wales,New cases,10.0,165
17176,2020-07-05,New South Wales,css_per_prsn,1.325556733828208,165
17177,2020-07-05,New South Wales,New cases per week,245.0,165
17178,2020-07-05,New South Wales,log10(Total cases),3.535167485114944,165
17179,2020-07-05,New South Wales,log10(New cases per week),2.3891660843645326,165
17180,2020-07-05,New South Wales,Slope of power-law,28.829535081846775,165
17181,2020-07-05,New South Wales,Acceleration of power-law,-173.7847626641339,165
17182,2020-07-05,New South Wales,Growth Rate,1.3553223388305846,165
17183,2020-07-05,New South Wales,Days since first case,165.0,165
17184,2020-07-05,New South Wales,Average Growth Rate,0.7599496246592333,165
17185,2020-07-05,New South Wales,Doubling time,125.3916880687735,165
17186,2020-07-05,Northern Territory,Total cases,30.0,165
17187,2020-07-05,Northern Territory,Total cases per million,122.79983626688498,165
17188,2020-07-05,Northern Territory,New cases,0.0,165
17189,2020-07-05,Northern Territory,css_per_prsn,0.0,165
17190,2020-07-05,Northern Territory,New cases per week,1.0,165
17191,2020-07-05,Northern Territory,log10(Total cases),1.4771212547196624,165
17192,2020-07-05,Northern Territory,log10(New cases per week),0.0,165
17193,2020-07-05,Northern Territory,Slope of power-law,0.0,165
17194,2020-07-05,Northern Territory,Acceleration of power-law,0.0,165
17195,2020-07-05,Northern Territory,Growth Rate,0.6666666666666667,165
17196,2020-07-05,Northern Territory,Days since first case,165.0,165
17197,2020-07-05,Northern Territory,Average Growth Rate,1.025764152703298,165
17198,2020-07-05,Northern Territory,Doubling time,169.25108519604416,165
17199,2020-07-05,Queensland,Total cases,1067.0,165
17200,2020-07-05,Queensland,Total cases per million,210.412147505423,165
17201,2020-07-05,Queensland,New cases,0.0,165
17202,2020-07-05,Queensland,css_per_prsn,0.0,165
17203,2020-07-05,Queensland,New cases per week,0.0,165
17204,2020-07-05,Queensland,log10(Total cases),3.0281644194244697,165
17205,2020-07-05,Queensland,log10(New cases per week),0.0,165
17206,2020-07-05,Queensland,Slope of power-law,0.0,165
17207,2020-07-05,Queensland,Acceleration of power-law,0.0,165
17208,2020-07-05,Queensland,Growth Rate,0.0,165
17209,2020-07-05,Queensland,Days since first case,165.0,165
17210,2020-07-05,Queensland,Average Growth Rate,inf,165
17211,2020-07-05,Queensland,Doubling time,inf,165
17212,2020-07-05,South Australia,Total cases,443.0,165
17213,2020-07-05,South Australia,Total cases per million,264.16219439475253,165
17214,2020-07-05,South Australia,New cases,0.0,165
17215,2020-07-05,South Australia,css_per_prsn,0.0,165
17216,2020-07-05,South Australia,New cases per week,3.0,165
17217,2020-07-05,South Australia,log10(Total cases),2.6464037262230695,165
17218,2020-07-05,South Australia,log10(New cases per week),0.47712125471966244,165
17219,2020-07-05,South Australia,Slope of power-law,161.6784863896468,165
17220,2020-07-05,South Australia,Acceleration of power-law,0.0,165
17221,2020-07-05,South Australia,Growth Rate,0.0,165
17222,2020-07-05,South Australia,Days since first case,165.0,165
17223,2020-07-05,South Australia,Average Growth Rate,8.517998240284944,165
17224,2020-07-05,South Australia,Doubling time,1405.4697096470159,165
17225,2020-07-05,Tasmania,Total cases,228.0,165
17226,2020-07-05,Tasmania,Total cases per million,442.71844660194176,165
17227,2020-07-05,Tasmania,New cases,0.0,165
17228,2020-07-05,Tasmania,css_per_prsn,0.0,165
17229,2020-07-05,Tasmania,New cases per week,0.0,165
17230,2020-07-05,Tasmania,log10(Total cases),2.357934847000454,165
17231,2020-07-05,Tasmania,log10(New cases per week),0.0,165
17232,2020-07-05,Tasmania,Slope of power-law,0.0,165
17233,2020-07-05,Tasmania,Acceleration of power-law,0.0,165
17234,2020-07-05,Tasmania,Growth Rate,0.0,165
17235,2020-07-05,Tasmania,Days since first case,165.0,165
17236,2020-07-05,Tasmania,Average Growth Rate,816119577537955.4,165
17237,2020-07-05,Tasmania,Doubling time,1.3465973029376264e+17,165
17238,2020-07-05,Victoria,Total cases,2660.0,165
17239,2020-07-05,Victoria,Total cases per million,418.30476490014155,165
17240,2020-07-05,Victoria,New cases,124.0,165
17241,2020-07-05,Victoria,css_per_prsn,19.499921371284792,165
17242,2020-07-05,Victoria,New cases per week,561.0,165
17243,2020-07-05,Victoria,log10(Total cases),3.424881636631067,165
17244,2020-07-05,Victoria,log10(New cases per week),2.7489628612561616,165
17245,2020-07-05,Victoria,Slope of power-law,4.122262029138204,165
17246,2020-07-05,Victoria,Acceleration of power-law,-27.05900200187868,165
17247,2020-07-05,Victoria,Growth Rate,3.506334286881896,165
17248,2020-07-05,Victoria,Days since first case,165.0,165
17249,2020-07-05,Victoria,Average Growth Rate,0.22519275913811,165
17250,2020-07-05,Victoria,Doubling time,37.15680525778815,165
17251,2020-07-05,Western Australia,Total cases,618.0,165
17252,2020-07-05,Western Australia,Total cases per million,238.70220162224797,165
17253,2020-07-05,Western Australia,New cases,6.0,165
17254,2020-07-05,Western Australia,css_per_prsn,2.317497103128621,165
17255,2020-07-05,Western Australia,New cases per week,9.0,165
17256,2020-07-05,Western Australia,log10(Total cases),2.790988475088816,165
17257,2020-07-05,Western Australia,log10(New cases per week),0.9542425094393249,165
17258,2020-07-05,Western Australia,Slope of power-law,36.03052348686745,165
17259,2020-07-05,Western Australia,Acceleration of power-law,26889.2443631316,165
17260,2020-07-05,Western Australia,Growth Rate,0.22853411687887687,165
17261,2020-07-05,Western Australia,Days since first case,165.0,165
17262,2020-07-05,Western Australia,Average Growth Rate,7.064844333235807,165
17263,2020-07-05,Western Australia,Doubling time,1165.6993149839082,165
17264,2020-07-06,Australian Capital Territory,Total cases,108.0,166
17265,2020-07-06,Australian Capital Territory,Total cases per million,284.2105263157895,166
17266,2020-07-06,Australian Capital Territory,New cases,0.0,166
17267,2020-07-06,Australian Capital Territory,css_per_prsn,0.0,166
17268,2020-07-06,Australian Capital Territory,New cases per week,0.0,166
17269,2020-07-06,Australian Capital Territory,log10(Total cases),2.03342375548695,166
17270,2020-07-06,Australian Capital Territory,log10(New cases per week),0.0,166
17271,2020-07-06,Australian Capital Territory,Slope of power-law,0.0,166
17272,2020-07-06,Australian Capital Territory,Acceleration of power-law,0.0,166
17273,2020-07-06,Australian Capital Territory,Growth Rate,0.0,166
17274,2020-07-06,Australian Capital Territory,Days since first case,166.0,166
17275,2020-07-06,Australian Capital Territory,Average Growth Rate,inf,166
17276,2020-07-06,Australian Capital Territory,Doubling time,inf,166
17277,2020-07-06,New South Wales,Total cases,3433.0,166
17278,2020-07-06,New South Wales,Total cases per million,455.06362672322376,166
17279,2020-07-06,New South Wales,New cases,4.0,166
17280,2020-07-06,New South Wales,css_per_prsn,0.5302226935312832,166
17281,2020-07-06,New South Wales,New cases per week,244.0,166
17282,2020-07-06,New South Wales,log10(Total cases),3.53567380342575,166
17283,2020-07-06,New South Wales,log10(New cases per week),2.387389826338729,166
17284,2020-07-06,New South Wales,Slope of power-law,26.720044357279196,166
17285,2020-07-06,New South Wales,Acceleration of power-law,-4166.333074563741,166
17286,2020-07-06,New South Wales,Growth Rate,1.3138426939693435,166
17287,2020-07-06,New South Wales,Days since first case,166.0,166
17288,2020-07-06,New South Wales,Average Growth Rate,0.6142142263733794,166
17289,2020-07-06,New South Wales,Doubling time,101.95956157798098,166
17290,2020-07-06,Northern Territory,Total cases,30.0,166
17291,2020-07-06,Northern Territory,Total cases per million,122.79983626688498,166
17292,2020-07-06,Northern Territory,New cases,0.0,166
17293,2020-07-06,Northern Territory,css_per_prsn,0.0,166
17294,2020-07-06,Northern Territory,New cases per week,1.0,166
17295,2020-07-06,Northern Territory,log10(Total cases),1.4771212547196624,166
17296,2020-07-06,Northern Territory,log10(New cases per week),0.0,166
17297,2020-07-06,Northern Territory,Slope of power-law,0.0,166
17298,2020-07-06,Northern Territory,Acceleration of power-law,0.0,166
17299,2020-07-06,Northern Territory,Growth Rate,0.0,166
17300,2020-07-06,Northern Territory,Days since first case,166.0,166
17301,2020-07-06,Northern Territory,Average Growth Rate,1.2865815191156265,166
17302,2020-07-06,Northern Territory,Doubling time,213.572532173194,166
17303,2020-07-06,Queensland,Total cases,1068.0,166
17304,2020-07-06,Queensland,Total cases per million,210.6093472687833,166
17305,2020-07-06,Queensland,New cases,1.0,166
17306,2020-07-06,Queensland,css_per_prsn,0.19719976336028397,166
17307,2020-07-06,Queensland,New cases per week,1.0,166
17308,2020-07-06,Queensland,log10(Total cases),3.0285712526925375,166
17309,2020-07-06,Queensland,log10(New cases per week),0.0,166
17310,2020-07-06,Queensland,Slope of power-law,0.0,166
17311,2020-07-06,Queensland,Acceleration of power-law,0.0,166
17312,2020-07-06,Queensland,Growth Rate,0.018740629685157422,166
17313,2020-07-06,Queensland,Days since first case,166.0,166
17314,2020-07-06,Queensland,Average Growth Rate,184.93166777356151,166
17315,2020-07-06,Queensland,Doubling time,30698.65685041121,166
17316,2020-07-06,South Australia,Total cases,443.0,166
17317,2020-07-06,South Australia,Total cases per million,264.16219439475253,166
17318,2020-07-06,South Australia,New cases,0.0,166
17319,2020-07-06,South Australia,css_per_prsn,0.0,166
17320,2020-07-06,South Australia,New cases per week,0.0,166
17321,2020-07-06,South Australia,log10(Total cases),2.6464037262230695,166
17322,2020-07-06,South Australia,log10(New cases per week),0.0,166
17323,2020-07-06,South Australia,Slope of power-law,0.0,166
17324,2020-07-06,South Australia,Acceleration of power-law,-inf,166
17325,2020-07-06,South Australia,Growth Rate,0.0,166
17326,2020-07-06,South Australia,Days since first case,166.0,166
17327,2020-07-06,South Australia,Average Growth Rate,12.78567149660257,166
17328,2020-07-06,South Australia,Doubling time,2122.4214684360263,166
17329,2020-07-06,Tasmania,Total cases,228.0,166
17330,2020-07-06,Tasmania,Total cases per million,442.71844660194176,166
17331,2020-07-06,Tasmania,New cases,0.0,166
17332,2020-07-06,Tasmania,css_per_prsn,0.0,166
17333,2020-07-06,Tasmania,New cases per week,0.0,166
17334,2020-07-06,Tasmania,log10(Total cases),2.357934847000454,166
17335,2020-07-06,Tasmania,log10(New cases per week),0.0,166
17336,2020-07-06,Tasmania,Slope of power-law,0.0,166
17337,2020-07-06,Tasmania,Acceleration of power-law,0.0,166
17338,2020-07-06,Tasmania,Growth Rate,0.0,166
17339,2020-07-06,Tasmania,Days since first case,166.0,166
17340,2020-07-06,Tasmania,Average Growth Rate,816119577537955.4,166
17341,2020-07-06,Tasmania,Doubling time,1.3547584987130059e+17,166
17342,2020-07-06,Victoria,Total cases,2824.0,166
17343,2020-07-06,Victoria,Total cases per million,444.0949834879698,166
17344,2020-07-06,Victoria,New cases,164.0,166
17345,2020-07-06,Victoria,css_per_prsn,25.790218587828274,166
17346,2020-07-06,Victoria,New cases per week,665.0,166
17347,2020-07-06,Victoria,log10(Total cases),3.450864692379766,166
17348,2020-07-06,Victoria,log10(New cases per week),2.8228216453031045,166
17349,2020-07-06,Victoria,Slope of power-law,3.916376956041696,166
17350,2020-07-06,Victoria,Acceleration of power-law,-7.923820627095259,166
17351,2020-07-06,Victoria,Growth Rate,4.084352461586704,166
17352,2020-07-06,Victoria,Days since first case,166.0,166
17353,2020-07-06,Victoria,Average Growth Rate,0.21414270736974864,166
17354,2020-07-06,Victoria,Doubling time,35.54768942337827,166
17355,2020-07-06,Western Australia,Total cases,621.0,166
17356,2020-07-06,Western Australia,Total cases per million,239.86095017381228,166
17357,2020-07-06,Western Australia,New cases,3.0,166
17358,2020-07-06,Western Australia,css_per_prsn,1.1587485515643106,166
17359,2020-07-06,Western Australia,New cases per week,10.0,166
17360,2020-07-06,Western Australia,log10(Total cases),2.79309160017658,166
17361,2020-07-06,Western Australia,log10(New cases per week),1.0,166
17362,2020-07-06,Western Australia,Slope of power-law,43.31074263288999,166
17363,2020-07-06,Western Australia,Acceleration of power-law,3461.6196575175327,166
17364,2020-07-06,Western Australia,Growth Rate,0.3254149040026033,166
17365,2020-07-06,Western Australia,Days since first case,166.0,166
17366,2020-07-06,Western Australia,Average Growth Rate,4.829302386153695,166
17367,2020-07-06,Western Australia,Doubling time,801.6641961015134,166
17368,2020-07-07,Australian Capital Territory,Total cases,111.0,167
17369,2020-07-07,Australian Capital Territory,Total cases per million,292.10526315789474,167
17370,2020-07-07,Australian Capital Territory,New cases,3.0,167
17371,2020-07-07,Australian Capital Territory,css_per_prsn,7.894736842105263,167
17372,2020-07-07,Australian Capital Territory,New cases per week,3.0,167
17373,2020-07-07,Australian Capital Territory,log10(Total cases),2.0453229787866576,167
17374,2020-07-07,Australian Capital Territory,log10(New cases per week),0.47712125471966244,167
17375,2020-07-07,Australian Capital Territory,Slope of power-law,40.09684016362497,167
17376,2020-07-07,Australian Capital Territory,Acceleration of power-law,0.0,167
17377,2020-07-07,Australian Capital Territory,Growth Rate,0.5524861878453038,167
17378,2020-07-07,Australian Capital Territory,Days since first case,167.0,167
17379,2020-07-07,Australian Capital Territory,Average Growth Rate,6.272981984067834,167
17380,2020-07-07,Australian Capital Territory,Doubling time,1047.5879913393283,167
17381,2020-07-07,New South Wales,Total cases,3440.0,167
17382,2020-07-07,New South Wales,Total cases per million,455.9915164369035,167
17383,2020-07-07,New South Wales,New cases,7.0,167
17384,2020-07-07,New South Wales,css_per_prsn,0.9278897136797456,167
17385,2020-07-07,New South Wales,New cases per week,237.0,167
17386,2020-07-07,New South Wales,log10(Total cases),3.53655844257153,167
17387,2020-07-07,New South Wales,log10(New cases per week),2.374748346010104,167
17388,2020-07-07,New South Wales,Slope of power-law,26.85458436892832,167
17389,2020-07-07,New South Wales,Acceleration of power-law,152.0846237597874,167
17390,2020-07-07,New South Wales,Growth Rate,1.337148195725797,167
17391,2020-07-07,New South Wales,Days since first case,167.0,167
17392,2020-07-07,New South Wales,Average Growth Rate,0.5121393262226537,167
17393,2020-07-07,New South Wales,Doubling time,85.52726747918317,167
17394,2020-07-07,Northern Territory,Total cases,30.0,167
17395,2020-07-07,Northern Territory,Total cases per million,122.79983626688498,167
17396,2020-07-07,Northern Territory,New cases,0.0,167
17397,2020-07-07,Northern Territory,css_per_prsn,0.0,167
17398,2020-07-07,Northern Territory,New cases per week,1.0,167
17399,2020-07-07,Northern Territory,log10(Total cases),1.4771212547196624,167
17400,2020-07-07,Northern Territory,log10(New cases per week),0.0,167
17401,2020-07-07,Northern Territory,Slope of power-law,0.0,167
17402,2020-07-07,Northern Territory,Acceleration of power-law,0.0,167
17403,2020-07-07,Northern Territory,Growth Rate,0.0,167
17404,2020-07-07,Northern Territory,Days since first case,167.0,167
17405,2020-07-07,Northern Territory,Average Growth Rate,1.7212638087866796,167
17406,2020-07-07,Northern Territory,Doubling time,287.4510560673755,167
17407,2020-07-07,Queensland,Total cases,1068.0,167
17408,2020-07-07,Queensland,Total cases per million,210.6093472687833,167
17409,2020-07-07,Queensland,New cases,0.0,167
17410,2020-07-07,Queensland,css_per_prsn,0.0,167
17411,2020-07-07,Queensland,New cases per week,1.0,167
17412,2020-07-07,Queensland,log10(Total cases),3.0285712526925375,167
17413,2020-07-07,Queensland,log10(New cases per week),0.0,167
17414,2020-07-07,Queensland,Slope of power-law,0.0,167
17415,2020-07-07,Queensland,Acceleration of power-law,0.0,167
17416,2020-07-07,Queensland,Growth Rate,0.01873711823121604,167
17417,2020-07-07,Queensland,Days since first case,167.0,167
17418,2020-07-07,Queensland,Average Growth Rate,92.47449741469589,167
17419,2020-07-07,Queensland,Doubling time,15443.241068254214,167
17420,2020-07-07,South Australia,Total cases,443.0,167
17421,2020-07-07,South Australia,Total cases per million,264.16219439475253,167
17422,2020-07-07,South Australia,New cases,0.0,167
17423,2020-07-07,South Australia,css_per_prsn,0.0,167
17424,2020-07-07,South Australia,New cases per week,0.0,167
17425,2020-07-07,South Australia,log10(Total cases),2.6464037262230695,167
17426,2020-07-07,South Australia,log10(New cases per week),0.0,167
17427,2020-07-07,South Australia,Slope of power-law,0.0,167
17428,2020-07-07,South Australia,Acceleration of power-law,0.0,167
17429,2020-07-07,South Australia,Growth Rate,0.0,167
17430,2020-07-07,South Australia,Days since first case,167.0,167
17431,2020-07-07,South Australia,Average Growth Rate,25.588683415666452,167
17432,2020-07-07,South Australia,Doubling time,4273.310130416297,167
17433,2020-07-07,Tasmania,Total cases,228.0,167
17434,2020-07-07,Tasmania,Total cases per million,442.71844660194176,167
17435,2020-07-07,Tasmania,New cases,0.0,167
17436,2020-07-07,Tasmania,css_per_prsn,0.0,167
17437,2020-07-07,Tasmania,New cases per week,0.0,167
17438,2020-07-07,Tasmania,log10(Total cases),2.357934847000454,167
17439,2020-07-07,Tasmania,log10(New cases per week),0.0,167
17440,2020-07-07,Tasmania,Slope of power-law,0.0,167
17441,2020-07-07,Tasmania,Acceleration of power-law,0.0,167
17442,2020-07-07,Tasmania,Growth Rate,0.0,167
17443,2020-07-07,Tasmania,Days since first case,167.0,167
17444,2020-07-07,Tasmania,Average Growth Rate,816119577537955.4,167
17445,2020-07-07,Tasmania,Doubling time,1.3629196944883854e+17,167
17446,2020-07-07,Victoria,Total cases,2942.0,167
17447,2020-07-07,Victoria,Total cases per million,462.65136027677306,167
17448,2020-07-07,Victoria,New cases,118.0,167
17449,2020-07-07,Victoria,css_per_prsn,18.55637678880327,167
17450,2020-07-07,Victoria,New cases per week,711.0,167
17451,2020-07-07,Victoria,log10(Total cases),3.4686426683915115,167
17452,2020-07-07,Victoria,log10(New cases per week),2.851869600729766,167
17453,2020-07-07,Victoria,Slope of power-law,3.5189191725872324,167
17454,2020-07-07,Victoria,Acceleration of power-law,-22.35675102676906,167
17455,2020-07-07,Victoria,Growth Rate,4.306076519129783,167
17456,2020-07-07,Victoria,Days since first case,167.0,167
17457,2020-07-07,Victoria,Average Growth Rate,0.19868104898846298,167
17458,2020-07-07,Victoria,Doubling time,33.17973518107332,167
17459,2020-07-07,Western Australia,Total cases,624.0,167
17460,2020-07-07,Western Australia,Total cases per million,241.0196987253766,167
17461,2020-07-07,Western Australia,New cases,3.0,167
17462,2020-07-07,Western Australia,css_per_prsn,1.1587485515643106,167
17463,2020-07-07,Western Australia,New cases per week,13.0,167
17464,2020-07-07,Western Australia,log10(Total cases),2.795184589682424,167
17465,2020-07-07,Western Australia,log10(New cases per week),1.1139433523068367,167
17466,2020-07-07,Western Australia,Slope of power-law,48.44033044388804,167
17467,2020-07-07,Western Australia,Acceleration of power-law,2450.842585055966,167
17468,2020-07-07,Western Australia,Growth Rate,0.42125729099157483,167
17469,2020-07-07,Western Australia,Days since first case,167.0,167
17470,2020-07-07,Western Australia,Average Growth Rate,3.2287601675370023,167
17471,2020-07-07,Western Australia,Doubling time,539.2029479786794,167
17472,2020-07-08,Australian Capital Territory,Total cases,112.0,168
17473,2020-07-08,Australian Capital Territory,Total cases per million,294.7368421052632,168
17474,2020-07-08,Australian Capital Territory,New cases,1.0,168
17475,2020-07-08,Australian Capital Territory,css_per_prsn,2.6315789473684212,168
17476,2020-07-08,Australian Capital Territory,New cases per week,4.0,168
17477,2020-07-08,Australian Capital Territory,log10(Total cases),2.0492180226701815,168
17478,2020-07-08,Australian Capital Territory,log10(New cases per week),0.6020599913279624,168
17479,2020-07-08,Australian Capital Territory,Slope of power-law,38.11889366840358,168
17480,2020-07-08,Australian Capital Territory,Acceleration of power-law,-507.8110938847521,168
17481,2020-07-08,Australian Capital Territory,Growth Rate,0.7312614259597806,168
17482,2020-07-08,Australian Capital Territory,Days since first case,168.0,168
17483,2020-07-08,Australian Capital Territory,Average Growth Rate,2.699701923906375,168
17484,2020-07-08,Australian Capital Territory,Doubling time,453.549923216271,168
17485,2020-07-08,New South Wales,Total cases,3453.0,168
17486,2020-07-08,New South Wales,Total cases per million,457.7147401908802,168
17487,2020-07-08,New South Wales,New cases,13.0,168
17488,2020-07-08,New South Wales,css_per_prsn,1.7232237539766704,168
17489,2020-07-08,New South Wales,New cases per week,242.0,168
17490,2020-07-08,New South Wales,log10(Total cases),3.5381965783494542,168
17491,2020-07-08,New South Wales,log10(New cases per week),2.383815365980431,168
17492,2020-07-08,New South Wales,Slope of power-law,24.566012814623893,168
17493,2020-07-08,New South Wales,Acceleration of power-law,-1397.0585253954662,168
17494,2020-07-08,New South Wales,Growth Rate,0.279492255735414,168
17495,2020-07-08,New South Wales,Days since first case,168.0,168
17496,2020-07-08,New South Wales,Average Growth Rate,0.6097282173005856,168
17497,2020-07-08,New South Wales,Doubling time,102.43434050649837,168
17498,2020-07-08,Northern Territory,Total cases,30.0,168
17499,2020-07-08,Northern Territory,Total cases per million,122.79983626688498,168
17500,2020-07-08,Northern Territory,New cases,0.0,168
17501,2020-07-08,Northern Territory,css_per_prsn,0.0,168
17502,2020-07-08,Northern Territory,New cases per week,0.0,168
17503,2020-07-08,Northern Territory,log10(Total cases),1.4771212547196624,168
17504,2020-07-08,Northern Territory,log10(New cases per week),0.0,168
17505,2020-07-08,Northern Territory,Slope of power-law,0.0,168
17506,2020-07-08,Northern Territory,Acceleration of power-law,0.0,168
17507,2020-07-08,Northern Territory,Growth Rate,0.0,168
17508,2020-07-08,Northern Territory,Days since first case,168.0,168
17509,2020-07-08,Northern Territory,Average Growth Rate,2.5906086096178926,168
17510,2020-07-08,Northern Territory,Doubling time,435.22224641580596,168
17511,2020-07-08,Queensland,Total cases,1068.0,168
17512,2020-07-08,Queensland,Total cases per million,210.6093472687833,168
17513,2020-07-08,Queensland,New cases,0.0,168
17514,2020-07-08,Queensland,css_per_prsn,0.0,168
17515,2020-07-08,Queensland,New cases per week,1.0,168
17516,2020-07-08,Queensland,log10(Total cases),3.0285712526925375,168
17517,2020-07-08,Queensland,log10(New cases per week),0.0,168
17518,2020-07-08,Queensland,Slope of power-law,0.0,168
17519,2020-07-08,Queensland,Acceleration of power-law,0.0,168
17520,2020-07-08,Queensland,Growth Rate,0.0187336080929187,168
17521,2020-07-08,Queensland,Days since first case,168.0,168
17522,2020-07-08,Queensland,Average Growth Rate,61.65544026776127,168
17523,2020-07-08,Queensland,Doubling time,10358.113964983893,168
17524,2020-07-08,South Australia,Total cases,443.0,168
17525,2020-07-08,South Australia,Total cases per million,264.16219439475253,168
17526,2020-07-08,South Australia,New cases,0.0,168
17527,2020-07-08,South Australia,css_per_prsn,0.0,168
17528,2020-07-08,South Australia,New cases per week,0.0,168
17529,2020-07-08,South Australia,log10(Total cases),2.6464037262230695,168
17530,2020-07-08,South Australia,log10(New cases per week),0.0,168
17531,2020-07-08,South Australia,Slope of power-law,0.0,168
17532,2020-07-08,South Australia,Acceleration of power-law,0.0,168
17533,2020-07-08,South Australia,Growth Rate,0.0,168
17534,2020-07-08,South Australia,Days since first case,168.0,168
17535,2020-07-08,South Australia,Average Growth Rate,134554197589770.67,168
17536,2020-07-08,South Australia,Doubling time,2.260510519508147e+16,168
17537,2020-07-08,Tasmania,Total cases,228.0,168
17538,2020-07-08,Tasmania,Total cases per million,442.71844660194176,168
17539,2020-07-08,Tasmania,New cases,0.0,168
17540,2020-07-08,Tasmania,css_per_prsn,0.0,168
17541,2020-07-08,Tasmania,New cases per week,0.0,168
17542,2020-07-08,Tasmania,log10(Total cases),2.357934847000454,168
17543,2020-07-08,Tasmania,log10(New cases per week),0.0,168
17544,2020-07-08,Tasmania,Slope of power-law,0.0,168
17545,2020-07-08,Tasmania,Acceleration of power-law,0.0,168
17546,2020-07-08,Tasmania,Growth Rate,0.0,168
17547,2020-07-08,Tasmania,Days since first case,168.0,168
17548,2020-07-08,Tasmania,Average Growth Rate,816119577537955.4,168
17549,2020-07-08,Tasmania,Doubling time,1.371080890263765e+17,168
17550,2020-07-08,Victoria,Total cases,3098.0,168
17551,2020-07-08,Victoria,Total cases per million,487.18351942129266,168
17552,2020-07-08,Victoria,New cases,156.0,168
17553,2020-07-08,Victoria,css_per_prsn,24.53215914451958,168
17554,2020-07-08,Victoria,New cases per week,795.0,168
17555,2020-07-08,Victoria,log10(Total cases),3.491081413423187,168
17556,2020-07-08,Victoria,log10(New cases per week),2.9003671286564705,168
17557,2020-07-08,Victoria,Slope of power-law,2.951260503855345,168
17558,2020-07-08,Victoria,Acceleration of power-law,-25.29814692981057,168
17559,2020-07-08,Victoria,Growth Rate,5.19203413940256,168
17560,2020-07-08,Victoria,Days since first case,168.0,168
17561,2020-07-08,Victoria,Average Growth Rate,0.17087667403077023,168
17562,2020-07-08,Victoria,Doubling time,28.707281237169397,168
17563,2020-07-08,Western Australia,Total cases,624.0,168
17564,2020-07-08,Western Australia,Total cases per million,241.0196987253766,168
17565,2020-07-08,Western Australia,New cases,0.0,168
17566,2020-07-08,Western Australia,css_per_prsn,0.0,168
17567,2020-07-08,Western Australia,New cases per week,13.0,168
17568,2020-07-08,Western Australia,log10(Total cases),2.795184589682424,168
17569,2020-07-08,Western Australia,log10(New cases per week),1.1139433523068367,168
17570,2020-07-08,Western Australia,Slope of power-law,48.44033044388804,168
17571,2020-07-08,Western Australia,Acceleration of power-law,0.0,168
17572,2020-07-08,Western Australia,Growth Rate,0.41949015811552115,168
17573,2020-07-08,Western Australia,Days since first case,168.0,168
17574,2020-07-08,Western Australia,Average Growth Rate,2.42797380719112,168
17575,2020-07-08,Western Australia,Doubling time,407.89959960810813,168
17576,2020-07-09,Australian Capital Territory,Total cases,113.0,169
17577,2020-07-09,Australian Capital Territory,Total cases per million,297.36842105263156,169
17578,2020-07-09,Australian Capital Territory,New cases,1.0,169
17579,2020-07-09,Australian Capital Territory,css_per_prsn,2.6315789473684212,169
17580,2020-07-09,Australian Capital Territory,New cases per week,5.0,169
17581,2020-07-09,Australian Capital Territory,log10(Total cases),2.0530784434834195,169
17582,2020-07-09,Australian Capital Territory,log10(New cases per week),0.6989700043360189,169
17583,2020-07-09,Australian Capital Territory,Slope of power-law,35.56250826579224,169
17584,2020-07-09,Australian Capital Territory,Acceleration of power-law,-662.203818258642,169
17585,2020-07-09,Australian Capital Territory,Growth Rate,0.9057971014492754,169
17586,2020-07-09,Australian Capital Territory,Days since first case,169.0,169
17587,2020-07-09,Australian Capital Territory,Average Growth Rate,1.58285687369356,169
17588,2020-07-09,Australian Capital Territory,Doubling time,267.50281165421165,169
17589,2020-07-09,New South Wales,Total cases,3467.0,169
17590,2020-07-09,New South Wales,Total cases per million,459.5705196182397,169
17591,2020-07-09,New South Wales,New cases,14.0,169
17592,2020-07-09,New South Wales,css_per_prsn,1.8557794273594912,169
17593,2020-07-09,New South Wales,New cases per week,256.0,169
17594,2020-07-09,New South Wales,log10(Total cases),3.5399538416563967,169
17595,2020-07-09,New South Wales,log10(New cases per week),2.4082399653118496,169
17596,2020-07-09,New South Wales,Slope of power-law,22.51213807734457,169
17597,2020-07-09,New South Wales,Acceleration of power-law,-1168.7916825924772,169
17598,2020-07-09,New South Wales,Growth Rate,0.27871327371966087,169
17599,2020-07-09,New South Wales,Days since first case,169.0,169
17600,2020-07-09,New South Wales,Average Growth Rate,0.7592773929869583,169
17601,2020-07-09,New South Wales,Doubling time,128.31787941479595,169
17602,2020-07-09,Northern Territory,Total cases,31.0,169
17603,2020-07-09,Northern Territory,Total cases per million,126.89316414244782,169
17604,2020-07-09,Northern Territory,New cases,1.0,169
17605,2020-07-09,Northern Territory,css_per_prsn,4.093327875562832,169
17606,2020-07-09,Northern Territory,New cases per week,1.0,169
17607,2020-07-09,Northern Territory,log10(Total cases),1.4913616938342726,169
17608,2020-07-09,Northern Territory,log10(New cases per week),0.0,169
17609,2020-07-09,Northern Territory,Slope of power-law,0.0,169
17610,2020-07-09,Northern Territory,Acceleration of power-law,0.0,169
17611,2020-07-09,Northern Territory,Growth Rate,0.6622516556291391,169
17612,2020-07-09,Northern Territory,Days since first case,169.0,169
17613,2020-07-09,Northern Territory,Average Growth Rate,2.6079374816749143,169
17614,2020-07-09,Northern Territory,Doubling time,440.7414344030605,169
17615,2020-07-09,Queensland,Total cases,1068.0,169
17616,2020-07-09,Queensland,Total cases per million,210.6093472687833,169
17617,2020-07-09,Queensland,New cases,0.0,169
17618,2020-07-09,Queensland,css_per_prsn,0.0,169
17619,2020-07-09,Queensland,New cases per week,1.0,169
17620,2020-07-09,Queensland,log10(Total cases),3.0285712526925375,169
17621,2020-07-09,Queensland,log10(New cases per week),0.0,169
17622,2020-07-09,Queensland,Slope of power-law,0.0,169
17623,2020-07-09,Queensland,Acceleration of power-law,0.0,169
17624,2020-07-09,Queensland,Growth Rate,0.01873009926952613,169
17625,2020-07-09,Queensland,Days since first case,169.0,169
17626,2020-07-09,Queensland,Average Growth Rate,46.24591142387492,169
17627,2020-07-09,Queensland,Doubling time,7815.559030634862,169
17628,2020-07-09,South Australia,Total cases,443.0,169
17629,2020-07-09,South Australia,Total cases per million,264.16219439475253,169
17630,2020-07-09,South Australia,New cases,0.0,169
17631,2020-07-09,South Australia,css_per_prsn,0.0,169
17632,2020-07-09,South Australia,New cases per week,0.0,169
17633,2020-07-09,South Australia,log10(Total cases),2.6464037262230695,169
17634,2020-07-09,South Australia,log10(New cases per week),0.0,169
17635,2020-07-09,South Australia,Slope of power-law,-inf,169
17636,2020-07-09,South Australia,Acceleration of power-law,-inf,169
17637,2020-07-09,South Australia,Growth Rate,0.0,169
17638,2020-07-09,South Australia,Days since first case,169.0,169
17639,2020-07-09,South Australia,Average Growth Rate,134554197589770.67,169
17640,2020-07-09,South Australia,Doubling time,2.2739659392671244e+16,169
17641,2020-07-09,Tasmania,Total cases,228.0,169
17642,2020-07-09,Tasmania,Total cases per million,442.71844660194176,169
17643,2020-07-09,Tasmania,New cases,0.0,169
17644,2020-07-09,Tasmania,css_per_prsn,0.0,169
17645,2020-07-09,Tasmania,New cases per week,0.0,169
17646,2020-07-09,Tasmania,log10(Total cases),2.357934847000454,169
17647,2020-07-09,Tasmania,log10(New cases per week),0.0,169
17648,2020-07-09,Tasmania,Slope of power-law,0.0,169
17649,2020-07-09,Tasmania,Acceleration of power-law,0.0,169
17650,2020-07-09,Tasmania,Growth Rate,0.0,169
17651,2020-07-09,Tasmania,Days since first case,169.0,169
17652,2020-07-09,Tasmania,Average Growth Rate,816119577537955.4,169
17653,2020-07-09,Tasmania,Doubling time,1.3792420860391446e+17,169
17654,2020-07-09,Victoria,Total cases,3397.0,169
17655,2020-07-09,Victoria,Total cases per million,534.2034911149552,169
17656,2020-07-09,Victoria,New cases,299.0,169
17657,2020-07-09,Victoria,css_per_prsn,47.01997169366253,169
17658,2020-07-09,Victoria,New cases per week,1029.0,169
17659,2020-07-09,Victoria,log10(Total cases),3.531095546870028,169
17660,2020-07-09,Victoria,log10(New cases per week),3.012415374762433,169
17661,2020-07-09,Victoria,Slope of power-law,2.7564791327573404,169
17662,2020-07-09,Victoria,Acceleration of power-law,-4.867814302583192,169
17663,2020-07-09,Victoria,Growth Rate,5.770390724482273,169
17664,2020-07-09,Victoria,Days since first case,169.0,169
17665,2020-07-09,Victoria,Average Growth Rate,0.15161237935771102,169
17666,2020-07-09,Victoria,Doubling time,25.622492111453163,169
17667,2020-07-09,Western Australia,Total cases,627.0,169
17668,2020-07-09,Western Australia,Total cases per million,242.17844727694091,169
17669,2020-07-09,Western Australia,New cases,3.0,169
17670,2020-07-09,Western Australia,css_per_prsn,1.1587485515643106,169
17671,2020-07-09,Western Australia,New cases per week,16.0,169
17672,2020-07-09,Western Australia,log10(Total cases),2.7972675408307164,169
17673,2020-07-09,Western Australia,log10(New cases per week),1.2041199826559248,169
17674,2020-07-09,Western Australia,Slope of power-law,53.629276868330116,169
17675,2020-07-09,Western Australia,Acceleration of power-law,2491.1512824946954,169
17676,2020-07-09,Western Australia,Growth Rate,0.48169556840077077,169
17677,2020-07-09,Western Australia,Days since first case,169.0,169
17678,2020-07-09,Western Australia,Average Growth Rate,1.8470212151265877,169
17679,2020-07-09,Western Australia,Doubling time,312.1465853563933,169
17680,2020-07-10,Australian Capital Territory,Total cases,113.0,170
17681,2020-07-10,Australian Capital Territory,Total cases per million,297.36842105263156,170
17682,2020-07-10,Australian Capital Territory,New cases,0.0,170
17683,2020-07-10,Australian Capital Territory,css_per_prsn,0.0,170
17684,2020-07-10,Australian Capital Territory,New cases per week,5.0,170
17685,2020-07-10,Australian Capital Territory,log10(Total cases),2.0530784434834195,170
17686,2020-07-10,Australian Capital Territory,log10(New cases per week),0.6989700043360189,170
17687,2020-07-10,Australian Capital Territory,Slope of power-law,35.56250826579224,170
17688,2020-07-10,Australian Capital Territory,Acceleration of power-law,0.0,170
17689,2020-07-10,Australian Capital Territory,Growth Rate,0.8976660682226212,170
17690,2020-07-10,Australian Capital Territory,Days since first case,170.0,170
17691,2020-07-10,Australian Capital Territory,Average Growth Rate,1.1226107142889876,170
17692,2020-07-10,Australian Capital Territory,Doubling time,190.8438214291279,170
17693,2020-07-10,New South Wales,Total cases,3474.0,170
17694,2020-07-10,New South Wales,Total cases per million,460.49840933191945,170
17695,2020-07-10,New South Wales,New cases,7.0,170
17696,2020-07-10,New South Wales,css_per_prsn,0.9278897136797456,170
17697,2020-07-10,New South Wales,New cases per week,69.0,170
17698,2020-07-10,New South Wales,log10(Total cases),3.54082981411108,170
17699,2020-07-10,New South Wales,log10(New cases per week),1.8388490907372552,170
17700,2020-07-10,New South Wales,Slope of power-law,5.539565793076167,170
17701,2020-07-10,New South Wales,Acceleration of power-law,-19375.691773786377,170
17702,2020-07-10,New South Wales,Growth Rate,0.2606127294839868,170
17703,2020-07-10,New South Wales,Days since first case,170.0,170
17704,2020-07-10,New South Wales,Average Growth Rate,0.9988260893726465,170
17705,2020-07-10,New South Wales,Doubling time,169.8004351933499,170
17706,2020-07-10,Northern Territory,Total cases,31.0,170
17707,2020-07-10,Northern Territory,Total cases per million,126.89316414244782,170
17708,2020-07-10,Northern Territory,New cases,0.0,170
17709,2020-07-10,Northern Territory,css_per_prsn,0.0,170
17710,2020-07-10,Northern Territory,New cases per week,1.0,170
17711,2020-07-10,Northern Territory,log10(Total cases),1.4913616938342726,170
17712,2020-07-10,Northern Territory,log10(New cases per week),0.0,170
17713,2020-07-10,Northern Territory,Slope of power-law,0.0,170
17714,2020-07-10,Northern Territory,Acceleration of power-law,0.0,170
17715,2020-07-10,Northern Territory,Growth Rate,0.6578947368421053,170
17716,2020-07-10,Northern Territory,Days since first case,170.0,170
17717,2020-07-10,Northern Territory,Average Growth Rate,2.625266351190114,170
17718,2020-07-10,Northern Territory,Doubling time,446.2952797023194,170
17719,2020-07-10,Queensland,Total cases,1070.0,170
17720,2020-07-10,Queensland,Total cases per million,211.00374679550384,170
17721,2020-07-10,Queensland,New cases,2.0,170
17722,2020-07-10,Queensland,css_per_prsn,0.39439952672056794,170
17723,2020-07-10,Queensland,New cases per week,3.0,170
17724,2020-07-10,Queensland,log10(Total cases),3.0293837776852097,170
17725,2020-07-10,Queensland,log10(New cases per week),0.47712125471966244,170
17726,2020-07-10,Queensland,Slope of power-law,391.28881976827,170
17727,2020-07-10,Queensland,Acceleration of power-law,481571.42647561705,170
17728,2020-07-10,Queensland,Growth Rate,0.05615874204417821,170
17729,2020-07-10,Queensland,Days since first case,170.0,170
17730,2020-07-10,Queensland,Average Growth Rate,26.435779453950882,170
17731,2020-07-10,Queensland,Doubling time,4494.08250717165,170
17732,2020-07-10,South Australia,Total cases,443.0,170
17733,2020-07-10,South Australia,Total cases per million,264.16219439475253,170
17734,2020-07-10,South Australia,New cases,0.0,170
17735,2020-07-10,South Australia,css_per_prsn,0.0,170
17736,2020-07-10,South Australia,New cases per week,0.0,170
17737,2020-07-10,South Australia,log10(Total cases),2.6464037262230695,170
17738,2020-07-10,South Australia,log10(New cases per week),0.0,170
17739,2020-07-10,South Australia,Slope of power-law,-inf,170
17740,2020-07-10,South Australia,Acceleration of power-law,0.0,170
17741,2020-07-10,South Australia,Growth Rate,0.0,170
17742,2020-07-10,South Australia,Days since first case,170.0,170
17743,2020-07-10,South Australia,Average Growth Rate,134554197589770.67,170
17744,2020-07-10,South Australia,Doubling time,2.2874213590261016e+16,170
17745,2020-07-10,Tasmania,Total cases,228.0,170
17746,2020-07-10,Tasmania,Total cases per million,442.71844660194176,170
17747,2020-07-10,Tasmania,New cases,0.0,170
17748,2020-07-10,Tasmania,css_per_prsn,0.0,170
17749,2020-07-10,Tasmania,New cases per week,0.0,170
17750,2020-07-10,Tasmania,log10(Total cases),2.357934847000454,170
17751,2020-07-10,Tasmania,log10(New cases per week),0.0,170
17752,2020-07-10,Tasmania,Slope of power-law,0.0,170
17753,2020-07-10,Tasmania,Acceleration of power-law,0.0,170
17754,2020-07-10,Tasmania,Growth Rate,0.0,170
17755,2020-07-10,Tasmania,Days since first case,170.0,170
17756,2020-07-10,Tasmania,Average Growth Rate,816119577537955.4,170
17757,2020-07-10,Tasmania,Doubling time,1.3874032818145242e+17,170
17758,2020-07-10,Victoria,Total cases,3560.0,170
17759,2020-07-10,Victoria,Total cases per million,559.8364522723699,170
17760,2020-07-10,Victoria,New cases,163.0,170
17761,2020-07-10,Victoria,css_per_prsn,25.632961157414687,170
17762,2020-07-10,Victoria,New cases per week,1192.0,170
17763,2020-07-10,Victoria,log10(Total cases),3.5514499979728753,170
17764,2020-07-10,Victoria,log10(New cases per week),3.076276255404218,170
17765,2020-07-10,Victoria,Slope of power-law,2.6407767981377543,170
17766,2020-07-10,Victoria,Acceleration of power-law,-5.684375080171088,170
17767,2020-07-10,Victoria,Growth Rate,5.688641678781367,170
17768,2020-07-10,Victoria,Days since first case,170.0,170
17769,2020-07-10,Victoria,Average Growth Rate,0.13839971736366793,170
17770,2020-07-10,Victoria,Doubling time,23.52795195182355,170
17771,2020-07-10,Western Australia,Total cases,634.0,170
17772,2020-07-10,Western Australia,Total cases per million,244.88219389725762,170
17773,2020-07-10,Western Australia,New cases,7.0,170
17774,2020-07-10,Western Australia,css_per_prsn,2.703746620316725,170
17775,2020-07-10,Western Australia,New cases per week,23.0,170
17776,2020-07-10,Western Australia,log10(Total cases),2.802089257881733,170
17777,2020-07-10,Western Australia,log10(New cases per week),1.3617278360175928,170
17778,2020-07-10,Western Australia,Slope of power-law,47.33708808509616,170
17779,2020-07-10,Western Australia,Acceleration of power-law,-1304.9684825258291,170
17780,2020-07-10,Western Australia,Growth Rate,0.5111821086261981,170
17781,2020-07-10,Western Australia,Days since first case,170.0,170
17782,2020-07-10,Western Australia,Average Growth Rate,1.6052207714649744,170
17783,2020-07-10,Western Australia,Doubling time,272.8875311490456,170
17784,2020-07-11,Australian Capital Territory,Total cases,113.0,171
17785,2020-07-11,Australian Capital Territory,Total cases per million,297.36842105263156,171
17786,2020-07-11,Australian Capital Territory,New cases,0.0,171
17787,2020-07-11,Australian Capital Territory,css_per_prsn,0.0,171
17788,2020-07-11,Australian Capital Territory,New cases per week,5.0,171
17789,2020-07-11,Australian Capital Territory,log10(Total cases),2.0530784434834195,171
17790,2020-07-11,Australian Capital Territory,log10(New cases per week),0.6989700043360189,171
17791,2020-07-11,Australian Capital Territory,Slope of power-law,35.56250826579224,171
17792,2020-07-11,Australian Capital Territory,Acceleration of power-law,0.0,171
17793,2020-07-11,Australian Capital Territory,Growth Rate,0.889679715302491,171
17794,2020-07-11,Australian Capital Territory,Days since first case,171.0,171
17795,2020-07-11,Australian Capital Territory,Average Growth Rate,0.871468777896551,171
17796,2020-07-11,Australian Capital Territory,Doubling time,149.02116102031022,171
17797,2020-07-11,New South Wales,Total cases,3478.0,171
17798,2020-07-11,New South Wales,Total cases per million,461.0286320254507,171
17799,2020-07-11,New South Wales,New cases,4.0,171
17800,2020-07-11,New South Wales,css_per_prsn,0.5302226935312832,171
17801,2020-07-11,New South Wales,New cases per week,59.0,171
17802,2020-07-11,New South Wales,log10(Total cases),3.5413295776666938,171
17803,2020-07-11,New South Wales,log10(New cases per week),1.7708520116421442,171
17804,2020-07-11,New South Wales,Slope of power-law,2.3250972629427253,171
17805,2020-07-11,New South Wales,Acceleration of power-law,-6431.978670763644,171
17806,2020-07-11,New South Wales,Growth Rate,0.25993530499075784,171
17807,2020-07-11,New South Wales,Days since first case,171.0,171
17808,2020-07-11,New South Wales,Average Growth Rate,1.434551669557031,171
17809,2020-07-11,New South Wales,Doubling time,245.3083354942523,171
17810,2020-07-11,Northern Territory,Total cases,31.0,171
17811,2020-07-11,Northern Territory,Total cases per million,126.89316414244782,171
17812,2020-07-11,Northern Territory,New cases,0.0,171
17813,2020-07-11,Northern Territory,css_per_prsn,0.0,171
17814,2020-07-11,Northern Territory,New cases per week,1.0,171
17815,2020-07-11,Northern Territory,log10(Total cases),1.4913616938342726,171
17816,2020-07-11,Northern Territory,log10(New cases per week),0.0,171
17817,2020-07-11,Northern Territory,Slope of power-law,0.0,171
17818,2020-07-11,Northern Territory,Acceleration of power-law,0.0,171
17819,2020-07-11,Northern Territory,Growth Rate,0.6535947712418301,171
17820,2020-07-11,Northern Territory,Days since first case,171.0,171
17821,2020-07-11,Northern Territory,Average Growth Rate,1.7559221880339617,171
17822,2020-07-11,Northern Territory,Doubling time,300.26269415380744,171
17823,2020-07-11,Queensland,Total cases,1070.0,171
17824,2020-07-11,Queensland,Total cases per million,211.00374679550384,171
17825,2020-07-11,Queensland,New cases,0.0,171
17826,2020-07-11,Queensland,css_per_prsn,0.0,171
17827,2020-07-11,Queensland,New cases per week,3.0,171
17828,2020-07-11,Queensland,log10(Total cases),3.0293837776852097,171
17829,2020-07-11,Queensland,log10(New cases per week),0.47712125471966244,171
17830,2020-07-11,Queensland,Slope of power-law,391.28881976827,171
17831,2020-07-11,Queensland,Acceleration of power-law,0.0,171
17832,2020-07-11,Queensland,Growth Rate,0.037425149700598806,171
17833,2020-07-11,Queensland,Days since first case,171.0,171
17834,2020-07-11,Queensland,Average Growth Rate,23.138114250797074,171
17835,2020-07-11,Queensland,Doubling time,3956.6175368862996,171
17836,2020-07-11,South Australia,Total cases,443.0,171
17837,2020-07-11,South Australia,Total cases per million,264.16219439475253,171
17838,2020-07-11,South Australia,New cases,0.0,171
17839,2020-07-11,South Australia,css_per_prsn,0.0,171
17840,2020-07-11,South Australia,New cases per week,0.0,171
17841,2020-07-11,South Australia,log10(Total cases),2.6464037262230695,171
17842,2020-07-11,South Australia,log10(New cases per week),0.0,171
17843,2020-07-11,South Australia,Slope of power-law,-inf,171
17844,2020-07-11,South Australia,Acceleration of power-law,0.0,171
17845,2020-07-11,South Australia,Growth Rate,0.0,171
17846,2020-07-11,South Australia,Days since first case,171.0,171
17847,2020-07-11,South Australia,Average Growth Rate,134554197589770.67,171
17848,2020-07-11,South Australia,Doubling time,2.3008767787850784e+16,171
17849,2020-07-11,Tasmania,Total cases,228.0,171
17850,2020-07-11,Tasmania,Total cases per million,442.71844660194176,171
17851,2020-07-11,Tasmania,New cases,0.0,171
17852,2020-07-11,Tasmania,css_per_prsn,0.0,171
17853,2020-07-11,Tasmania,New cases per week,0.0,171
17854,2020-07-11,Tasmania,log10(Total cases),2.357934847000454,171
17855,2020-07-11,Tasmania,log10(New cases per week),0.0,171
17856,2020-07-11,Tasmania,Slope of power-law,0.0,171
17857,2020-07-11,Tasmania,Acceleration of power-law,0.0,171
17858,2020-07-11,Tasmania,Growth Rate,0.0,171
17859,2020-07-11,Tasmania,Days since first case,171.0,171
17860,2020-07-11,Tasmania,Average Growth Rate,816119577537955.4,171
17861,2020-07-11,Tasmania,Doubling time,1.3955644775899037e+17,171
17862,2020-07-11,Victoria,Total cases,3799.0,171
17863,2020-07-11,Victoria,Total cases per million,597.4209781412171,171
17864,2020-07-11,Victoria,New cases,239.0,171
17865,2020-07-11,Victoria,css_per_prsn,37.5845258688473,171
17866,2020-07-11,Victoria,New cases per week,1263.0,171
17867,2020-07-11,Victoria,log10(Total cases),3.5796692935547205,171
17868,2020-07-11,Victoria,log10(New cases per week),3.101403350555331,171
17869,2020-07-11,Victoria,Slope of power-law,2.3683275617196946,171
17870,2020-07-11,Victoria,Acceleration of power-law,-9.654714293908137,171
17871,2020-07-11,Victoria,Growth Rate,5.804953560371517,171
17872,2020-07-11,Victoria,Days since first case,171.0,171
17873,2020-07-11,Victoria,Average Growth Rate,0.12950165869773417,171
17874,2020-07-11,Victoria,Doubling time,22.144783637312543,171
17875,2020-07-11,Western Australia,Total cases,635.0,171
17876,2020-07-11,Western Australia,Total cases per million,245.26844341444573,171
17877,2020-07-11,Western Australia,New cases,1.0,171
17878,2020-07-11,Western Australia,css_per_prsn,0.3862495171881035,171
17879,2020-07-11,Western Australia,New cases per week,23.0,171
17880,2020-07-11,Western Australia,log10(Total cases),2.8027737252919755,171
17881,2020-07-11,Western Australia,log10(New cases per week),1.3617278360175928,171
17882,2020-07-11,Western Australia,Slope of power-law,52.86752043462307,171
17883,2020-07-11,Western Australia,Acceleration of power-law,8079.906021480847,171
17884,2020-07-11,Western Australia,Growth Rate,0.44529262086513993,171
17885,2020-07-11,Western Australia,Days since first case,171.0,171
17886,2020-07-11,Western Australia,Average Growth Rate,1.5207814794383416,171
17887,2020-07-11,Western Australia,Doubling time,260.05363298395645,171
17888,2020-07-12,Australian Capital Territory,Total cases,113.0,172
17889,2020-07-12,Australian Capital Territory,Total cases per million,297.36842105263156,172
17890,2020-07-12,Australian Capital Territory,New cases,0.0,172
17891,2020-07-12,Australian Capital Territory,css_per_prsn,0.0,172
17892,2020-07-12,Australian Capital Territory,New cases per week,5.0,172
17893,2020-07-12,Australian Capital Territory,log10(Total cases),2.0530784434834195,172
17894,2020-07-12,Australian Capital Territory,log10(New cases per week),0.6989700043360189,172
17895,2020-07-12,Australian Capital Territory,Slope of power-law,35.56250826579224,172
17896,2020-07-12,Australian Capital Territory,Acceleration of power-law,0.0,172
17897,2020-07-12,Australian Capital Territory,Growth Rate,0.3546099290780142,172
17898,2020-07-12,Australian Capital Territory,Days since first case,172.0,172
17899,2020-07-12,Australian Capital Territory,Average Growth Rate,0.9171005142305524,172
17900,2020-07-12,Australian Capital Territory,Doubling time,157.74128844765502,172
17901,2020-07-12,New South Wales,Total cases,3492.0,172
17902,2020-07-12,New South Wales,Total cases per million,462.8844114528102,172
17903,2020-07-12,New South Wales,New cases,14.0,172
17904,2020-07-12,New South Wales,css_per_prsn,1.8557794273594912,172
17905,2020-07-12,New South Wales,New cases per week,63.0,172
17906,2020-07-12,New South Wales,log10(Total cases),3.543074235033532,172
17907,2020-07-12,New South Wales,log10(New cases per week),1.7993405494535817,172
17908,2020-07-12,New South Wales,Slope of power-law,4.5526819725579815,172
17909,2020-07-12,New South Wales,Acceleration of power-law,1276.8035443269705,172
17910,2020-07-12,New South Wales,Growth Rate,0.2994701681640175,172
17911,2020-07-12,New South Wales,Days since first case,172.0,172
17912,2020-07-12,New South Wales,Average Growth Rate,2.5146395480612536,172
17913,2020-07-12,New South Wales,Doubling time,432.51800226653563,172
17914,2020-07-12,Northern Territory,Total cases,31.0,172
17915,2020-07-12,Northern Territory,Total cases per million,126.89316414244782,172
17916,2020-07-12,Northern Territory,New cases,0.0,172
17917,2020-07-12,Northern Territory,css_per_prsn,0.0,172
17918,2020-07-12,Northern Territory,New cases per week,1.0,172
17919,2020-07-12,Northern Territory,log10(Total cases),1.4913616938342726,172
17920,2020-07-12,Northern Territory,log10(New cases per week),0.0,172
17921,2020-07-12,Northern Territory,Slope of power-law,0.0,172
17922,2020-07-12,Northern Territory,Acceleration of power-law,0.0,172
17923,2020-07-12,Northern Territory,Growth Rate,0.6493506493506493,172
17924,2020-07-12,Northern Territory,Days since first case,172.0,172
17925,2020-07-12,Northern Territory,Average Growth Rate,1.3212407913209239,172
17926,2020-07-12,Northern Territory,Doubling time,227.25341610719892,172
17927,2020-07-12,Queensland,Total cases,1071.0,172
17928,2020-07-12,Queensland,Total cases per million,211.20094655886413,172
17929,2020-07-12,Queensland,New cases,1.0,172
17930,2020-07-12,Queensland,css_per_prsn,0.19719976336028397,172
17931,2020-07-12,Queensland,New cases per week,4.0,172
17932,2020-07-12,Queensland,log10(Total cases),3.029789470831856,172
17933,2020-07-12,Queensland,log10(New cases per week),0.6020599913279624,172
17934,2020-07-12,Queensland,Slope of power-law,370.4867357374083,172
17935,2020-07-12,Queensland,Acceleration of power-law,-51275.41394976942,172
17936,2020-07-12,Queensland,Growth Rate,0.05610622779128483,172
17937,2020-07-12,Queensland,Days since first case,172.0,172
17938,2020-07-12,Queensland,Average Growth Rate,18.518114004046026,172
17939,2020-07-12,Queensland,Doubling time,3185.1156086959163,172
17940,2020-07-12,South Australia,Total cases,443.0,172
17941,2020-07-12,South Australia,Total cases per million,264.16219439475253,172
17942,2020-07-12,South Australia,New cases,0.0,172
17943,2020-07-12,South Australia,css_per_prsn,0.0,172
17944,2020-07-12,South Australia,New cases per week,0.0,172
17945,2020-07-12,South Australia,log10(Total cases),2.6464037262230695,172
17946,2020-07-12,South Australia,log10(New cases per week),0.0,172
17947,2020-07-12,South Australia,Slope of power-law,-inf,172
17948,2020-07-12,South Australia,Acceleration of power-law,0.0,172
17949,2020-07-12,South Australia,Growth Rate,0.0,172
17950,2020-07-12,South Australia,Days since first case,172.0,172
17951,2020-07-12,South Australia,Average Growth Rate,134554197589770.67,172
17952,2020-07-12,South Australia,Doubling time,2.3143321985440556e+16,172
17953,2020-07-12,Tasmania,Total cases,228.0,172
17954,2020-07-12,Tasmania,Total cases per million,442.71844660194176,172
17955,2020-07-12,Tasmania,New cases,0.0,172
17956,2020-07-12,Tasmania,css_per_prsn,0.0,172
17957,2020-07-12,Tasmania,New cases per week,0.0,172
17958,2020-07-12,Tasmania,log10(Total cases),2.357934847000454,172
17959,2020-07-12,Tasmania,log10(New cases per week),0.0,172
17960,2020-07-12,Tasmania,Slope of power-law,0.0,172
17961,2020-07-12,Tasmania,Acceleration of power-law,0.0,172
17962,2020-07-12,Tasmania,Growth Rate,0.0,172
17963,2020-07-12,Tasmania,Days since first case,172.0,172
17964,2020-07-12,Tasmania,Average Growth Rate,816119577537955.4,172
17965,2020-07-12,Tasmania,Doubling time,1.4037256733652832e+17,172
17966,2020-07-12,Victoria,Total cases,3967.0,172
17967,2020-07-12,Victoria,Total cases per million,623.8402264506998,172
17968,2020-07-12,Victoria,New cases,168.0,172
17969,2020-07-12,Victoria,css_per_prsn,26.419248309482622,172
17970,2020-07-12,Victoria,New cases per week,1307.0,172
17971,2020-07-12,Victoria,log10(Total cases),3.5984622004741507,172
17972,2020-07-12,Victoria,log10(New cases per week),3.116275587580544,172
17973,2020-07-12,Victoria,Slope of power-law,2.1956104454618854,172
17974,2020-07-12,Victoria,Acceleration of power-law,-9.190548167896022,172
17975,2020-07-12,Victoria,Growth Rate,5.751641322035801,172
17976,2020-07-12,Victoria,Days since first case,172.0,172
17977,2020-07-12,Victoria,Average Growth Rate,0.12286505607724932,172
17978,2020-07-12,Victoria,Doubling time,21.132789645286884,172
17979,2020-07-12,Western Australia,Total cases,635.0,172
17980,2020-07-12,Western Australia,Total cases per million,245.26844341444573,172
17981,2020-07-12,Western Australia,New cases,0.0,172
17982,2020-07-12,Western Australia,css_per_prsn,0.0,172
17983,2020-07-12,Western Australia,New cases per week,17.0,172
17984,2020-07-12,Western Australia,log10(Total cases),2.8027737252919755,172
17985,2020-07-12,Western Australia,log10(New cases per week),1.2304489213782739,172
17986,2020-07-12,Western Australia,Slope of power-law,45.02178330236467,172
17987,2020-07-12,Western Australia,Acceleration of power-law,-inf,172
17988,2020-07-12,Western Australia,Growth Rate,0.3486529318541997,172
17989,2020-07-12,Western Australia,Days since first case,172.0,172
17990,2020-07-12,Western Australia,Average Growth Rate,1.5708266658157926,172
17991,2020-07-12,Western Australia,Doubling time,270.1821865203163,172
17992,2020-07-13,Australian Capital Territory,Total cases,113.0,173
17993,2020-07-13,Australian Capital Territory,Total cases per million,297.36842105263156,173
17994,2020-07-13,Australian Capital Territory,New cases,0.0,173
17995,2020-07-13,Australian Capital Territory,css_per_prsn,0.0,173
17996,2020-07-13,Australian Capital Territory,New cases per week,5.0,173
17997,2020-07-13,Australian Capital Territory,log10(Total cases),2.0530784434834195,173
17998,2020-07-13,Australian Capital Territory,log10(New cases per week),0.6989700043360189,173
17999,2020-07-13,Australian Capital Territory,Slope of power-law,35.56250826579224,173
18000,2020-07-13,Australian Capital Territory,Acceleration of power-law,0.0,173
18001,2020-07-13,Australian Capital Territory,Growth Rate,0.1769911504424779,173
18002,2020-07-13,Australian Capital Territory,Days since first case,173.0,173
18003,2020-07-13,Australian Capital Territory,Average Growth Rate,1.0747321154666076,173
18004,2020-07-13,Australian Capital Territory,Doubling time,185.92865597572313,173
18005,2020-07-13,New South Wales,Total cases,3505.0,173
18006,2020-07-13,New South Wales,Total cases per million,464.6076352067869,173
18007,2020-07-13,New South Wales,New cases,13.0,173
18008,2020-07-13,New South Wales,css_per_prsn,1.7232237539766704,173
18009,2020-07-13,New South Wales,New cases per week,72.0,173
18010,2020-07-13,New South Wales,log10(Total cases),3.5446880223026773,173
18011,2020-07-13,New South Wales,log10(New cases per week),1.8573324964312685,173
18012,2020-07-13,New South Wales,Slope of power-law,-40.27390557937364,173
18013,2020-07-13,New South Wales,Acceleration of power-law,-27777.259375501824,173
18014,2020-07-13,New South Wales,Growth Rate,0.2985760220486909,173
18015,2020-07-13,New South Wales,Days since first case,173.0,173
18016,2020-07-13,New South Wales,Average Growth Rate,2.480295787971201,173
18017,2020-07-13,New South Wales,Doubling time,429.0911713190178,173
18018,2020-07-13,Northern Territory,Total cases,31.0,173
18019,2020-07-13,Northern Territory,Total cases per million,126.89316414244782,173
18020,2020-07-13,Northern Territory,New cases,0.0,173
18021,2020-07-13,Northern Territory,css_per_prsn,0.0,173
18022,2020-07-13,Northern Territory,New cases per week,1.0,173
18023,2020-07-13,Northern Territory,log10(Total cases),1.4913616938342726,173
18024,2020-07-13,Northern Territory,log10(New cases per week),0.0,173
18025,2020-07-13,Northern Territory,Slope of power-law,0.0,173
18026,2020-07-13,Northern Territory,Acceleration of power-law,0.0,173
18027,2020-07-13,Northern Territory,Growth Rate,0.6451612903225806,173
18028,2020-07-13,Northern Territory,Days since first case,173.0,173
18029,2020-07-13,Northern Territory,Average Growth Rate,1.0604245733627014,173
18030,2020-07-13,Northern Territory,Doubling time,183.45345119174732,173
18031,2020-07-13,Queensland,Total cases,1071.0,173
18032,2020-07-13,Queensland,Total cases per million,211.20094655886413,173
18033,2020-07-13,Queensland,New cases,0.0,173
18034,2020-07-13,Queensland,css_per_prsn,0.0,173
18035,2020-07-13,Queensland,New cases per week,3.0,173
18036,2020-07-13,Queensland,log10(Total cases),3.029789470831856,173
18037,2020-07-13,Queensland,log10(New cases per week),0.47712125471966244,173
18038,2020-07-13,Queensland,Slope of power-law,293.6037915791904,173
18039,2020-07-13,Queensland,Acceleration of power-law,-inf,173
18040,2020-07-13,Queensland,Growth Rate,0.056074766355140186,173
18041,2020-07-13,Queensland,Days since first case,173.0,173
18042,2020-07-13,Queensland,Average Growth Rate,15.437921253869797,173
18043,2020-07-13,Queensland,Doubling time,2670.7603769194748,173
18044,2020-07-13,South Australia,Total cases,443.0,173
18045,2020-07-13,South Australia,Total cases per million,264.16219439475253,173
18046,2020-07-13,South Australia,New cases,0.0,173
18047,2020-07-13,South Australia,css_per_prsn,0.0,173
18048,2020-07-13,South Australia,New cases per week,0.0,173
18049,2020-07-13,South Australia,log10(Total cases),2.6464037262230695,173
18050,2020-07-13,South Australia,log10(New cases per week),0.0,173
18051,2020-07-13,South Australia,Slope of power-law,-inf,173
18052,2020-07-13,South Australia,Acceleration of power-law,0.0,173
18053,2020-07-13,South Australia,Growth Rate,0.0,173
18054,2020-07-13,South Australia,Days since first case,173.0,173
18055,2020-07-13,South Australia,Average Growth Rate,134554197589770.67,173
18056,2020-07-13,South Australia,Doubling time,2.327787618303033e+16,173
18057,2020-07-13,Tasmania,Total cases,228.0,173
18058,2020-07-13,Tasmania,Total cases per million,442.71844660194176,173
18059,2020-07-13,Tasmania,New cases,0.0,173
18060,2020-07-13,Tasmania,css_per_prsn,0.0,173
18061,2020-07-13,Tasmania,New cases per week,0.0,173
18062,2020-07-13,Tasmania,log10(Total cases),2.357934847000454,173
18063,2020-07-13,Tasmania,log10(New cases per week),0.0,173
18064,2020-07-13,Tasmania,Slope of power-law,0.0,173
18065,2020-07-13,Tasmania,Acceleration of power-law,0.0,173
18066,2020-07-13,Tasmania,Growth Rate,0.0,173
18067,2020-07-13,Tasmania,Days since first case,173.0,173
18068,2020-07-13,Tasmania,Average Growth Rate,816119577537955.4,173
18069,2020-07-13,Tasmania,Doubling time,1.4118868691406627e+17,173
18070,2020-07-13,Victoria,Total cases,4224.0,173
18071,2020-07-13,Victoria,Total cases per million,664.2553860669917,173
18072,2020-07-13,Victoria,New cases,257.0,173
18073,2020-07-13,Victoria,css_per_prsn,40.41515961629187,173
18074,2020-07-13,Victoria,New cases per week,1400.0,173
18075,2020-07-13,Victoria,log10(Total cases),3.625723909525756,173
18076,2020-07-13,Victoria,log10(New cases per week),3.146128035678238,173
18077,2020-07-13,Victoria,Slope of power-law,2.0762367641327844,173
18078,2020-07-13,Victoria,Acceleration of power-law,-4.3788040252037055,173
18079,2020-07-13,Victoria,Growth Rate,5.94289333403705,173
18080,2020-07-13,Victoria,Days since first case,173.0,173
18081,2020-07-13,Victoria,Average Growth Rate,0.11967931471060989,173
18082,2020-07-13,Victoria,Doubling time,20.70452144493551,173
18083,2020-07-13,Western Australia,Total cases,636.0,173
18084,2020-07-13,Western Australia,Total cases per million,245.65469293163383,173
18085,2020-07-13,Western Australia,New cases,1.0,173
18086,2020-07-13,Western Australia,css_per_prsn,0.3862495171881035,173
18087,2020-07-13,Western Australia,New cases per week,15.0,173
18088,2020-07-13,Western Australia,log10(Total cases),2.803457115648414,173
18089,2020-07-13,Western Australia,log10(New cases per week),1.1760912590556813,173
18090,2020-07-13,Western Australia,Slope of power-law,40.13400326007982,173
18091,2020-07-13,Western Australia,Acceleration of power-law,-7152.25199805161,173
18092,2020-07-13,Western Australia,Growth Rate,0.3789074834227976,173
18093,2020-07-13,Western Australia,Days since first case,173.0,173
18094,2020-07-13,Western Australia,Average Growth Rate,1.6002616953833306,173
18095,2020-07-13,Western Australia,Doubling time,276.8452733013162,173
18096,2020-07-14,Australian Capital Territory,Total cases,113.0,174
18097,2020-07-14,Australian Capital Territory,Total cases per million,297.36842105263156,174
18098,2020-07-14,Australian Capital Territory,New cases,0.0,174
18099,2020-07-14,Australian Capital Territory,css_per_prsn,0.0,174
18100,2020-07-14,Australian Capital Territory,New cases per week,2.0,174
18101,2020-07-14,Australian Capital Territory,log10(Total cases),2.0530784434834195,174
18102,2020-07-14,Australian Capital Territory,log10(New cases per week),0.3010299956639812,174
18103,2020-07-14,Australian Capital Territory,Slope of power-law,15.315938656367992,174
18104,2020-07-14,Australian Capital Territory,Acceleration of power-law,-inf,174
18105,2020-07-14,Australian Capital Territory,Growth Rate,0.0,174
18106,2020-07-14,Australian Capital Territory,Days since first case,174.0,174
18107,2020-07-14,Australian Capital Territory,Average Growth Rate,1.4945301067606274,174
18108,2020-07-14,Australian Capital Territory,Doubling time,260.04823857634915,174
18109,2020-07-14,New South Wales,Total cases,3517.0,174
18110,2020-07-14,New South Wales,Total cases per million,466.1983032873807,174
18111,2020-07-14,New South Wales,New cases,12.0,174
18112,2020-07-14,New South Wales,css_per_prsn,1.5906680805938496,174
18113,2020-07-14,New South Wales,New cases per week,77.0,174
18114,2020-07-14,New South Wales,log10(Total cases),3.5461723683169426,174
18115,2020-07-14,New South Wales,log10(New cases per week),1.8864907251724818,174
18116,2020-07-14,New South Wales,Slope of power-law,-40.520964770255816,174
18117,2020-07-14,New South Wales,Acceleration of power-law,-166.44312613623646,174
18118,2020-07-14,New South Wales,Growth Rate,0.28627046833848624,174
18119,2020-07-14,New South Wales,Days since first case,174.0,174
18120,2020-07-14,New South Wales,Average Growth Rate,2.4669535222889607,174
18121,2020-07-14,New South Wales,Doubling time,429.24991287827913,174
18122,2020-07-14,Northern Territory,Total cases,31.0,174
18123,2020-07-14,Northern Territory,Total cases per million,126.89316414244782,174
18124,2020-07-14,Northern Territory,New cases,0.0,174
18125,2020-07-14,Northern Territory,css_per_prsn,0.0,174
18126,2020-07-14,Northern Territory,New cases per week,1.0,174
18127,2020-07-14,Northern Territory,log10(Total cases),1.4913616938342726,174
18128,2020-07-14,Northern Territory,log10(New cases per week),0.0,174
18129,2020-07-14,Northern Territory,Slope of power-law,0.0,174
18130,2020-07-14,Northern Territory,Acceleration of power-law,0.0,174
18131,2020-07-14,Northern Territory,Growth Rate,0.0,174
18132,2020-07-14,Northern Territory,Days since first case,174.0,174
18133,2020-07-14,Northern Territory,Average Growth Rate,1.3299055937910207,174
18134,2020-07-14,Northern Territory,Doubling time,231.4035733196376,174
18135,2020-07-14,Queensland,Total cases,1071.0,174
18136,2020-07-14,Queensland,Total cases per million,211.20094655886413,174
18137,2020-07-14,Queensland,New cases,0.0,174
18138,2020-07-14,Queensland,css_per_prsn,0.0,174
18139,2020-07-14,Queensland,New cases per week,3.0,174
18140,2020-07-14,Queensland,log10(Total cases),3.029789470831856,174
18141,2020-07-14,Queensland,log10(New cases per week),0.47712125471966244,174
18142,2020-07-14,Queensland,Slope of power-law,293.6037915791904,174
18143,2020-07-14,Queensland,Acceleration of power-law,0.0,174
18144,2020-07-14,Queensland,Growth Rate,0.05604334018307491,174
18145,2020-07-14,Queensland,Days since first case,174.0,174
18146,2020-07-14,Queensland,Average Growth Rate,13.23768910842663,174
18147,2020-07-14,Queensland,Doubling time,2303.3579048662336,174
18148,2020-07-14,South Australia,Total cases,443.0,174
18149,2020-07-14,South Australia,Total cases per million,264.16219439475253,174
18150,2020-07-14,South Australia,New cases,0.0,174
18151,2020-07-14,South Australia,css_per_prsn,0.0,174
18152,2020-07-14,South Australia,New cases per week,0.0,174
18153,2020-07-14,South Australia,log10(Total cases),2.6464037262230695,174
18154,2020-07-14,South Australia,log10(New cases per week),0.0,174
18155,2020-07-14,South Australia,Slope of power-law,-inf,174
18156,2020-07-14,South Australia,Acceleration of power-law,0.0,174
18157,2020-07-14,South Australia,Growth Rate,0.0,174
18158,2020-07-14,South Australia,Days since first case,174.0,174
18159,2020-07-14,South Australia,Average Growth Rate,134554197589770.67,174
18160,2020-07-14,South Australia,Doubling time,2.3412430380620096e+16,174
18161,2020-07-14,Tasmania,Total cases,228.0,174
18162,2020-07-14,Tasmania,Total cases per million,442.71844660194176,174
18163,2020-07-14,Tasmania,New cases,0.0,174
18164,2020-07-14,Tasmania,css_per_prsn,0.0,174
18165,2020-07-14,Tasmania,New cases per week,0.0,174
18166,2020-07-14,Tasmania,log10(Total cases),2.357934847000454,174
18167,2020-07-14,Tasmania,log10(New cases per week),0.0,174
18168,2020-07-14,Tasmania,Slope of power-law,0.0,174
18169,2020-07-14,Tasmania,Acceleration of power-law,0.0,174
18170,2020-07-14,Tasmania,Growth Rate,0.0,174
18171,2020-07-14,Tasmania,Days since first case,174.0,174
18172,2020-07-14,Tasmania,Average Growth Rate,816119577537955.4,174
18173,2020-07-14,Tasmania,Doubling time,1.4200480649160424e+17,174
18174,2020-07-14,Victoria,Total cases,4448.0,174
18175,2020-07-14,Victoria,Total cases per million,699.4810504796352,174
18176,2020-07-14,Victoria,New cases,224.0,174
18177,2020-07-14,Victoria,css_per_prsn,35.225664412643496,174
18178,2020-07-14,Victoria,New cases per week,1506.0,174
18179,2020-07-14,Victoria,log10(Total cases),3.6481647785740012,174
18180,2020-07-14,Victoria,log10(New cases per week),3.177824971864682,174
18181,2020-07-14,Victoria,Slope of power-law,1.9341443588048923,174
18182,2020-07-14,Victoria,Acceleration of power-law,-6.331858406303655,174
18183,2020-07-14,Victoria,Growth Rate,5.255525552555255,174
18184,2020-07-14,Victoria,Days since first case,174.0,174
18185,2020-07-14,Victoria,Average Growth Rate,0.12184565760762993,174
18186,2020-07-14,Victoria,Doubling time,21.20114442372761,174
18187,2020-07-14,Western Australia,Total cases,636.0,174
18188,2020-07-14,Western Australia,Total cases per million,245.65469293163383,174
18189,2020-07-14,Western Australia,New cases,0.0,174
18190,2020-07-14,Western Australia,css_per_prsn,0.0,174
18191,2020-07-14,Western Australia,New cases per week,12.0,174
18192,2020-07-14,Western Australia,log10(Total cases),2.803457115648414,174
18193,2020-07-14,Western Australia,log10(New cases per week),1.0791812460476249,174
18194,2020-07-14,Western Australia,Slope of power-law,36.039209699684875,174
18195,2020-07-14,Western Australia,Acceleration of power-law,-inf,174
18196,2020-07-14,Western Australia,Growth Rate,0.28337531486146095,174
18197,2020-07-14,Western Australia,Days since first case,174.0,174
18198,2020-07-14,Western Australia,Average Growth Rate,1.7615723683058422,174
18199,2020-07-14,Western Australia,Doubling time,306.51359208521654,174
18200,2020-07-15,Australian Capital Territory,Total cases,113.0,175
18201,2020-07-15,Australian Capital Territory,Total cases per million,297.36842105263156,175
18202,2020-07-15,Australian Capital Territory,New cases,0.0,175
18203,2020-07-15,Australian Capital Territory,css_per_prsn,0.0,175
18204,2020-07-15,Australian Capital Territory,New cases per week,1.0,175
18205,2020-07-15,Australian Capital Territory,log10(Total cases),2.0530784434834195,175
18206,2020-07-15,Australian Capital Territory,log10(New cases per week),0.0,175
18207,2020-07-15,Australian Capital Territory,Slope of power-law,0.0,175
18208,2020-07-15,Australian Capital Territory,Acceleration of power-law,-inf,175
18209,2020-07-15,Australian Capital Territory,Growth Rate,0.0,175
18210,2020-07-15,Australian Capital Territory,Days since first case,175.0,175
18211,2020-07-15,Australian Capital Territory,Average Growth Rate,2.4384596734324018,175
18212,2020-07-15,Australian Capital Territory,Doubling time,426.73044285067033,175
18213,2020-07-15,New South Wales,Total cases,3527.0,175
18214,2020-07-15,New South Wales,Total cases per million,467.5238600212089,175
18215,2020-07-15,New South Wales,New cases,10.0,175
18216,2020-07-15,New South Wales,css_per_prsn,1.325556733828208,175
18217,2020-07-15,New South Wales,New cases per week,74.0,175
18218,2020-07-15,New South Wales,log10(Total cases),3.5474054596674898,175
18219,2020-07-15,New South Wales,log10(New cases per week),1.8692317197309762,175
18220,2020-07-15,New South Wales,Slope of power-law,-42.48532813997439,175
18221,2020-07-15,New South Wales,Acceleration of power-law,-1593.0396144997032,175
18222,2020-07-15,New South Wales,Growth Rate,0.30252868314401504,175
18223,2020-07-15,New South Wales,Days since first case,175.0,175
18224,2020-07-15,New South Wales,Average Growth Rate,2.39548124364149,175
18225,2020-07-15,New South Wales,Doubling time,419.20921763726074,175
18226,2020-07-15,Northern Territory,Total cases,31.0,175
18227,2020-07-15,Northern Territory,Total cases per million,126.89316414244782,175
18228,2020-07-15,Northern Territory,New cases,0.0,175
18229,2020-07-15,Northern Territory,css_per_prsn,0.0,175
18230,2020-07-15,Northern Territory,New cases per week,1.0,175
18231,2020-07-15,Northern Territory,log10(Total cases),1.4913616938342726,175
18232,2020-07-15,Northern Territory,log10(New cases per week),0.0,175
18233,2020-07-15,Northern Territory,Slope of power-law,0.0,175
18234,2020-07-15,Northern Territory,Acceleration of power-law,0.0,175
18235,2020-07-15,Northern Territory,Growth Rate,0.0,175
18236,2020-07-15,Northern Territory,Days since first case,175.0,175
18237,2020-07-15,Northern Territory,Average Growth Rate,1.779027752115203,175
18238,2020-07-15,Northern Territory,Doubling time,311.3298566201605,175
18239,2020-07-15,Queensland,Total cases,1071.0,175
18240,2020-07-15,Queensland,Total cases per million,211.20094655886413,175
18241,2020-07-15,Queensland,New cases,0.0,175
18242,2020-07-15,Queensland,css_per_prsn,0.0,175
18243,2020-07-15,Queensland,New cases per week,3.0,175
18244,2020-07-15,Queensland,log10(Total cases),3.029789470831856,175
18245,2020-07-15,Queensland,log10(New cases per week),0.47712125471966244,175
18246,2020-07-15,Queensland,Slope of power-law,293.6037915791904,175
18247,2020-07-15,Queensland,Acceleration of power-law,0.0,175
18248,2020-07-15,Queensland,Growth Rate,0.018677624206200973,175
18249,2020-07-15,Queensland,Days since first case,175.0,175
18250,2020-07-15,Queensland,Average Growth Rate,15.449474341501716,175
18251,2020-07-15,Queensland,Doubling time,2703.6580097628002,175
18252,2020-07-15,South Australia,Total cases,444.0,175
18253,2020-07-15,South Australia,Total cases per million,264.75849731663686,175
18254,2020-07-15,South Australia,New cases,1.0,175
18255,2020-07-15,South Australia,css_per_prsn,0.5963029218843172,175
18256,2020-07-15,South Australia,New cases per week,1.0,175
18257,2020-07-15,South Australia,log10(Total cases),2.6473829701146196,175
18258,2020-07-15,South Australia,log10(New cases per week),0.0,175
18259,2020-07-15,South Australia,Slope of power-law,-487.2343435958389,175
18260,2020-07-15,South Australia,Acceleration of power-law,inf,175
18261,2020-07-15,South Australia,Growth Rate,0.04512635379061372,175
18262,2020-07-15,South Australia,Days since first case,175.0,175
18263,2020-07-15,South Australia,Average Growth Rate,76.8007076059981,175
18264,2020-07-15,South Australia,Doubling time,13440.123831049666,175
18265,2020-07-15,Tasmania,Total cases,228.0,175
18266,2020-07-15,Tasmania,Total cases per million,442.71844660194176,175
18267,2020-07-15,Tasmania,New cases,0.0,175
18268,2020-07-15,Tasmania,css_per_prsn,0.0,175
18269,2020-07-15,Tasmania,New cases per week,0.0,175
18270,2020-07-15,Tasmania,log10(Total cases),2.357934847000454,175
18271,2020-07-15,Tasmania,log10(New cases per week),0.0,175
18272,2020-07-15,Tasmania,Slope of power-law,0.0,175
18273,2020-07-15,Tasmania,Acceleration of power-law,0.0,175
18274,2020-07-15,Tasmania,Growth Rate,0.0,175
18275,2020-07-15,Tasmania,Days since first case,175.0,175
18276,2020-07-15,Tasmania,Average Growth Rate,816119577537955.4,175
18277,2020-07-15,Tasmania,Doubling time,1.4282092606914219e+17,175
18278,2020-07-15,Victoria,Total cases,4750.0,175
18279,2020-07-15,Victoria,Total cases per million,746.9727944645384,175
18280,2020-07-15,Victoria,New cases,302.0,175
18281,2020-07-15,Victoria,css_per_prsn,47.49174398490329,175
18282,2020-07-15,Victoria,New cases per week,1652.0,175
18283,2020-07-15,Victoria,log10(Total cases),3.6766936096248664,175
18284,2020-07-15,Victoria,log10(New cases per week),3.218010042984363,175
18285,2020-07-15,Victoria,Slope of power-law,1.8626881643143773,175
18286,2020-07-15,Victoria,Acceleration of power-law,-2.504701099148194,175
18287,2020-07-15,Victoria,Growth Rate,5.616386633943741,175
18288,2020-07-15,Victoria,Days since first case,175.0,175
18289,2020-07-15,Victoria,Average Growth Rate,0.12215596881288136,175
18290,2020-07-15,Victoria,Doubling time,21.377294542254237,175
18291,2020-07-15,Western Australia,Total cases,646.0,175
18292,2020-07-15,Western Australia,Total cases per million,249.51718810351488,175
18293,2020-07-15,Western Australia,New cases,10.0,175
18294,2020-07-15,Western Australia,css_per_prsn,3.862495171881035,175
18295,2020-07-15,Western Australia,New cases per week,22.0,175
18296,2020-07-15,Western Australia,log10(Total cases),2.8102325179950842,175
18297,2020-07-15,Western Australia,log10(New cases per week),1.3424226808222062,175
18298,2020-07-15,Western Australia,Slope of power-law,20.17144595205821,175
18299,2020-07-15,Western Australia,Acceleration of power-law,-2341.966267940453,175
18300,2020-07-15,Western Australia,Growth Rate,0.37641154328732745,175
18301,2020-07-15,Western Australia,Days since first case,175.0,175
18302,2020-07-15,Western Australia,Average Growth Rate,1.8911166965186519,175
18303,2020-07-15,Western Australia,Doubling time,330.94542189076407,175
18304,2020-07-16,Australian Capital Territory,Total cases,113.0,176
18305,2020-07-16,Australian Capital Territory,Total cases per million,297.36842105263156,176
18306,2020-07-16,Australian Capital Territory,New cases,0.0,176
18307,2020-07-16,Australian Capital Territory,css_per_prsn,0.0,176
18308,2020-07-16,Australian Capital Territory,New cases per week,0.0,176
18309,2020-07-16,Australian Capital Territory,log10(Total cases),2.0530784434834195,176
18310,2020-07-16,Australian Capital Territory,log10(New cases per week),0.0,176
18311,2020-07-16,Australian Capital Territory,Slope of power-law,0.0,176
18312,2020-07-16,Australian Capital Territory,Acceleration of power-law,0.0,176
18313,2020-07-16,Australian Capital Territory,Growth Rate,0.0,176
18314,2020-07-16,Australian Capital Territory,Days since first case,176.0,176
18315,2020-07-16,Australian Capital Territory,Average Growth Rate,6.519429768513695,176
18316,2020-07-16,Australian Capital Territory,Doubling time,1147.4196392584104,176
18317,2020-07-16,New South Wales,Total cases,3535.0,176
18318,2020-07-16,New South Wales,Total cases per million,468.5843054082715,176
18319,2020-07-16,New South Wales,New cases,8.0,176
18320,2020-07-16,New South Wales,css_per_prsn,1.0604453870625663,176
18321,2020-07-16,New South Wales,New cases per week,68.0,176
18322,2020-07-16,New South Wales,log10(Total cases),3.5483894181329183,176
18323,2020-07-16,New South Wales,log10(New cases per week),1.8325089127062364,176
18324,2020-07-16,New South Wales,Slope of power-law,-43.63775770271521,176
18325,2020-07-16,New South Wales,Acceleration of power-law,-1171.2176918351038,176
18326,2020-07-16,New South Wales,Growth Rate,0.3243058716431498,176
18327,2020-07-16,New South Wales,Days since first case,176.0,176
18328,2020-07-16,New South Wales,Average Growth Rate,2.293440836502,176
18329,2020-07-16,New South Wales,Doubling time,403.645587224352,176
18330,2020-07-16,Northern Territory,Total cases,31.0,176
18331,2020-07-16,Northern Territory,Total cases per million,126.89316414244782,176
18332,2020-07-16,Northern Territory,New cases,0.0,176
18333,2020-07-16,Northern Territory,css_per_prsn,0.0,176
18334,2020-07-16,Northern Territory,New cases per week,0.0,176
18335,2020-07-16,Northern Territory,log10(Total cases),1.4913616938342726,176
18336,2020-07-16,Northern Territory,log10(New cases per week),0.0,176
18337,2020-07-16,Northern Territory,Slope of power-law,0.0,176
18338,2020-07-16,Northern Territory,Acceleration of power-law,0.0,176
18339,2020-07-16,Northern Territory,Growth Rate,0.0,176
18340,2020-07-16,Northern Territory,Days since first case,176.0,176
18341,2020-07-16,Northern Territory,Average Growth Rate,2.6772529449783398,176
18342,2020-07-16,Northern Territory,Doubling time,471.1965183161878,176
18343,2020-07-16,Queensland,Total cases,1071.0,176
18344,2020-07-16,Queensland,Total cases per million,211.20094655886413,176
18345,2020-07-16,Queensland,New cases,0.0,176
18346,2020-07-16,Queensland,css_per_prsn,0.0,176
18347,2020-07-16,Queensland,New cases per week,3.0,176
18348,2020-07-16,Queensland,log10(Total cases),3.029789470831856,176
18349,2020-07-16,Queensland,log10(New cases per week),0.47712125471966244,176
18350,2020-07-16,Queensland,Slope of power-law,391.65502410483134,176
18351,2020-07-16,Queensland,Acceleration of power-law,inf,176
18352,2020-07-16,Queensland,Growth Rate,0.018674136321195148,176
18353,2020-07-16,Queensland,Days since first case,176.0,176
18354,2020-07-16,Queensland,Average Growth Rate,16.858652292293783,176
18355,2020-07-16,Queensland,Doubling time,2967.122803443706,176
18356,2020-07-16,South Australia,Total cases,444.0,176
18357,2020-07-16,South Australia,Total cases per million,264.75849731663686,176
18358,2020-07-16,South Australia,New cases,0.0,176
18359,2020-07-16,South Australia,css_per_prsn,0.0,176
18360,2020-07-16,South Australia,New cases per week,1.0,176
18361,2020-07-16,South Australia,log10(Total cases),2.6473829701146196,176
18362,2020-07-16,South Australia,log10(New cases per week),0.0,176
18363,2020-07-16,South Australia,Slope of power-law,0.0,176
18364,2020-07-16,South Australia,Acceleration of power-law,inf,176
18365,2020-07-16,South Australia,Growth Rate,0.045105999097880024,176
18366,2020-07-16,South Australia,Days since first case,176.0,176
18367,2020-07-16,South Australia,Average Growth Rate,38.409016188257695,176
18368,2020-07-16,South Australia,Doubling time,6759.986849133355,176
18369,2020-07-16,Tasmania,Total cases,228.0,176
18370,2020-07-16,Tasmania,Total cases per million,442.71844660194176,176
18371,2020-07-16,Tasmania,New cases,0.0,176
18372,2020-07-16,Tasmania,css_per_prsn,0.0,176
18373,2020-07-16,Tasmania,New cases per week,0.0,176
18374,2020-07-16,Tasmania,log10(Total cases),2.357934847000454,176
18375,2020-07-16,Tasmania,log10(New cases per week),0.0,176
18376,2020-07-16,Tasmania,Slope of power-law,0.0,176
18377,2020-07-16,Tasmania,Acceleration of power-law,0.0,176
18378,2020-07-16,Tasmania,Growth Rate,0.0,176
18379,2020-07-16,Tasmania,Days since first case,176.0,176
18380,2020-07-16,Tasmania,Average Growth Rate,816119577537955.4,176
18381,2020-07-16,Tasmania,Doubling time,1.4363704564668014e+17,176
18382,2020-07-16,Victoria,Total cases,5165.0,176
18383,2020-07-16,Victoria,Total cases per million,812.234628086177,176
18384,2020-07-16,Victoria,New cases,415.0,176
18385,2020-07-16,Victoria,css_per_prsn,65.26183362163863,176
18386,2020-07-16,Victoria,New cases per week,1768.0,176
18387,2020-07-16,Victoria,log10(Total cases),3.7130703258556395,176
18388,2020-07-16,Victoria,log10(New cases per week),3.2474822606770544,176
18389,2020-07-16,Victoria,Slope of power-law,1.6195709060271761,176
18390,2020-07-16,Victoria,Acceleration of power-law,-6.68332063688406,176
18391,2020-07-16,Victoria,Growth Rate,6.0565753303183465,176
18392,2020-07-16,Victoria,Days since first case,176.0,176
18393,2020-07-16,Victoria,Average Growth Rate,0.12108210942456775,176
18394,2020-07-16,Victoria,Doubling time,21.310451258723923,176
18395,2020-07-16,Western Australia,Total cases,646.0,176
18396,2020-07-16,Western Australia,Total cases per million,249.51718810351488,176
18397,2020-07-16,Western Australia,New cases,0.0,176
18398,2020-07-16,Western Australia,css_per_prsn,0.0,176
18399,2020-07-16,Western Australia,New cases per week,19.0,176
18400,2020-07-16,Western Australia,log10(Total cases),2.8102325179950842,176
18401,2020-07-16,Western Australia,log10(New cases per week),1.2787536009528289,176
18402,2020-07-16,Western Australia,Slope of power-law,16.26246645041984,176
18403,2020-07-16,Western Australia,Acceleration of power-law,-inf,176
18404,2020-07-16,Western Australia,Growth Rate,0.3438574554548297,176
18405,2020-07-16,Western Australia,Days since first case,176.0,176
18406,2020-07-16,Western Australia,Average Growth Rate,2.0019214625416764,176
18407,2020-07-16,Western Australia,Doubling time,352.338177407335,176
18408,2020-07-17,Australian Capital Territory,Total cases,113.0,177
18409,2020-07-17,Australian Capital Territory,Total cases per million,297.36842105263156,177
18410,2020-07-17,Australian Capital Territory,New cases,0.0,177
18411,2020-07-17,Australian Capital Territory,css_per_prsn,0.0,177
18412,2020-07-17,Australian Capital Territory,New cases per week,0.0,177
18413,2020-07-17,Australian Capital Territory,log10(Total cases),2.0530784434834195,177
18414,2020-07-17,Australian Capital Territory,log10(New cases per week),0.0,177
18415,2020-07-17,Australian Capital Territory,Slope of power-law,-61.52065329094612,177
18416,2020-07-17,Australian Capital Territory,Acceleration of power-law,-inf,177
18417,2020-07-17,Australian Capital Territory,Growth Rate,0.0,177
18418,2020-07-17,Australian Capital Territory,Days since first case,177.0,177
18419,2020-07-17,Australian Capital Territory,Average Growth Rate,19.5814078508216,177
18420,2020-07-17,Australian Capital Territory,Doubling time,3465.909189595423,177
18421,2020-07-17,New South Wales,Total cases,3550.0,177
18422,2020-07-17,New South Wales,Total cases per million,470.5726405090138,177
18423,2020-07-17,New South Wales,New cases,15.0,177
18424,2020-07-17,New South Wales,css_per_prsn,1.9883351007423118,177
18425,2020-07-17,New South Wales,New cases per week,76.0,177
18426,2020-07-17,New South Wales,log10(Total cases),3.550228353055094,177
18427,2020-07-17,New South Wales,log10(New cases per week),1.8808135922807914,177
18428,2020-07-17,New South Wales,Slope of power-law,-36.132991091871844,177
18429,2020-07-17,New South Wales,Acceleration of power-law,4081.039802084683,177
18430,2020-07-17,New South Wales,Growth Rate,0.32891006011114887,177
18431,2020-07-17,New South Wales,Days since first case,177.0,177
18432,2020-07-17,New South Wales,Average Growth Rate,2.2496143791233267,177
18433,2020-07-17,New South Wales,Doubling time,398.18174510482885,177
18434,2020-07-17,Northern Territory,Total cases,31.0,177
18435,2020-07-17,Northern Territory,Total cases per million,126.89316414244782,177
18436,2020-07-17,Northern Territory,New cases,0.0,177
18437,2020-07-17,Northern Territory,css_per_prsn,0.0,177
18438,2020-07-17,Northern Territory,New cases per week,0.0,177
18439,2020-07-17,Northern Territory,log10(Total cases),1.4913616938342726,177
18440,2020-07-17,Northern Territory,log10(New cases per week),0.0,177
18441,2020-07-17,Northern Territory,Slope of power-law,0.0,177
18442,2020-07-17,Northern Territory,Acceleration of power-law,0.0,177
18443,2020-07-17,Northern Territory,Growth Rate,0.0,177
18444,2020-07-17,Northern Territory,Days since first case,177.0,177
18445,2020-07-17,Northern Territory,Average Growth Rate,5.371890649339735,177
18446,2020-07-17,Northern Territory,Doubling time,950.8246449331332,177
18447,2020-07-17,Queensland,Total cases,1071.0,177
18448,2020-07-17,Queensland,Total cases per million,211.20094655886413,177
18449,2020-07-17,Queensland,New cases,0.0,177
18450,2020-07-17,Queensland,css_per_prsn,0.0,177
18451,2020-07-17,Queensland,New cases per week,1.0,177
18452,2020-07-17,Queensland,log10(Total cases),3.029789470831856,177
18453,2020-07-17,Queensland,log10(New cases per week),0.0,177
18454,2020-07-17,Queensland,Slope of power-law,0.0,177
18455,2020-07-17,Queensland,Acceleration of power-law,-inf,177
18456,2020-07-17,Queensland,Growth Rate,0.0,177
18457,2020-07-17,Queensland,Days since first case,177.0,177
18458,2020-07-17,Queensland,Average Growth Rate,23.186853449724453,177
18459,2020-07-17,Queensland,Doubling time,4104.0730606012285,177
18460,2020-07-17,South Australia,Total cases,444.0,177
18461,2020-07-17,South Australia,Total cases per million,264.75849731663686,177
18462,2020-07-17,South Australia,New cases,0.0,177
18463,2020-07-17,South Australia,css_per_prsn,0.0,177
18464,2020-07-17,South Australia,New cases per week,1.0,177
18465,2020-07-17,South Australia,log10(Total cases),2.6473829701146196,177
18466,2020-07-17,South Australia,log10(New cases per week),0.0,177
18467,2020-07-17,South Australia,Slope of power-law,0.0,177
18468,2020-07-17,South Australia,Acceleration of power-law,0.0,177
18469,2020-07-17,South Australia,Growth Rate,0.045085662759242556,177
18470,2020-07-17,South Australia,Days since first case,177.0,177
18471,2020-07-17,South Australia,Average Growth Rate,25.6117848477853,177
18472,2020-07-17,South Australia,Doubling time,4533.285918057998,177
18473,2020-07-17,Tasmania,Total cases,228.0,177
18474,2020-07-17,Tasmania,Total cases per million,442.71844660194176,177
18475,2020-07-17,Tasmania,New cases,0.0,177
18476,2020-07-17,Tasmania,css_per_prsn,0.0,177
18477,2020-07-17,Tasmania,New cases per week,0.0,177
18478,2020-07-17,Tasmania,log10(Total cases),2.357934847000454,177
18479,2020-07-17,Tasmania,log10(New cases per week),0.0,177
18480,2020-07-17,Tasmania,Slope of power-law,0.0,177
18481,2020-07-17,Tasmania,Acceleration of power-law,0.0,177
18482,2020-07-17,Tasmania,Growth Rate,0.0,177
18483,2020-07-17,Tasmania,Days since first case,177.0,177
18484,2020-07-17,Tasmania,Average Growth Rate,816119577537955.4,177
18485,2020-07-17,Tasmania,Doubling time,1.444531652242181e+17,177
18486,2020-07-17,Victoria,Total cases,5353.0,177
18487,2020-07-17,Victoria,Total cases per million,841.7990250039314,177
18488,2020-07-17,Victoria,New cases,188.0,177
18489,2020-07-17,Victoria,css_per_prsn,29.564396917754365,177
18490,2020-07-17,Victoria,New cases per week,1793.0,177
18491,2020-07-17,Victoria,log10(Total cases),3.728597243383432,177
18492,2020-07-17,Victoria,log10(New cases per week),3.253580289562183,177
18493,2020-07-17,Victoria,Slope of power-law,1.5453110946206756,177
18494,2020-07-17,Victoria,Acceleration of power-law,-4.782649954414937,177
18495,2020-07-17,Victoria,Growth Rate,5.7894736842105265,177
18496,2020-07-17,Victoria,Days since first case,177.0,177
18497,2020-07-17,Victoria,Average Growth Rate,0.1209222808956931,177
18498,2020-07-17,Victoria,Doubling time,21.403243718537677,177
18499,2020-07-17,Western Australia,Total cases,651.0,177
18500,2020-07-17,Western Australia,Total cases per million,251.44843568945538,177
18501,2020-07-17,Western Australia,New cases,5.0,177
18502,2020-07-17,Western Australia,css_per_prsn,1.9312475859405176,177
18503,2020-07-17,Western Australia,New cases per week,17.0,177
18504,2020-07-17,Western Australia,log10(Total cases),2.813580988568192,177
18505,2020-07-17,Western Australia,log10(New cases per week),1.2304489213782739,177
18506,2020-07-17,Western Australia,Slope of power-law,6.333063867275079,177
18507,2020-07-17,Western Australia,Acceleration of power-law,-2965.354589910166,177
18508,2020-07-17,Western Australia,Growth Rate,0.4976671850699845,177
18509,2020-07-17,Western Australia,Days since first case,177.0,177
18510,2020-07-17,Western Australia,Average Growth Rate,1.8432618412008221,177
18511,2020-07-17,Western Australia,Doubling time,326.2573458925455,177
18512,2020-07-18,Australian Capital Territory,Total cases,113.0,178
18513,2020-07-18,Australian Capital Territory,Total cases per million,297.36842105263156,178
18514,2020-07-18,Australian Capital Territory,New cases,0.0,178
18515,2020-07-18,Australian Capital Territory,css_per_prsn,0.0,178
18516,2020-07-18,Australian Capital Territory,New cases per week,0.0,178
18517,2020-07-18,Australian Capital Territory,log10(Total cases),2.0530784434834195,178
18518,2020-07-18,Australian Capital Territory,log10(New cases per week),0.0,178
18519,2020-07-18,Australian Capital Territory,Slope of power-law,-155.95708873587077,178
18520,2020-07-18,Australian Capital Territory,Acceleration of power-law,-inf,178
18521,2020-07-18,Australian Capital Territory,Growth Rate,0.0,178
18522,2020-07-18,Australian Capital Territory,Days since first case,178.0,178
18523,2020-07-18,Australian Capital Territory,Average Growth Rate,inf,178
18524,2020-07-18,Australian Capital Territory,Doubling time,inf,178
18525,2020-07-18,New South Wales,Total cases,3568.0,178
18526,2020-07-18,New South Wales,Total cases per million,472.9586426299046,178
18527,2020-07-18,New South Wales,New cases,18.0,178
18528,2020-07-18,New South Wales,css_per_prsn,2.3860021208907742,178
18529,2020-07-18,New South Wales,New cases per week,90.0,178
18530,2020-07-18,New South Wales,log10(Total cases),3.5524248457040857,178
18531,2020-07-18,New South Wales,log10(New cases per week),1.954242509439325,178
18532,2020-07-18,New South Wales,Slope of power-law,-30.191508623941875,178
18533,2020-07-18,New South Wales,Acceleration of power-law,2704.9862746674976,178
18534,2020-07-18,New South Wales,Growth Rate,0.35599254110866246,178
18535,2020-07-18,New South Wales,Days since first case,178.0,178
18536,2020-07-18,New South Wales,Average Growth Rate,2.1687855865013725,178
18537,2020-07-18,New South Wales,Doubling time,386.0438343972443,178
18538,2020-07-18,Northern Territory,Total cases,31.0,178
18539,2020-07-18,Northern Territory,Total cases per million,126.89316414244782,178
18540,2020-07-18,Northern Territory,New cases,0.0,178
18541,2020-07-18,Northern Territory,css_per_prsn,0.0,178
18542,2020-07-18,Northern Territory,New cases per week,0.0,178
18543,2020-07-18,Northern Territory,log10(Total cases),1.4913616938342726,178
18544,2020-07-18,Northern Territory,log10(New cases per week),0.0,178
18545,2020-07-18,Northern Territory,Slope of power-law,0.0,178
18546,2020-07-18,Northern Territory,Acceleration of power-law,0.0,178
18547,2020-07-18,Northern Territory,Growth Rate,0.0,178
18548,2020-07-18,Northern Territory,Days since first case,178.0,178
18549,2020-07-18,Northern Territory,Average Growth Rate,inf,178
18550,2020-07-18,Northern Territory,Doubling time,inf,178
18551,2020-07-18,Queensland,Total cases,1071.0,178
18552,2020-07-18,Queensland,Total cases per million,211.20094655886413,178
18553,2020-07-18,Queensland,New cases,0.0,178
18554,2020-07-18,Queensland,css_per_prsn,0.0,178
18555,2020-07-18,Queensland,New cases per week,1.0,178
18556,2020-07-18,Queensland,log10(Total cases),3.029789470831856,178
18557,2020-07-18,Queensland,log10(New cases per week),0.0,178
18558,2020-07-18,Queensland,Slope of power-law,0.0,178
18559,2020-07-18,Queensland,Acceleration of power-law,0.0,178
18560,2020-07-18,Queensland,Growth Rate,0.0,178
18561,2020-07-18,Queensland,Days since first case,178.0,178
18562,2020-07-18,Queensland,Average Growth Rate,37.10832662994065,178
18563,2020-07-18,Queensland,Doubling time,6605.282140129436,178
18564,2020-07-18,South Australia,Total cases,444.0,178
18565,2020-07-18,South Australia,Total cases per million,264.75849731663686,178
18566,2020-07-18,South Australia,New cases,0.0,178
18567,2020-07-18,South Australia,css_per_prsn,0.0,178
18568,2020-07-18,South Australia,New cases per week,1.0,178
18569,2020-07-18,South Australia,log10(Total cases),2.6473829701146196,178
18570,2020-07-18,South Australia,log10(New cases per week),0.0,178
18571,2020-07-18,South Australia,Slope of power-law,0.0,178
18572,2020-07-18,South Australia,Acceleration of power-law,0.0,178
18573,2020-07-18,South Australia,Growth Rate,0.04506534474988734,178
18574,2020-07-18,South Australia,Days since first case,178.0,178
18575,2020-07-18,South Australia,Average Growth Rate,19.213168527072682,178
18576,2020-07-18,South Australia,Doubling time,3419.9439978189375,178
18577,2020-07-18,Tasmania,Total cases,228.0,178
18578,2020-07-18,Tasmania,Total cases per million,442.71844660194176,178
18579,2020-07-18,Tasmania,New cases,0.0,178
18580,2020-07-18,Tasmania,css_per_prsn,0.0,178
18581,2020-07-18,Tasmania,New cases per week,0.0,178
18582,2020-07-18,Tasmania,log10(Total cases),2.357934847000454,178
18583,2020-07-18,Tasmania,log10(New cases per week),0.0,178
18584,2020-07-18,Tasmania,Slope of power-law,0.0,178
18585,2020-07-18,Tasmania,Acceleration of power-law,0.0,178
18586,2020-07-18,Tasmania,Growth Rate,0.0,178
18587,2020-07-18,Tasmania,Days since first case,178.0,178
18588,2020-07-18,Tasmania,Average Growth Rate,816119577537955.4,178
18589,2020-07-18,Tasmania,Doubling time,1.4526928480175606e+17,178
18590,2020-07-18,Victoria,Total cases,5696.0,178
18591,2020-07-18,Victoria,Total cases per million,895.7383236357917,178
18592,2020-07-18,Victoria,New cases,343.0,178
18593,2020-07-18,Victoria,css_per_prsn,53.93929863186035,178
18594,2020-07-18,Victoria,New cases per week,1897.0,178
18595,2020-07-18,Victoria,log10(Total cases),3.7555699806288,178
18596,2020-07-18,Victoria,log10(New cases per week),3.2780673308886628,178
18597,2020-07-18,Victoria,Slope of power-law,1.4280398061159636,178
18598,2020-07-18,Victoria,Acceleration of power-law,-4.347771137868127,178
18599,2020-07-18,Victoria,Growth Rate,5.792538957972612,178
18600,2020-07-18,Victoria,Days since first case,178.0,178
18601,2020-07-18,Victoria,Average Growth Rate,0.12155998258436801,178
18602,2020-07-18,Victoria,Doubling time,21.637676900017507,178
18603,2020-07-18,Western Australia,Total cases,651.0,178
18604,2020-07-18,Western Australia,Total cases per million,251.44843568945538,178
18605,2020-07-18,Western Australia,New cases,0.0,178
18606,2020-07-18,Western Australia,css_per_prsn,0.0,178
18607,2020-07-18,Western Australia,New cases per week,16.0,178
18608,2020-07-18,Western Australia,log10(Total cases),2.813580988568192,178
18609,2020-07-18,Western Australia,log10(New cases per week),1.2041199826559248,178
18610,2020-07-18,Western Australia,Slope of power-law,4.901863180345102,178
18611,2020-07-18,Western Australia,Acceleration of power-law,-inf,178
18612,2020-07-18,Western Australia,Growth Rate,0.46439628482972134,178
18613,2020-07-18,Western Australia,Days since first case,178.0,178
18614,2020-07-18,Western Australia,Average Growth Rate,1.7630982244080255,178
18615,2020-07-18,Western Australia,Doubling time,313.83148394462853,178
18616,2020-07-19,Australian Capital Territory,Total cases,113.0,179
18617,2020-07-19,Australian Capital Territory,Total cases per million,297.36842105263156,179
18618,2020-07-19,Australian Capital Territory,New cases,0.0,179
18619,2020-07-19,Australian Capital Territory,css_per_prsn,0.0,179
18620,2020-07-19,Australian Capital Territory,New cases per week,0.0,179
18621,2020-07-19,Australian Capital Territory,log10(Total cases),2.0530784434834195,179
18622,2020-07-19,Australian Capital Territory,log10(New cases per week),0.0,179
18623,2020-07-19,Australian Capital Territory,Slope of power-law,-inf,179
18624,2020-07-19,Australian Capital Territory,Acceleration of power-law,-inf,179
18625,2020-07-19,Australian Capital Territory,Growth Rate,0.0,179
18626,2020-07-19,Australian Capital Territory,Days since first case,179.0,179
18627,2020-07-19,Australian Capital Territory,Average Growth Rate,inf,179
18628,2020-07-19,Australian Capital Territory,Doubling time,inf,179
18629,2020-07-19,New South Wales,Total cases,3588.0,179
18630,2020-07-19,New South Wales,Total cases per million,475.609756097561,179
18631,2020-07-19,New South Wales,New cases,20.0,179
18632,2020-07-19,New South Wales,css_per_prsn,2.651113467656416,179
18633,2020-07-19,New South Wales,New cases per week,96.0,179
18634,2020-07-19,New South Wales,log10(Total cases),3.5548524343720547,179
18635,2020-07-19,New South Wales,log10(New cases per week),1.9822712330395684,179
18636,2020-07-19,New South Wales,Slope of power-law,-28.591205921388873,179
18637,2020-07-19,New South Wales,Acceleration of power-law,659.2149335957607,179
18638,2020-07-19,New South Wales,Growth Rate,0.39959477712742003,179
18639,2020-07-19,New South Wales,Days since first case,179.0,179
18640,2020-07-19,New South Wales,Average Growth Rate,2.0251687213316103,179
18641,2020-07-19,New South Wales,Doubling time,362.50520111835823,179
18642,2020-07-19,Northern Territory,Total cases,31.0,179
18643,2020-07-19,Northern Territory,Total cases per million,126.89316414244782,179
18644,2020-07-19,Northern Territory,New cases,0.0,179
18645,2020-07-19,Northern Territory,css_per_prsn,0.0,179
18646,2020-07-19,Northern Territory,New cases per week,0.0,179
18647,2020-07-19,Northern Territory,log10(Total cases),1.4913616938342726,179
18648,2020-07-19,Northern Territory,log10(New cases per week),0.0,179
18649,2020-07-19,Northern Territory,Slope of power-law,0.0,179
18650,2020-07-19,Northern Territory,Acceleration of power-law,0.0,179
18651,2020-07-19,Northern Territory,Growth Rate,0.0,179
18652,2020-07-19,Northern Territory,Days since first case,179.0,179
18653,2020-07-19,Northern Territory,Average Growth Rate,inf,179
18654,2020-07-19,Northern Territory,Doubling time,inf,179
18655,2020-07-19,Queensland,Total cases,1072.0,179
18656,2020-07-19,Queensland,Total cases per million,211.39814632222442,179
18657,2020-07-19,Queensland,New cases,1.0,179
18658,2020-07-19,Queensland,css_per_prsn,0.19719976336028397,179
18659,2020-07-19,Queensland,New cases per week,1.0,179
18660,2020-07-19,Queensland,log10(Total cases),3.030194785356751,179
18661,2020-07-19,Queensland,log10(New cases per week),0.0,179
18662,2020-07-19,Queensland,Slope of power-law,0.0,179
18663,2020-07-19,Queensland,Acceleration of power-law,0.0,179
18664,2020-07-19,Queensland,Growth Rate,0.018670649738610906,179
18665,2020-07-19,Queensland,Days since first case,179.0,179
18666,2020-07-19,Queensland,Average Growth Rate,61.8633844267801,179
18667,2020-07-19,Queensland,Doubling time,11073.545812393639,179
18668,2020-07-19,South Australia,Total cases,444.0,179
18669,2020-07-19,South Australia,Total cases per million,264.75849731663686,179
18670,2020-07-19,South Australia,New cases,0.0,179
18671,2020-07-19,South Australia,css_per_prsn,0.0,179
18672,2020-07-19,South Australia,New cases per week,1.0,179
18673,2020-07-19,South Australia,log10(Total cases),2.6473829701146196,179
18674,2020-07-19,South Australia,log10(New cases per week),0.0,179
18675,2020-07-19,South Australia,Slope of power-law,0.0,179
18676,2020-07-19,South Australia,Acceleration of power-law,0.0,179
18677,2020-07-19,South Australia,Growth Rate,0.04504504504504504,179
18678,2020-07-19,South Australia,Days since first case,179.0,179
18679,2020-07-19,South Australia,Average Growth Rate,15.373998214616046,179
18680,2020-07-19,South Australia,Doubling time,2751.9456804162724,179
18681,2020-07-19,Tasmania,Total cases,228.0,179
18682,2020-07-19,Tasmania,Total cases per million,442.71844660194176,179
18683,2020-07-19,Tasmania,New cases,0.0,179
18684,2020-07-19,Tasmania,css_per_prsn,0.0,179
18685,2020-07-19,Tasmania,New cases per week,0.0,179
18686,2020-07-19,Tasmania,log10(Total cases),2.357934847000454,179
18687,2020-07-19,Tasmania,log10(New cases per week),0.0,179
18688,2020-07-19,Tasmania,Slope of power-law,0.0,179
18689,2020-07-19,Tasmania,Acceleration of power-law,0.0,179
18690,2020-07-19,Tasmania,Growth Rate,0.0,179
18691,2020-07-19,Tasmania,Days since first case,179.0,179
18692,2020-07-19,Tasmania,Average Growth Rate,816119577537955.4,179
18693,2020-07-19,Tasmania,Doubling time,1.46085404379294e+17,179
18694,2020-07-19,Victoria,Total cases,5942.0,179
18695,2020-07-19,Victoria,Total cases per million,934.4236515175342,179
18696,2020-07-19,Victoria,New cases,246.0,179
18697,2020-07-19,Victoria,css_per_prsn,38.68532788174241,179
18698,2020-07-19,Victoria,New cases per week,1975.0,179
18699,2020-07-19,Victoria,log10(Total cases),3.773932647467645,179
18700,2020-07-19,Victoria,log10(New cases per week),3.295567099962479,179
18701,2020-07-19,Victoria,Slope of power-law,1.1660150961414684,179
18702,2020-07-19,Victoria,Acceleration of power-law,-14.269425692579464,179
18703,2020-07-19,Victoria,Growth Rate,5.552664833122724,179
18704,2020-07-19,Victoria,Days since first case,179.0,179
18705,2020-07-19,Victoria,Average Growth Rate,0.12030613997617078,179
18706,2020-07-19,Victoria,Doubling time,21.53479905573457,179
18707,2020-07-19,Western Australia,Total cases,651.0,179
18708,2020-07-19,Western Australia,Total cases per million,251.44843568945538,179
18709,2020-07-19,Western Australia,New cases,0.0,179
18710,2020-07-19,Western Australia,css_per_prsn,0.0,179
18711,2020-07-19,Western Australia,New cases per week,16.0,179
18712,2020-07-19,Western Australia,log10(Total cases),2.813580988568192,179
18713,2020-07-19,Western Australia,log10(New cases per week),1.2041199826559248,179
18714,2020-07-19,Western Australia,Slope of power-law,0.0,179
18715,2020-07-19,Western Australia,Acceleration of power-law,-inf,179
18716,2020-07-19,Western Australia,Growth Rate,0.46224961479198773,179
18717,2020-07-19,Western Australia,Days since first case,179.0,179
18718,2020-07-19,Western Australia,Average Growth Rate,1.61604255186656,179
18719,2020-07-19,Western Australia,Doubling time,289.27161678411426,179
18720,2020-07-20,Australian Capital Territory,Total cases,113.0,180
18721,2020-07-20,Australian Capital Territory,Total cases per million,297.36842105263156,180
18722,2020-07-20,Australian Capital Territory,New cases,0.0,180
18723,2020-07-20,Australian Capital Territory,css_per_prsn,0.0,180
18724,2020-07-20,Australian Capital Territory,New cases per week,0.0,180
18725,2020-07-20,Australian Capital Territory,log10(Total cases),2.0530784434834195,180
18726,2020-07-20,Australian Capital Territory,log10(New cases per week),0.0,180
18727,2020-07-20,Australian Capital Territory,Slope of power-law,-inf,180
18728,2020-07-20,Australian Capital Territory,Acceleration of power-law,0.0,180
18729,2020-07-20,Australian Capital Territory,Growth Rate,0.0,180
18730,2020-07-20,Australian Capital Territory,Days since first case,180.0,180
18731,2020-07-20,Australian Capital Territory,Average Growth Rate,inf,180
18732,2020-07-20,Australian Capital Territory,Doubling time,inf,180
18733,2020-07-20,New South Wales,Total cases,3599.0,180
18734,2020-07-20,New South Wales,Total cases per million,477.06786850477204,180
18735,2020-07-20,New South Wales,New cases,11.0,180
18736,2020-07-20,New South Wales,css_per_prsn,1.4581124072110287,180
18737,2020-07-20,New South Wales,New cases per week,94.0,180
18738,2020-07-20,New South Wales,log10(Total cases),3.5561818466529114,180
18739,2020-07-20,New South Wales,log10(New cases per week),1.9731278535996986,180
18740,2020-07-20,New South Wales,Slope of power-law,8.746643970207739,180
18741,2020-07-20,New South Wales,Acceleration of power-law,28085.98237676526,180
18742,2020-07-20,New South Wales,Growth Rate,0.40358744394618834,180
18743,2020-07-20,New South Wales,Days since first case,180.0,180
18744,2020-07-20,New South Wales,Average Growth Rate,1.912245474662006,180
18745,2020-07-20,New South Wales,Doubling time,344.20418543916105,180
18746,2020-07-20,Northern Territory,Total cases,31.0,180
18747,2020-07-20,Northern Territory,Total cases per million,126.89316414244782,180
18748,2020-07-20,Northern Territory,New cases,0.0,180
18749,2020-07-20,Northern Territory,css_per_prsn,0.0,180
18750,2020-07-20,Northern Territory,New cases per week,0.0,180
18751,2020-07-20,Northern Territory,log10(Total cases),1.4913616938342726,180
18752,2020-07-20,Northern Territory,log10(New cases per week),0.0,180
18753,2020-07-20,Northern Territory,Slope of power-law,0.0,180
18754,2020-07-20,Northern Territory,Acceleration of power-law,0.0,180
18755,2020-07-20,Northern Territory,Growth Rate,0.0,180
18756,2020-07-20,Northern Territory,Days since first case,180.0,180
18757,2020-07-20,Northern Territory,Average Growth Rate,inf,180
18758,2020-07-20,Northern Territory,Doubling time,inf,180
18759,2020-07-20,Queensland,Total cases,1072.0,180
18760,2020-07-20,Queensland,Total cases per million,211.39814632222442,180
18761,2020-07-20,Queensland,New cases,0.0,180
18762,2020-07-20,Queensland,css_per_prsn,0.0,180
18763,2020-07-20,Queensland,New cases per week,1.0,180
18764,2020-07-20,Queensland,log10(Total cases),3.030194785356751,180
18765,2020-07-20,Queensland,log10(New cases per week),0.0,180
18766,2020-07-20,Queensland,Slope of power-law,-588.3067096183034,180
18767,2020-07-20,Queensland,Acceleration of power-law,-inf,180
18768,2020-07-20,Queensland,Growth Rate,0.018667164457718873,180
18769,2020-07-20,Queensland,Days since first case,180.0,180
18770,2020-07-20,Queensland,Average Growth Rate,61.87493688005796,180
18771,2020-07-20,Queensland,Doubling time,11137.488638410432,180
18772,2020-07-20,South Australia,Total cases,444.0,180
18773,2020-07-20,South Australia,Total cases per million,264.75849731663686,180
18774,2020-07-20,South Australia,New cases,0.0,180
18775,2020-07-20,South Australia,css_per_prsn,0.0,180
18776,2020-07-20,South Australia,New cases per week,1.0,180
18777,2020-07-20,South Australia,log10(Total cases),2.6473829701146196,180
18778,2020-07-20,South Australia,log10(New cases per week),0.0,180
18779,2020-07-20,South Australia,Slope of power-law,0.0,180
18780,2020-07-20,South Australia,Acceleration of power-law,0.0,180
18781,2020-07-20,South Australia,Growth Rate,0.0,180
18782,2020-07-20,South Australia,Days since first case,180.0,180
18783,2020-07-20,South Australia,Average Growth Rate,19.221832869031203,180
18784,2020-07-20,South Australia,Doubling time,3459.9299164256167,180
18785,2020-07-20,Tasmania,Total cases,229.0,180
18786,2020-07-20,Tasmania,Total cases per million,444.6601941747573,180
18787,2020-07-20,Tasmania,New cases,1.0,180
18788,2020-07-20,Tasmania,css_per_prsn,1.941747572815534,180
18789,2020-07-20,Tasmania,New cases per week,1.0,180
18790,2020-07-20,Tasmania,log10(Total cases),2.359835482339888,180
18791,2020-07-20,Tasmania,log10(New cases per week),0.0,180
18792,2020-07-20,Tasmania,Slope of power-law,0.0,180
18793,2020-07-20,Tasmania,Acceleration of power-law,0.0,180
18794,2020-07-20,Tasmania,Growth Rate,0.08764241893076251,180
18795,2020-07-20,Tasmania,Days since first case,180.0,180
18796,2020-07-20,Tasmania,Average Growth Rate,39.54404665094295,180
18797,2020-07-20,Tasmania,Doubling time,7117.928397169731,180
18798,2020-07-20,Victoria,Total cases,6289.0,180
18799,2020-07-20,Victoria,Total cases per million,988.9919798710489,180
18800,2020-07-20,Victoria,New cases,347.0,180
18801,2020-07-20,Victoria,css_per_prsn,54.5683283535147,180
18802,2020-07-20,Victoria,New cases per week,2065.0,180
18803,2020-07-20,Victoria,log10(Total cases),3.7985815947285477,180
18804,2020-07-20,Victoria,log10(New cases per week),3.31492005599242,180
18805,2020-07-20,Victoria,Slope of power-law,0.9656547512382166,180
18806,2020-07-20,Victoria,Acceleration of power-law,-8.128555868227973,180
18807,2020-07-20,Victoria,Growth Rate,5.410441202320268,180
18808,2020-07-20,Victoria,Days since first case,180.0,180
18809,2020-07-20,Victoria,Average Growth Rate,0.12117239985285724,180
18810,2020-07-20,Victoria,Doubling time,21.811031973514304,180
18811,2020-07-20,Western Australia,Total cases,651.0,180
18812,2020-07-20,Western Australia,Total cases per million,251.44843568945538,180
18813,2020-07-20,Western Australia,New cases,0.0,180
18814,2020-07-20,Western Australia,css_per_prsn,0.0,180
18815,2020-07-20,Western Australia,New cases per week,15.0,180
18816,2020-07-20,Western Australia,log10(Total cases),2.813580988568192,180
18817,2020-07-20,Western Australia,log10(New cases per week),1.1760912590556813,180
18818,2020-07-20,Western Australia,Slope of power-law,-16.1539268563479,180
18819,2020-07-20,Western Australia,Acceleration of power-law,-inf,180
18820,2020-07-20,Western Australia,Growth Rate,0.15384615384615385,180
18821,2020-07-20,Western Australia,Days since first case,180.0,180
18822,2020-07-20,Western Australia,Average Growth Rate,1.803176795306727,180
18823,2020-07-20,Western Australia,Doubling time,324.5718231552109,180
18824,2020-07-21,Australian Capital Territory,Total cases,113.0,181
18825,2020-07-21,Australian Capital Territory,Total cases per million,297.36842105263156,181
18826,2020-07-21,Australian Capital Territory,New cases,0.0,181
18827,2020-07-21,Australian Capital Territory,css_per_prsn,0.0,181
18828,2020-07-21,Australian Capital Territory,New cases per week,0.0,181
18829,2020-07-21,Australian Capital Territory,log10(Total cases),2.0530784434834195,181
18830,2020-07-21,Australian Capital Territory,log10(New cases per week),0.0,181
18831,2020-07-21,Australian Capital Territory,Slope of power-law,-inf,181
18832,2020-07-21,Australian Capital Territory,Acceleration of power-law,0.0,181
18833,2020-07-21,Australian Capital Territory,Growth Rate,0.0,181
18834,2020-07-21,Australian Capital Territory,Days since first case,181.0,181
18835,2020-07-21,Australian Capital Territory,Average Growth Rate,inf,181
18836,2020-07-21,Australian Capital Territory,Doubling time,inf,181
18837,2020-07-21,New South Wales,Total cases,3614.0,181
18838,2020-07-21,New South Wales,Total cases per million,479.0562036055143,181
18839,2020-07-21,New South Wales,New cases,15.0,181
18840,2020-07-21,New South Wales,css_per_prsn,1.9883351007423118,181
18841,2020-07-21,New South Wales,New cases per week,97.0,181
18842,2020-07-21,New South Wales,log10(Total cases),3.557988148224913,181
18843,2020-07-21,New South Wales,log10(New cases per week),1.9867717342662448,181
18844,2020-07-21,New South Wales,Slope of power-law,12.961479610119667,181
18845,2020-07-21,New South Wales,Acceleration of power-law,2333.406395279245,181
18846,2020-07-21,New South Wales,Growth Rate,0.4408728165634243,181
18847,2020-07-21,New South Wales,Days since first case,181.0,181
18848,2020-07-21,New South Wales,Average Growth Rate,1.7966884461255623,181
18849,2020-07-21,New South Wales,Doubling time,325.2006087487268,181
18850,2020-07-21,Northern Territory,Total cases,31.0,181
18851,2020-07-21,Northern Territory,Total cases per million,126.89316414244782,181
18852,2020-07-21,Northern Territory,New cases,0.0,181
18853,2020-07-21,Northern Territory,css_per_prsn,0.0,181
18854,2020-07-21,Northern Territory,New cases per week,0.0,181
18855,2020-07-21,Northern Territory,log10(Total cases),1.4913616938342726,181
18856,2020-07-21,Northern Territory,log10(New cases per week),0.0,181
18857,2020-07-21,Northern Territory,Slope of power-law,0.0,181
18858,2020-07-21,Northern Territory,Acceleration of power-law,0.0,181
18859,2020-07-21,Northern Territory,Growth Rate,0.0,181
18860,2020-07-21,Northern Territory,Days since first case,181.0,181
18861,2020-07-21,Northern Territory,Average Growth Rate,inf,181
18862,2020-07-21,Northern Territory,Doubling time,inf,181
18863,2020-07-21,Queensland,Total cases,1073.0,181
18864,2020-07-21,Queensland,Total cases per million,211.5953460855847,181
18865,2020-07-21,Queensland,New cases,1.0,181
18866,2020-07-21,Queensland,css_per_prsn,0.19719976336028397,181
18867,2020-07-21,Queensland,New cases per week,2.0,181
18868,2020-07-21,Queensland,log10(Total cases),3.030599721965951,181
18869,2020-07-21,Queensland,log10(New cases per week),0.3010299956639812,181
18870,2020-07-21,Queensland,Slope of power-law,-144.81852651037676,181
18871,2020-07-21,Queensland,Acceleration of power-law,1095203.9727503012,181
18872,2020-07-21,Queensland,Growth Rate,0.03732039559619332,181
18873,2020-07-21,Queensland,Days since first case,181.0,181
18874,2020-07-21,Queensland,Average Growth Rate,46.42136360397445,181
18875,2020-07-21,Queensland,Doubling time,8402.266812319374,181
18876,2020-07-21,South Australia,Total cases,444.0,181
18877,2020-07-21,South Australia,Total cases per million,264.75849731663686,181
18878,2020-07-21,South Australia,New cases,0.0,181
18879,2020-07-21,South Australia,css_per_prsn,0.0,181
18880,2020-07-21,South Australia,New cases per week,1.0,181
18881,2020-07-21,South Australia,log10(Total cases),2.6473829701146196,181
18882,2020-07-21,South Australia,log10(New cases per week),0.0,181
18883,2020-07-21,South Australia,Slope of power-law,0.0,181
18884,2020-07-21,South Australia,Acceleration of power-law,0.0,181
18885,2020-07-21,South Australia,Growth Rate,0.0,181
18886,2020-07-21,South Australia,Days since first case,181.0,181
18887,2020-07-21,South Australia,Average Growth Rate,25.63488975693501,181
18888,2020-07-21,South Australia,Doubling time,4639.915046005237,181
18889,2020-07-21,Tasmania,Total cases,229.0,181
18890,2020-07-21,Tasmania,Total cases per million,444.6601941747573,181
18891,2020-07-21,Tasmania,New cases,0.0,181
18892,2020-07-21,Tasmania,css_per_prsn,0.0,181
18893,2020-07-21,Tasmania,New cases per week,1.0,181
18894,2020-07-21,Tasmania,log10(Total cases),2.359835482339888,181
18895,2020-07-21,Tasmania,log10(New cases per week),0.0,181
18896,2020-07-21,Tasmania,Slope of power-law,0.0,181
18897,2020-07-21,Tasmania,Acceleration of power-law,0.0,181
18898,2020-07-21,Tasmania,Growth Rate,0.08756567425569177,181
18899,2020-07-21,Tasmania,Days since first case,181.0,181
18900,2020-07-21,Tasmania,Average Growth Rate,19.780683870073567,181
18901,2020-07-21,Tasmania,Doubling time,3580.3037804833157,181
18902,2020-07-21,Victoria,Total cases,6739.0,181
18903,2020-07-21,Victoria,Total cases per million,1059.757823557163,181
18904,2020-07-21,Victoria,New cases,450.0,181
18905,2020-07-21,Victoria,css_per_prsn,70.76584368611417,181
18906,2020-07-21,Victoria,New cases per week,2291.0,181
18907,2020-07-21,Victoria,log10(Total cases),3.828595456371702,181
18908,2020-07-21,Victoria,log10(New cases per week),3.3600250891893975,181
18909,2020-07-21,Victoria,Slope of power-law,1.0389496054065375,181
18910,2020-07-21,Victoria,Acceleration of power-law,2.4420334524010805,181
18911,2020-07-21,Victoria,Growth Rate,5.24334588094207,181
18912,2020-07-21,Victoria,Days since first case,181.0,181
18913,2020-07-21,Victoria,Average Growth Rate,0.12471851028311332,181
18914,2020-07-21,Victoria,Doubling time,22.57405036124351,181
18915,2020-07-21,Western Australia,Total cases,651.0,181
18916,2020-07-21,Western Australia,Total cases per million,251.44843568945538,181
18917,2020-07-21,Western Australia,New cases,0.0,181
18918,2020-07-21,Western Australia,css_per_prsn,0.0,181
18919,2020-07-21,Western Australia,New cases per week,15.0,181
18920,2020-07-21,Western Australia,log10(Total cases),2.813580988568192,181
18921,2020-07-21,Western Australia,log10(New cases per week),1.1760912590556813,181
18922,2020-07-21,Western Australia,Slope of power-law,-17.177019955684724,181
18923,2020-07-21,Western Australia,Acceleration of power-law,-inf,181
18924,2020-07-21,Western Australia,Growth Rate,0.15360983102918588,181
18925,2020-07-21,Western Australia,Days since first case,181.0,181
18926,2020-07-21,Western Australia,Average Growth Rate,2.0012690858754225,181
18927,2020-07-21,Western Australia,Doubling time,362.2297045434515,181
18928,2020-07-22,Australian Capital Territory,Total cases,113.0,182
18929,2020-07-22,Australian Capital Territory,Total cases per million,297.36842105263156,182
18930,2020-07-22,Australian Capital Territory,New cases,0.0,182
18931,2020-07-22,Australian Capital Territory,css_per_prsn,0.0,182
18932,2020-07-22,Australian Capital Territory,New cases per week,0.0,182
18933,2020-07-22,Australian Capital Territory,log10(Total cases),2.0530784434834195,182
18934,2020-07-22,Australian Capital Territory,log10(New cases per week),0.0,182
18935,2020-07-22,Australian Capital Territory,Slope of power-law,-inf,182
18936,2020-07-22,Australian Capital Territory,Acceleration of power-law,0.0,182
18937,2020-07-22,Australian Capital Territory,Growth Rate,0.0,182
18938,2020-07-22,Australian Capital Territory,Days since first case,182.0,182
18939,2020-07-22,Australian Capital Territory,Average Growth Rate,inf,182
18940,2020-07-22,Australian Capital Territory,Doubling time,inf,182
18941,2020-07-22,New South Wales,Total cases,3633.0,182
18942,2020-07-22,New South Wales,Total cases per million,481.5747613997879,182
18943,2020-07-22,New South Wales,New cases,19.0,182
18944,2020-07-22,New South Wales,css_per_prsn,2.518557794273595,182
18945,2020-07-22,New South Wales,New cases per week,106.0,182
18946,2020-07-22,New South Wales,log10(Total cases),3.5602653978627146,182
18947,2020-07-22,New South Wales,log10(New cases per week),2.0253058652647704,182
18948,2020-07-22,New South Wales,Slope of power-law,13.144271743363719,182
18949,2020-07-22,New South Wales,Acceleration of power-law,80.26881647482887,182
18950,2020-07-22,New South Wales,Growth Rate,0.46105988223530725,182
18951,2020-07-22,New South Wales,Days since first case,182.0,182
18952,2020-07-22,New South Wales,Average Growth Rate,1.6814920951041477,182
18953,2020-07-22,New South Wales,Doubling time,306.03156130895485,182
18954,2020-07-22,Northern Territory,Total cases,31.0,182
18955,2020-07-22,Northern Territory,Total cases per million,126.89316414244782,182
18956,2020-07-22,Northern Territory,New cases,0.0,182
18957,2020-07-22,Northern Territory,css_per_prsn,0.0,182
18958,2020-07-22,Northern Territory,New cases per week,0.0,182
18959,2020-07-22,Northern Territory,log10(Total cases),1.4913616938342726,182
18960,2020-07-22,Northern Territory,log10(New cases per week),0.0,182
18961,2020-07-22,Northern Territory,Slope of power-law,0.0,182
18962,2020-07-22,Northern Territory,Acceleration of power-law,0.0,182
18963,2020-07-22,Northern Territory,Growth Rate,0.0,182
18964,2020-07-22,Northern Territory,Days since first case,182.0,182
18965,2020-07-22,Northern Territory,Average Growth Rate,inf,182
18966,2020-07-22,Northern Territory,Doubling time,inf,182
18967,2020-07-22,Queensland,Total cases,1074.0,182
18968,2020-07-22,Queensland,Total cases per million,211.792545848945,182
18969,2020-07-22,Queensland,New cases,1.0,182
18970,2020-07-22,Queensland,css_per_prsn,0.19719976336028397,182
18971,2020-07-22,Queensland,New cases per week,3.0,182
18972,2020-07-22,Queensland,log10(Total cases),3.0310042813635367,182
18973,2020-07-22,Queensland,log10(New cases per week),0.47712125471966244,182
18974,2020-07-22,Queensland,Slope of power-law,-102.84627384273855,182
18975,2020-07-22,Queensland,Acceleration of power-law,103748.0600330175,182
18976,2020-07-22,Queensland,Growth Rate,0.05594927265945542,182
18977,2020-07-22,Queensland,Days since first case,182.0,182
18978,2020-07-22,Queensland,Average Growth Rate,26.53550805616711,182
18979,2020-07-22,Queensland,Doubling time,4829.462466222414,182
18980,2020-07-22,South Australia,Total cases,446.0,182
18981,2020-07-22,South Australia,Total cases per million,265.95110316040547,182
18982,2020-07-22,South Australia,New cases,2.0,182
18983,2020-07-22,South Australia,css_per_prsn,1.1926058437686344,182
18984,2020-07-22,South Australia,New cases per week,2.0,182
18985,2020-07-22,South Australia,log10(Total cases),2.649334858712142,182
18986,2020-07-22,South Australia,log10(New cases per week),0.3010299956639812,182
18987,2020-07-22,South Australia,Slope of power-law,102.70091740522003,182
18988,2020-07-22,South Australia,Acceleration of power-law,52616.17775501578,182
18989,2020-07-22,South Australia,Growth Rate,0.09000900090009002,182
18990,2020-07-22,South Australia,Days since first case,182.0,182
18991,2020-07-22,South Australia,Average Growth Rate,19.24132593068452,182
18992,2020-07-22,South Australia,Doubling time,3501.921319384583,182
18993,2020-07-22,Tasmania,Total cases,229.0,182
18994,2020-07-22,Tasmania,Total cases per million,444.6601941747573,182
18995,2020-07-22,Tasmania,New cases,0.0,182
18996,2020-07-22,Tasmania,css_per_prsn,0.0,182
18997,2020-07-22,Tasmania,New cases per week,1.0,182
18998,2020-07-22,Tasmania,log10(Total cases),2.359835482339888,182
18999,2020-07-22,Tasmania,log10(New cases per week),0.0,182
19000,2020-07-22,Tasmania,Slope of power-law,0.0,182
19001,2020-07-22,Tasmania,Acceleration of power-law,0.0,182
19002,2020-07-22,Tasmania,Growth Rate,0.08748906386701663,182
19003,2020-07-22,Tasmania,Days since first case,182.0,182
19004,2020-07-22,Tasmania,Average Growth Rate,13.192894592666772,182
19005,2020-07-22,Tasmania,Doubling time,2401.1068158653525,182
19006,2020-07-22,Victoria,Total cases,7125.0,182
19007,2020-07-22,Victoria,Total cases per million,1120.4591916968077,182
19008,2020-07-22,Victoria,New cases,386.0,182
19009,2020-07-22,Victoria,css_per_prsn,60.7013681396446,182
19010,2020-07-22,Victoria,New cases per week,2375.0,182
19011,2020-07-22,Victoria,log10(Total cases),3.8527848686805477,182
19012,2020-07-22,Victoria,log10(New cases per week),3.3756636139608855,182
19013,2020-07-22,Victoria,Slope of power-law,1.019917053441078,182
19014,2020-07-22,Victoria,Acceleration of power-law,-0.7868133265271484,182
19015,2020-07-22,Victoria,Growth Rate,5.573904564184832,182
19016,2020-07-22,Victoria,Days since first case,182.0,182
19017,2020-07-22,Victoria,Average Growth Rate,0.12569357870030484,182
19018,2020-07-22,Victoria,Doubling time,22.87623132345548,182
19019,2020-07-22,Western Australia,Total cases,651.0,182
19020,2020-07-22,Western Australia,Total cases per million,251.44843568945538,182
19021,2020-07-22,Western Australia,New cases,0.0,182
19022,2020-07-22,Western Australia,css_per_prsn,0.0,182
19023,2020-07-22,Western Australia,New cases per week,5.0,182
19024,2020-07-22,Western Australia,log10(Total cases),2.813580988568192,182
19025,2020-07-22,Western Australia,log10(New cases per week),0.6989700043360189,182
19026,2020-07-22,Western Australia,Slope of power-law,-49.17793741657731,182
19027,2020-07-22,Western Australia,Acceleration of power-law,-inf,182
19028,2020-07-22,Western Australia,Growth Rate,0.0,182
19029,2020-07-22,Western Australia,Days since first case,182.0,182
19030,2020-07-22,Western Australia,Average Growth Rate,2.808306142577683,182
19031,2020-07-22,Western Australia,Doubling time,511.1117179491383,182
19032,2020-07-23,Australian Capital Territory,Total cases,113.0,183
19033,2020-07-23,Australian Capital Territory,Total cases per million,297.36842105263156,183
19034,2020-07-23,Australian Capital Territory,New cases,0.0,183
19035,2020-07-23,Australian Capital Territory,css_per_prsn,0.0,183
19036,2020-07-23,Australian Capital Territory,New cases per week,0.0,183
19037,2020-07-23,Australian Capital Territory,log10(Total cases),2.0530784434834195,183
19038,2020-07-23,Australian Capital Territory,log10(New cases per week),0.0,183
19039,2020-07-23,Australian Capital Territory,Slope of power-law,-inf,183
19040,2020-07-23,Australian Capital Territory,Acceleration of power-law,0.0,183
19041,2020-07-23,Australian Capital Territory,Growth Rate,0.0,183
19042,2020-07-23,Australian Capital Territory,Days since first case,183.0,183
19043,2020-07-23,Australian Capital Territory,Average Growth Rate,inf,183
19044,2020-07-23,Australian Capital Territory,Doubling time,inf,183
19045,2020-07-23,New South Wales,Total cases,3640.0,183
19046,2020-07-23,New South Wales,Total cases per million,482.50265111346766,183
19047,2020-07-23,New South Wales,New cases,7.0,183
19048,2020-07-23,New South Wales,css_per_prsn,0.9278897136797456,183
19049,2020-07-23,New South Wales,New cases per week,105.0,183
19050,2020-07-23,New South Wales,log10(Total cases),3.561101383649056,183
19051,2020-07-23,New South Wales,log10(New cases per week),2.0211892990699383,183
19052,2020-07-23,New South Wales,Slope of power-law,9.983135031315362,183
19053,2020-07-23,New South Wales,Acceleration of power-law,-3781.3282997105243,183
19054,2020-07-23,New South Wales,Growth Rate,0.3983622883700343,183
19055,2020-07-23,New South Wales,Days since first case,183.0,183
19056,2020-07-23,New South Wales,Average Growth Rate,1.6476222747835898,183
19057,2020-07-23,New South Wales,Doubling time,301.51487628539695,183
19058,2020-07-23,Northern Territory,Total cases,31.0,183
19059,2020-07-23,Northern Territory,Total cases per million,126.89316414244782,183
19060,2020-07-23,Northern Territory,New cases,0.0,183
19061,2020-07-23,Northern Territory,css_per_prsn,0.0,183
19062,2020-07-23,Northern Territory,New cases per week,0.0,183
19063,2020-07-23,Northern Territory,log10(Total cases),1.4913616938342726,183
19064,2020-07-23,Northern Territory,log10(New cases per week),0.0,183
19065,2020-07-23,Northern Territory,Slope of power-law,0.0,183
19066,2020-07-23,Northern Territory,Acceleration of power-law,0.0,183
19067,2020-07-23,Northern Territory,Growth Rate,0.0,183
19068,2020-07-23,Northern Territory,Days since first case,183.0,183
19069,2020-07-23,Northern Territory,Average Growth Rate,inf,183
19070,2020-07-23,Northern Territory,Doubling time,inf,183
19071,2020-07-23,Queensland,Total cases,1076.0,183
19072,2020-07-23,Queensland,Total cases per million,212.18694537566557,183
19073,2020-07-23,Queensland,New cases,2.0,183
19074,2020-07-23,Queensland,css_per_prsn,0.39439952672056794,183
19075,2020-07-23,Queensland,New cases per week,5.0,183
19076,2020-07-23,Queensland,log10(Total cases),3.0318122713303706,183
19077,2020-07-23,Queensland,log10(New cases per week),0.6989700043360189,183
19078,2020-07-23,Queensland,Slope of power-law,109.67406315118419,183
19079,2020-07-23,Queensland,Acceleration of power-law,263023.4850894202,183
19080,2020-07-23,Queensland,Growth Rate,0.0931619154089808,183
19081,2020-07-23,Queensland,Days since first case,183.0,183
19082,2020-07-23,Queensland,Average Growth Rate,15.48797975026706,183
19083,2020-07-23,Queensland,Doubling time,2834.300294298872,183
19084,2020-07-23,South Australia,Total cases,447.0,183
19085,2020-07-23,South Australia,Total cases per million,266.5474060822898,183
19086,2020-07-23,South Australia,New cases,1.0,183
19087,2020-07-23,South Australia,css_per_prsn,0.5963029218843172,183
19088,2020-07-23,South Australia,New cases per week,3.0,183
19089,2020-07-23,South Australia,log10(Total cases),2.6503075231319366,183
19090,2020-07-23,South Australia,log10(New cases per week),0.47712125471966244,183
19091,2020-07-23,South Australia,Slope of power-law,122.2197941793351,183
19092,2020-07-23,South Australia,Acceleration of power-law,20067.431661820934,183
19093,2020-07-23,South Australia,Growth Rate,0.1348314606741573,183
19094,2020-07-23,South Australia,Days since first case,183.0,183
19095,2020-07-23,South Australia,Average Growth Rate,12.841504333495962,183
19096,2020-07-23,South Australia,Doubling time,2349.995293029761,183
19097,2020-07-23,Tasmania,Total cases,229.0,183
19098,2020-07-23,Tasmania,Total cases per million,444.6601941747573,183
19099,2020-07-23,Tasmania,New cases,0.0,183
19100,2020-07-23,Tasmania,css_per_prsn,0.0,183
19101,2020-07-23,Tasmania,New cases per week,1.0,183
19102,2020-07-23,Tasmania,log10(Total cases),2.359835482339888,183
19103,2020-07-23,Tasmania,log10(New cases per week),0.0,183
19104,2020-07-23,Tasmania,Slope of power-law,0.0,183
19105,2020-07-23,Tasmania,Acceleration of power-law,0.0,183
19106,2020-07-23,Tasmania,Growth Rate,0.08741258741258741,183
19107,2020-07-23,Tasmania,Days since first case,183.0,183
19108,2020-07-23,Tasmania,Average Growth Rate,9.898998692781808,183
19109,2020-07-23,Tasmania,Doubling time,1811.5167607790709,183
19110,2020-07-23,Victoria,Total cases,7405.0,183
19111,2020-07-23,Victoria,Total cases per million,1164.491272212612,183
19112,2020-07-23,Victoria,New cases,280.0,183
19113,2020-07-23,Victoria,css_per_prsn,44.032080515804374,183
19114,2020-07-23,Victoria,New cases per week,2240.0,183
19115,2020-07-23,Victoria,log10(Total cases),3.8695250628572273,183
19116,2020-07-23,Victoria,log10(New cases per week),3.3502480183341627,183
19117,2020-07-23,Victoria,Slope of power-law,0.8372396105050559,183
19118,2020-07-23,Victoria,Acceleration of power-law,-10.91250441948314,183
19119,2020-07-23,Victoria,Growth Rate,5.101492537313433,183
19120,2020-07-23,Victoria,Days since first case,183.0,183
19121,2020-07-23,Victoria,Average Growth Rate,0.12892475887704433,183
19122,2020-07-23,Victoria,Doubling time,23.593230874499113,183
19123,2020-07-23,Western Australia,Total cases,654.0,183
19124,2020-07-23,Western Australia,Total cases per million,252.6071842410197,183
19125,2020-07-23,Western Australia,New cases,3.0,183
19126,2020-07-23,Western Australia,css_per_prsn,1.1587485515643106,183
19127,2020-07-23,Western Australia,New cases per week,8.0,183
19128,2020-07-23,Western Australia,log10(Total cases),2.815577748324267,183
19129,2020-07-23,Western Australia,log10(New cases per week),0.9030899869919435,183
19130,2020-07-23,Western Australia,Slope of power-law,-22.523681672789927,183
19131,2020-07-23,Western Australia,Acceleration of power-law,13348.75448220199,183
19132,2020-07-23,Western Australia,Growth Rate,0.09208103130755063,183
19133,2020-07-23,Western Australia,Days since first case,183.0,183
19134,2020-07-23,Western Australia,Average Growth Rate,4.021570744117054,183
19135,2020-07-23,Western Australia,Doubling time,735.9474461734209,183
19136,2020-07-24,Australian Capital Territory,Total cases,113.0,184
19137,2020-07-24,Australian Capital Territory,Total cases per million,297.36842105263156,184
19138,2020-07-24,Australian Capital Territory,New cases,0.0,184
19139,2020-07-24,Australian Capital Territory,css_per_prsn,0.0,184
19140,2020-07-24,Australian Capital Territory,New cases per week,0.0,184
19141,2020-07-24,Australian Capital Territory,log10(Total cases),2.0530784434834195,184
19142,2020-07-24,Australian Capital Territory,log10(New cases per week),0.0,184
19143,2020-07-24,Australian Capital Territory,Slope of power-law,-inf,184
19144,2020-07-24,Australian Capital Territory,Acceleration of power-law,0.0,184
19145,2020-07-24,Australian Capital Territory,Growth Rate,0.0,184
19146,2020-07-24,Australian Capital Territory,Days since first case,184.0,184
19147,2020-07-24,Australian Capital Territory,Average Growth Rate,inf,184
19148,2020-07-24,Australian Capital Territory,Doubling time,inf,184
19149,2020-07-24,New South Wales,Total cases,3654.0,184
19150,2020-07-24,New South Wales,Total cases per million,484.35843054082716,184
19151,2020-07-24,New South Wales,New cases,14.0,184
19152,2020-07-24,New South Wales,css_per_prsn,1.8557794273594912,184
19153,2020-07-24,New South Wales,New cases per week,104.0,184
19154,2020-07-24,New South Wales,log10(Total cases),3.562768543016519,184
19155,2020-07-24,New South Wales,log10(New cases per week),2.0170333392987803,184
19156,2020-07-24,New South Wales,Slope of power-law,7.865825498307767,184
19157,2020-07-24,New South Wales,Acceleration of power-law,-1270.0102787590715,184
19158,2020-07-24,New South Wales,Growth Rate,0.3638368246968026,184
19159,2020-07-24,New South Wales,Days since first case,184.0,184
19160,2020-07-24,New South Wales,Average Growth Rate,1.6761153106537854,184
19161,2020-07-24,New South Wales,Doubling time,308.4052171602965,184
19162,2020-07-24,Northern Territory,Total cases,31.0,184
19163,2020-07-24,Northern Territory,Total cases per million,126.89316414244782,184
19164,2020-07-24,Northern Territory,New cases,0.0,184
19165,2020-07-24,Northern Territory,css_per_prsn,0.0,184
19166,2020-07-24,Northern Territory,New cases per week,0.0,184
19167,2020-07-24,Northern Territory,log10(Total cases),1.4913616938342726,184
19168,2020-07-24,Northern Territory,log10(New cases per week),0.0,184
19169,2020-07-24,Northern Territory,Slope of power-law,0.0,184
19170,2020-07-24,Northern Territory,Acceleration of power-law,0.0,184
19171,2020-07-24,Northern Territory,Growth Rate,0.0,184
19172,2020-07-24,Northern Territory,Days since first case,184.0,184
19173,2020-07-24,Northern Territory,Average Growth Rate,inf,184
19174,2020-07-24,Northern Territory,Doubling time,inf,184
19175,2020-07-24,Queensland,Total cases,1076.0,184
19176,2020-07-24,Queensland,Total cases per million,212.18694537566557,184
19177,2020-07-24,Queensland,New cases,0.0,184
19178,2020-07-24,Queensland,css_per_prsn,0.0,184
19179,2020-07-24,Queensland,New cases per week,5.0,184
19180,2020-07-24,Queensland,log10(Total cases),3.0318122713303706,184
19181,2020-07-24,Queensland,log10(New cases per week),0.6989700043360189,184
19182,2020-07-24,Queensland,Slope of power-law,109.67406315118419,184
19183,2020-07-24,Queensland,Acceleration of power-law,0.0,184
19184,2020-07-24,Queensland,Growth Rate,0.07447402718301992,184
19185,2020-07-24,Queensland,Days since first case,184.0,184
19186,2020-07-24,Queensland,Average Growth Rate,12.3965429001963,184
19187,2020-07-24,Queensland,Doubling time,2280.9638936361193,184
19188,2020-07-24,South Australia,Total cases,447.0,184
19189,2020-07-24,South Australia,Total cases per million,266.5474060822898,184
19190,2020-07-24,South Australia,New cases,0.0,184
19191,2020-07-24,South Australia,css_per_prsn,0.0,184
19192,2020-07-24,South Australia,New cases per week,3.0,184
19193,2020-07-24,South Australia,log10(Total cases),2.6503075231319366,184
19194,2020-07-24,South Australia,log10(New cases per week),0.47712125471966244,184
19195,2020-07-24,South Australia,Slope of power-law,122.2197941793351,184
19196,2020-07-24,South Australia,Acceleration of power-law,0.0,184
19197,2020-07-24,South Australia,Growth Rate,0.13464991023339315,184
19198,2020-07-24,South Australia,Days since first case,184.0,184
19199,2020-07-24,South Australia,Average Growth Rate,9.6406918643539,184
19200,2020-07-24,South Australia,Doubling time,1773.8873030411178,184
19201,2020-07-24,Tasmania,Total cases,229.0,184
19202,2020-07-24,Tasmania,Total cases per million,444.6601941747573,184
19203,2020-07-24,Tasmania,New cases,0.0,184
19204,2020-07-24,Tasmania,css_per_prsn,0.0,184
19205,2020-07-24,Tasmania,New cases per week,1.0,184
19206,2020-07-24,Tasmania,log10(Total cases),2.359835482339888,184
19207,2020-07-24,Tasmania,log10(New cases per week),0.0,184
19208,2020-07-24,Tasmania,Slope of power-law,0.0,184
19209,2020-07-24,Tasmania,Acceleration of power-law,0.0,184
19210,2020-07-24,Tasmania,Growth Rate,0.08733624454148471,184
19211,2020-07-24,Tasmania,Days since first case,184.0,184
19212,2020-07-24,Tasmania,Average Growth Rate,7.92266014522751,184
19213,2020-07-24,Tasmania,Doubling time,1457.7694667218618,184
19214,2020-07-24,Victoria,Total cases,7744.0,184
19215,2020-07-24,Victoria,Total cases per million,1217.801541122818,184
19216,2020-07-24,Victoria,New cases,339.0,184
19217,2020-07-24,Victoria,css_per_prsn,53.310268910206005,184
19218,2020-07-24,Victoria,New cases per week,2391.0,184
19219,2020-07-24,Victoria,log10(Total cases),3.8889653443003374,184
19220,2020-07-24,Victoria,log10(New cases per week),3.378579576115775,184
19221,2020-07-24,Victoria,Slope of power-law,0.8336965639825185,184
19222,2020-07-24,Victoria,Acceleration of power-law,-0.18225284098410852,184
19223,2020-07-24,Victoria,Growth Rate,5.104526655713557,184
19224,2020-07-24,Victoria,Days since first case,184.0,184
19225,2020-07-24,Victoria,Average Growth Rate,0.13111045678433966,184
19226,2020-07-24,Victoria,Doubling time,24.1243240483185,184
19227,2020-07-24,Western Australia,Total cases,656.0,184
19228,2020-07-24,Western Australia,Total cases per million,253.3796832753959,184
19229,2020-07-24,Western Australia,New cases,2.0,184
19230,2020-07-24,Western Australia,css_per_prsn,0.772499034376207,184
19231,2020-07-24,Western Australia,New cases per week,5.0,184
19232,2020-07-24,Western Australia,log10(Total cases),2.8169038393756605,184
19233,2020-07-24,Western Australia,log10(New cases per week),0.6989700043360189,184
19234,2020-07-24,Western Australia,Slope of power-law,-28.27538138090818,184
19235,2020-07-24,Western Australia,Acceleration of power-law,-4337.333927466935,184
19236,2020-07-24,Western Australia,Growth Rate,0.15323322096230463,184
19237,2020-07-24,Western Australia,Days since first case,184.0,184
19238,2020-07-24,Western Australia,Average Growth Rate,6.269758517930942,184
19239,2020-07-24,Western Australia,Doubling time,1153.6355672992934,184
19240,2020-07-25,Australian Capital Territory,Total cases,113.0,185
19241,2020-07-25,Australian Capital Territory,Total cases per million,297.36842105263156,185
19242,2020-07-25,Australian Capital Territory,New cases,0.0,185
19243,2020-07-25,Australian Capital Territory,css_per_prsn,0.0,185
19244,2020-07-25,Australian Capital Territory,New cases per week,0.0,185
19245,2020-07-25,Australian Capital Territory,log10(Total cases),2.0530784434834195,185
19246,2020-07-25,Australian Capital Territory,log10(New cases per week),0.0,185
19247,2020-07-25,Australian Capital Territory,Slope of power-law,0.0,185
19248,2020-07-25,Australian Capital Territory,Acceleration of power-law,0.0,185
19249,2020-07-25,Australian Capital Territory,Growth Rate,0.0,185
19250,2020-07-25,Australian Capital Territory,Days since first case,185.0,185
19251,2020-07-25,Australian Capital Territory,Average Growth Rate,inf,185
19252,2020-07-25,Australian Capital Territory,Doubling time,inf,185
19253,2020-07-25,New South Wales,Total cases,3668.0,185
19254,2020-07-25,New South Wales,Total cases per million,486.21420996818665,185
19255,2020-07-25,New South Wales,New cases,14.0,185
19256,2020-07-25,New South Wales,css_per_prsn,1.8557794273594912,185
19257,2020-07-25,New South Wales,New cases per week,100.0,185
19258,2020-07-25,New South Wales,log10(Total cases),3.5644293269979834,185
19259,2020-07-25,New South Wales,log10(New cases per week),2.0,185
19260,2020-07-25,New South Wales,Slope of power-law,7.681467302954583,185
19261,2020-07-25,New South Wales,Acceleration of power-law,-111.00672779287325,185
19262,2020-07-25,New South Wales,Growth Rate,0.3789334944258334,185
19263,2020-07-25,New South Wales,Days since first case,185.0,185
19264,2020-07-25,New South Wales,Average Growth Rate,1.6963412242023648,185
19265,2020-07-25,New South Wales,Doubling time,313.8231264774375,185
19266,2020-07-25,Northern Territory,Total cases,31.0,185
19267,2020-07-25,Northern Territory,Total cases per million,126.89316414244782,185
19268,2020-07-25,Northern Territory,New cases,0.0,185
19269,2020-07-25,Northern Territory,css_per_prsn,0.0,185
19270,2020-07-25,Northern Territory,New cases per week,0.0,185
19271,2020-07-25,Northern Territory,log10(Total cases),1.4913616938342726,185
19272,2020-07-25,Northern Territory,log10(New cases per week),0.0,185
19273,2020-07-25,Northern Territory,Slope of power-law,0.0,185
19274,2020-07-25,Northern Territory,Acceleration of power-law,0.0,185
19275,2020-07-25,Northern Territory,Growth Rate,0.0,185
19276,2020-07-25,Northern Territory,Days since first case,185.0,185
19277,2020-07-25,Northern Territory,Average Growth Rate,inf,185
19278,2020-07-25,Northern Territory,Doubling time,inf,185
19279,2020-07-25,Queensland,Total cases,1076.0,185
19280,2020-07-25,Queensland,Total cases per million,212.18694537566557,185
19281,2020-07-25,Queensland,New cases,0.0,185
19282,2020-07-25,Queensland,css_per_prsn,0.0,185
19283,2020-07-25,Queensland,New cases per week,5.0,185
19284,2020-07-25,Queensland,log10(Total cases),3.0318122713303706,185
19285,2020-07-25,Queensland,log10(New cases per week),0.6989700043360189,185
19286,2020-07-25,Queensland,Slope of power-law,109.67406315118419,185
19287,2020-07-25,Queensland,Acceleration of power-law,0.0,185
19288,2020-07-25,Queensland,Growth Rate,0.0744186046511628,185
19289,2020-07-25,Queensland,Days since first case,185.0,185
19290,2020-07-25,Queensland,Average Growth Rate,10.335477554594263,185
19291,2020-07-25,Queensland,Doubling time,1912.0633475999387,185
19292,2020-07-25,South Australia,Total cases,447.0,185
19293,2020-07-25,South Australia,Total cases per million,266.5474060822898,185
19294,2020-07-25,South Australia,New cases,0.0,185
19295,2020-07-25,South Australia,css_per_prsn,0.0,185
19296,2020-07-25,South Australia,New cases per week,3.0,185
19297,2020-07-25,South Australia,log10(Total cases),2.6503075231319366,185
19298,2020-07-25,South Australia,log10(New cases per week),0.47712125471966244,185
19299,2020-07-25,South Australia,Slope of power-law,163.1433083601198,185
19300,2020-07-25,South Australia,Acceleration of power-law,inf,185
19301,2020-07-25,South Australia,Growth Rate,0.1344688480502017,185
19302,2020-07-25,South Australia,Days since first case,185.0,185
19303,2020-07-25,South Australia,Average Growth Rate,7.016238919068986,185
19304,2020-07-25,South Australia,Doubling time,1298.0042000277624,185
19305,2020-07-25,Tasmania,Total cases,229.0,185
19306,2020-07-25,Tasmania,Total cases per million,444.6601941747573,185
19307,2020-07-25,Tasmania,New cases,0.0,185
19308,2020-07-25,Tasmania,css_per_prsn,0.0,185
19309,2020-07-25,Tasmania,New cases per week,1.0,185
19310,2020-07-25,Tasmania,log10(Total cases),2.359835482339888,185
19311,2020-07-25,Tasmania,log10(New cases per week),0.0,185
19312,2020-07-25,Tasmania,Slope of power-law,0.0,185
19313,2020-07-25,Tasmania,Acceleration of power-law,0.0,185
19314,2020-07-25,Tasmania,Growth Rate,0.0,185
19315,2020-07-25,Tasmania,Days since first case,185.0,185
19316,2020-07-25,Tasmania,Average Growth Rate,9.907663040828798,185
19317,2020-07-25,Tasmania,Doubling time,1832.9176625533275,185
19318,2020-07-25,Victoria,Total cases,8181.0,185
19319,2020-07-25,Victoria,Total cases per million,1286.5230382135555,185
19320,2020-07-25,Victoria,New cases,437.0,185
19321,2020-07-25,Victoria,css_per_prsn,68.72149709073754,185
19322,2020-07-25,Victoria,New cases per week,2485.0,185
19323,2020-07-25,Victoria,log10(Total cases),3.912806392661292,185
19324,2020-07-25,Victoria,log10(New cases per week),3.395326393069351,185
19325,2020-07-25,Victoria,Slope of power-law,0.7509815767053697,185
19326,2020-07-25,Victoria,Acceleration of power-law,-3.469435824500637,185
19327,2020-07-25,Victoria,Growth Rate,5.086841963757595,185
19328,2020-07-25,Victoria,Days since first case,185.0,185
19329,2020-07-25,Victoria,Average Growth Rate,0.1327353921591816,185
19330,2020-07-25,Victoria,Doubling time,24.556047549448593,185
19331,2020-07-25,Western Australia,Total cases,658.0,185
19332,2020-07-25,Western Australia,Total cases per million,254.15218230977212,185
19333,2020-07-25,Western Australia,New cases,2.0,185
19334,2020-07-25,Western Australia,css_per_prsn,0.772499034376207,185
19335,2020-07-25,Western Australia,New cases per week,7.0,185
19336,2020-07-25,Western Australia,log10(Total cases),2.8182258936139557,185
19337,2020-07-25,Western Australia,log10(New cases per week),0.8450980400142568,185
19338,2020-07-25,Western Australia,Slope of power-law,-62.21709882290789,185
19339,2020-07-25,Western Australia,Acceleration of power-law,-25673.46819731615,185
19340,2020-07-25,Western Australia,Growth Rate,0.21406727828746178,185
19341,2020-07-25,Western Australia,Days since first case,185.0,185
19342,2020-07-25,Western Australia,Average Growth Rate,5.653808715721544,185
19343,2020-07-25,Western Australia,Doubling time,1045.9546124084857,185
19344,2020-07-26,Australian Capital Territory,Total cases,113.0,186
19345,2020-07-26,Australian Capital Territory,Total cases per million,297.36842105263156,186
19346,2020-07-26,Australian Capital Territory,New cases,0.0,186
19347,2020-07-26,Australian Capital Territory,css_per_prsn,0.0,186
19348,2020-07-26,Australian Capital Territory,New cases per week,0.0,186
19349,2020-07-26,Australian Capital Territory,log10(Total cases),2.0530784434834195,186
19350,2020-07-26,Australian Capital Territory,log10(New cases per week),0.0,186
19351,2020-07-26,Australian Capital Territory,Slope of power-law,0.0,186
19352,2020-07-26,Australian Capital Territory,Acceleration of power-law,0.0,186
19353,2020-07-26,Australian Capital Territory,Growth Rate,0.0,186
19354,2020-07-26,Australian Capital Territory,Days since first case,186.0,186
19355,2020-07-26,Australian Capital Territory,Average Growth Rate,inf,186
19356,2020-07-26,Australian Capital Territory,Doubling time,inf,186
19357,2020-07-26,New South Wales,Total cases,3685.0,186
19358,2020-07-26,New South Wales,Total cases per million,488.4676564156946,186
19359,2020-07-26,New South Wales,New cases,17.0,186
19360,2020-07-26,New South Wales,css_per_prsn,2.2534464475079536,186
19361,2020-07-26,New South Wales,New cases per week,97.0,186
19362,2020-07-26,New South Wales,log10(Total cases),3.56643749219507,186
19363,2020-07-26,New South Wales,log10(New cases per week),1.9867717342662448,186
19364,2020-07-26,New South Wales,Slope of power-law,8.547328708247562,186
19365,2020-07-26,New South Wales,Acceleration of power-law,431.17040697105693,186
19366,2020-07-26,New South Wales,Growth Rate,0.3884026258205689,186
19367,2020-07-26,New South Wales,Days since first case,186.0,186
19368,2020-07-26,New South Wales,Average Growth Rate,1.7410551627143356,186
19369,2020-07-26,New South Wales,Doubling time,323.83626026486644,186
19370,2020-07-26,Northern Territory,Total cases,31.0,186
19371,2020-07-26,Northern Territory,Total cases per million,126.89316414244782,186
19372,2020-07-26,Northern Territory,New cases,0.0,186
19373,2020-07-26,Northern Territory,css_per_prsn,0.0,186
19374,2020-07-26,Northern Territory,New cases per week,0.0,186
19375,2020-07-26,Northern Territory,log10(Total cases),1.4913616938342726,186
19376,2020-07-26,Northern Territory,log10(New cases per week),0.0,186
19377,2020-07-26,Northern Territory,Slope of power-law,0.0,186
19378,2020-07-26,Northern Territory,Acceleration of power-law,0.0,186
19379,2020-07-26,Northern Territory,Growth Rate,0.0,186
19380,2020-07-26,Northern Territory,Days since first case,186.0,186
19381,2020-07-26,Northern Territory,Average Growth Rate,inf,186
19382,2020-07-26,Northern Territory,Doubling time,inf,186
19383,2020-07-26,Queensland,Total cases,1076.0,186
19384,2020-07-26,Queensland,Total cases per million,212.18694537566557,186
19385,2020-07-26,Queensland,New cases,0.0,186
19386,2020-07-26,Queensland,css_per_prsn,0.0,186
19387,2020-07-26,Queensland,New cases per week,4.0,186
19388,2020-07-26,Queensland,log10(Total cases),3.0318122713303706,186
19389,2020-07-26,Queensland,log10(New cases per week),0.6020599913279624,186
19390,2020-07-26,Queensland,Slope of power-law,61.7652292947501,186
19391,2020-07-26,Queensland,Acceleration of power-law,-inf,186
19392,2020-07-26,Queensland,Growth Rate,0.055782818891781334,186
19393,2020-07-26,Queensland,Days since first case,186.0,186
19394,2020-07-26,Queensland,Average Growth Rate,9.7961186850077,186
19395,2020-07-26,Queensland,Doubling time,1822.0780754114323,186
19396,2020-07-26,South Australia,Total cases,447.0,186
19397,2020-07-26,South Australia,Total cases per million,266.5474060822898,186
19398,2020-07-26,South Australia,New cases,0.0,186
19399,2020-07-26,South Australia,css_per_prsn,0.0,186
19400,2020-07-26,South Australia,New cases per week,3.0,186
19401,2020-07-26,South Australia,log10(Total cases),2.6503075231319366,186
19402,2020-07-26,South Australia,log10(New cases per week),0.47712125471966244,186
19403,2020-07-26,South Australia,Slope of power-law,163.1433083601198,186
19404,2020-07-26,South Australia,Acceleration of power-law,0.0,186
19405,2020-07-26,South Australia,Growth Rate,0.1342882721575649,186
19406,2020-07-26,South Australia,Days since first case,186.0,186
19407,2020-07-26,South Australia,Average Growth Rate,5.516513709719021,186
19408,2020-07-26,South Australia,Doubling time,1026.0715500077379,186
19409,2020-07-26,Tasmania,Total cases,229.0,186
19410,2020-07-26,Tasmania,Total cases per million,444.6601941747573,186
19411,2020-07-26,Tasmania,New cases,0.0,186
19412,2020-07-26,Tasmania,css_per_prsn,0.0,186
19413,2020-07-26,Tasmania,New cases per week,1.0,186
19414,2020-07-26,Tasmania,log10(Total cases),2.359835482339888,186
19415,2020-07-26,Tasmania,log10(New cases per week),0.0,186
19416,2020-07-26,Tasmania,Slope of power-law,0.0,186
19417,2020-07-26,Tasmania,Acceleration of power-law,0.0,186
19418,2020-07-26,Tasmania,Growth Rate,0.0,186
19419,2020-07-26,Tasmania,Days since first case,186.0,186
19420,2020-07-26,Tasmania,Average Growth Rate,13.21599951047564,186
19421,2020-07-26,Tasmania,Doubling time,2458.175908948469,186
19422,2020-07-26,Victoria,Total cases,8696.0,186
19423,2020-07-26,Victoria,Total cases per million,1367.5106148765528,186
19424,2020-07-26,Victoria,New cases,515.0,186
19425,2020-07-26,Victoria,css_per_prsn,80.98757666299733,186
19426,2020-07-26,Victoria,New cases per week,2754.0,186
19427,2020-07-26,Victoria,log10(Total cases),3.939319531078238,186
19428,2020-07-26,Victoria,log10(New cases per week),3.439963935920905,186
19429,2020-07-26,Victoria,Slope of power-law,0.8507507244256376,186
19430,2020-07-26,Victoria,Acceleration of power-law,3.7630078397848328,186
19431,2020-07-26,Victoria,Growth Rate,4.998595182753952,186
19432,2020-07-26,Victoria,Days since first case,186.0,186
19433,2020-07-26,Victoria,Average Growth Rate,0.13399139937385596,186
19434,2020-07-26,Victoria,Doubling time,24.922400283537208,186
19435,2020-07-26,Western Australia,Total cases,658.0,186
19436,2020-07-26,Western Australia,Total cases per million,254.15218230977212,186
19437,2020-07-26,Western Australia,New cases,0.0,186
19438,2020-07-26,Western Australia,css_per_prsn,0.0,186
19439,2020-07-26,Western Australia,New cases per week,7.0,186
19440,2020-07-26,Western Australia,log10(Total cases),2.8182258936139557,186
19441,2020-07-26,Western Australia,log10(New cases per week),0.8450980400142568,186
19442,2020-07-26,Western Australia,Slope of power-law,-54.25186824884834,186
19443,2020-07-26,Western Australia,Acceleration of power-law,inf,186
19444,2020-07-26,Western Australia,Growth Rate,0.21361000915471468,186
19445,2020-07-26,Western Australia,Days since first case,186.0,186
19446,2020-07-26,Western Australia,Average Growth Rate,5.149746613876818,186
19447,2020-07-26,Western Australia,Doubling time,957.8528701810882,186
19448,2020-07-27,Australian Capital Territory,Total cases,113.0,187
19449,2020-07-27,Australian Capital Territory,Total cases per million,297.36842105263156,187
19450,2020-07-27,Australian Capital Territory,New cases,0.0,187
19451,2020-07-27,Australian Capital Territory,css_per_prsn,0.0,187
19452,2020-07-27,Australian Capital Territory,New cases per week,0.0,187
19453,2020-07-27,Australian Capital Territory,log10(Total cases),2.0530784434834195,187
19454,2020-07-27,Australian Capital Territory,log10(New cases per week),0.0,187
19455,2020-07-27,Australian Capital Territory,Slope of power-law,0.0,187
19456,2020-07-27,Australian Capital Territory,Acceleration of power-law,0.0,187
19457,2020-07-27,Australian Capital Territory,Growth Rate,0.0,187
19458,2020-07-27,Australian Capital Territory,Days since first case,187.0,187
19459,2020-07-27,Australian Capital Territory,Average Growth Rate,inf,187
19460,2020-07-27,Australian Capital Territory,Doubling time,inf,187
19461,2020-07-27,New South Wales,Total cases,3699.0,187
19462,2020-07-27,New South Wales,Total cases per million,490.3234358430541,187
19463,2020-07-27,New South Wales,New cases,14.0,187
19464,2020-07-27,New South Wales,css_per_prsn,1.8557794273594912,187
19465,2020-07-27,New South Wales,New cases per week,100.0,187
19466,2020-07-27,New South Wales,log10(Total cases),3.568084331315394,187
19467,2020-07-27,New South Wales,log10(New cases per week),2.0,187
19468,2020-07-27,New South Wales,Slope of power-law,6.674874150368018,187
19469,2020-07-27,New South Wales,Acceleration of power-law,-1136.9990758485492,187
19470,2020-07-27,New South Wales,Growth Rate,0.35975144445655727,187
19471,2020-07-27,New South Wales,Days since first case,187.0,187
19472,2020-07-27,New South Wales,Average Growth Rate,1.8344150432960526,187
19473,2020-07-27,New South Wales,Doubling time,343.0356130963618,187
19474,2020-07-27,Northern Territory,Total cases,31.0,187
19475,2020-07-27,Northern Territory,Total cases per million,126.89316414244782,187
19476,2020-07-27,Northern Territory,New cases,0.0,187
19477,2020-07-27,Northern Territory,css_per_prsn,0.0,187
19478,2020-07-27,Northern Territory,New cases per week,0.0,187
19479,2020-07-27,Northern Territory,log10(Total cases),1.4913616938342726,187
19480,2020-07-27,Northern Territory,log10(New cases per week),0.0,187
19481,2020-07-27,Northern Territory,Slope of power-law,0.0,187
19482,2020-07-27,Northern Territory,Acceleration of power-law,0.0,187
19483,2020-07-27,Northern Territory,Growth Rate,0.0,187
19484,2020-07-27,Northern Territory,Days since first case,187.0,187
19485,2020-07-27,Northern Territory,Average Growth Rate,inf,187
19486,2020-07-27,Northern Territory,Doubling time,inf,187
19487,2020-07-27,Queensland,Total cases,1076.0,187
19488,2020-07-27,Queensland,Total cases per million,212.18694537566557,187
19489,2020-07-27,Queensland,New cases,0.0,187
19490,2020-07-27,Queensland,css_per_prsn,0.0,187
19491,2020-07-27,Queensland,New cases per week,4.0,187
19492,2020-07-27,Queensland,log10(Total cases),3.0318122713303706,187
19493,2020-07-27,Queensland,log10(New cases per week),0.6020599913279624,187
19494,2020-07-27,Queensland,Slope of power-law,297.6368612574595,187
19495,2020-07-27,Queensland,Acceleration of power-law,inf,187
19496,2020-07-27,Queensland,Growth Rate,0.03717472118959108,187
19497,2020-07-27,Queensland,Days since first case,187.0,187
19498,2020-07-27,Queensland,Average Growth Rate,10.345107039205262,187
19499,2020-07-27,Queensland,Doubling time,1934.535016331384,187
19500,2020-07-27,South Australia,Total cases,447.0,187
19501,2020-07-27,South Australia,Total cases per million,266.5474060822898,187
19502,2020-07-27,South Australia,New cases,0.0,187
19503,2020-07-27,South Australia,css_per_prsn,0.0,187
19504,2020-07-27,South Australia,New cases per week,3.0,187
19505,2020-07-27,South Australia,log10(Total cases),2.6503075231319366,187
19506,2020-07-27,South Australia,log10(New cases per week),0.47712125471966244,187
19507,2020-07-27,South Australia,Slope of power-law,163.1433083601198,187
19508,2020-07-27,South Australia,Acceleration of power-law,0.0,187
19509,2020-07-27,South Australia,Growth Rate,0.0447427293064877,187
19510,2020-07-27,South Australia,Days since first case,187.0,187
19511,2020-07-27,South Australia,Average Growth Rate,5.944849990694395,187
19512,2020-07-27,South Australia,Doubling time,1111.6869482598518,187
19513,2020-07-27,Tasmania,Total cases,229.0,187
19514,2020-07-27,Tasmania,Total cases per million,444.6601941747573,187
19515,2020-07-27,Tasmania,New cases,0.0,187
19516,2020-07-27,Tasmania,css_per_prsn,0.0,187
19517,2020-07-27,Tasmania,New cases per week,0.0,187
19518,2020-07-27,Tasmania,log10(Total cases),2.359835482339888,187
19519,2020-07-27,Tasmania,log10(New cases per week),0.0,187
19520,2020-07-27,Tasmania,Slope of power-law,0.0,187
19521,2020-07-27,Tasmania,Acceleration of power-law,0.0,187
19522,2020-07-27,Tasmania,Growth Rate,0.0,187
19523,2020-07-27,Tasmania,Days since first case,187.0,187
19524,2020-07-27,Tasmania,Average Growth Rate,19.832669918563546,187
19525,2020-07-27,Tasmania,Doubling time,3708.709274771383,187
19526,2020-07-27,Victoria,Total cases,9049.0,187
19527,2020-07-27,Victoria,Total cases per million,1423.0224878125491,187
19528,2020-07-27,Victoria,New cases,353.0,187
19529,2020-07-27,Victoria,css_per_prsn,55.51187293599622,187
19530,2020-07-27,Victoria,New cases per week,2760.0,187
19531,2020-07-27,Victoria,log10(Total cases),3.9566005882131767,187
19532,2020-07-27,Victoria,log10(New cases per week),3.4409090820652177,187
19533,2020-07-27,Victoria,Slope of power-law,0.8216054577748286,187
19534,2020-07-27,Victoria,Acceleration of power-law,-1.6865441982645477,187
19535,2020-07-27,Victoria,Growth Rate,4.684114424832623,187
19536,2020-07-27,Victoria,Days since first case,187.0,187
19537,2020-07-27,Victoria,Average Growth Rate,0.13876503305957494,187
19538,2020-07-27,Victoria,Doubling time,25.949061182140515,187
19539,2020-07-27,Western Australia,Total cases,659.0,187
19540,2020-07-27,Western Australia,Total cases per million,254.53843182696022,187
19541,2020-07-27,Western Australia,New cases,1.0,187
19542,2020-07-27,Western Australia,css_per_prsn,0.3862495171881035,187
19543,2020-07-27,Western Australia,New cases per week,8.0,187
19544,2020-07-27,Western Australia,log10(Total cases),2.8188854145940097,187
19545,2020-07-27,Western Australia,log10(New cases per week),0.9030899869919435,187
19546,2020-07-27,Western Australia,Slope of power-law,-61.71429911417789,187
19547,2020-07-27,Western Australia,Acceleration of power-law,-11314.925667291274,187
19548,2020-07-27,Western Australia,Growth Rate,0.24353120243531204,187
19549,2020-07-27,Western Australia,Days since first case,187.0,187
19550,2020-07-27,Western Australia,Average Growth Rate,3.7813965147005613,187
19551,2020-07-27,Western Australia,Doubling time,707.1211482490049,187
19552,2020-07-28,Australian Capital Territory,Total cases,113.0,188
19553,2020-07-28,Australian Capital Territory,Total cases per million,297.36842105263156,188
19554,2020-07-28,Australian Capital Territory,New cases,0.0,188
19555,2020-07-28,Australian Capital Territory,css_per_prsn,0.0,188
19556,2020-07-28,Australian Capital Territory,New cases per week,0.0,188
19557,2020-07-28,Australian Capital Territory,log10(Total cases),2.0530784434834195,188
19558,2020-07-28,Australian Capital Territory,log10(New cases per week),0.0,188
19559,2020-07-28,Australian Capital Territory,Slope of power-law,0.0,188
19560,2020-07-28,Australian Capital Territory,Acceleration of power-law,0.0,188
19561,2020-07-28,Australian Capital Territory,Growth Rate,0.0,188
19562,2020-07-28,Australian Capital Territory,Days since first case,188.0,188
19563,2020-07-28,Australian Capital Territory,Average Growth Rate,inf,188
19564,2020-07-28,Australian Capital Territory,Doubling time,inf,188
19565,2020-07-28,New South Wales,Total cases,3718.0,188
19566,2020-07-28,New South Wales,Total cases per million,492.84199363732773,188
19567,2020-07-28,New South Wales,New cases,19.0,188
19568,2020-07-28,New South Wales,css_per_prsn,2.518557794273595,188
19569,2020-07-28,New South Wales,New cases per week,104.0,188
19570,2020-07-28,New South Wales,log10(Total cases),3.5703093854358796,188
19571,2020-07-28,New South Wales,log10(New cases per week),2.0170333392987803,188
19572,2020-07-28,New South Wales,Slope of power-law,3.510899961704351,188
19573,2020-07-28,New South Wales,Acceleration of power-law,-1421.9762834232533,188
19574,2020-07-28,New South Wales,Growth Rate,0.4233608336951801,188
19575,2020-07-28,New South Wales,Days since first case,188.0,188
19576,2020-07-28,New South Wales,Average Growth Rate,1.8104595182511354,188
19577,2020-07-28,New South Wales,Doubling time,340.36638943121346,188
19578,2020-07-28,Northern Territory,Total cases,31.0,188
19579,2020-07-28,Northern Territory,Total cases per million,126.89316414244782,188
19580,2020-07-28,Northern Territory,New cases,0.0,188
19581,2020-07-28,Northern Territory,css_per_prsn,0.0,188
19582,2020-07-28,Northern Territory,New cases per week,0.0,188
19583,2020-07-28,Northern Territory,log10(Total cases),1.4913616938342726,188
19584,2020-07-28,Northern Territory,log10(New cases per week),0.0,188
19585,2020-07-28,Northern Territory,Slope of power-law,0.0,188
19586,2020-07-28,Northern Territory,Acceleration of power-law,0.0,188
19587,2020-07-28,Northern Territory,Growth Rate,0.0,188
19588,2020-07-28,Northern Territory,Days since first case,188.0,188
19589,2020-07-28,Northern Territory,Average Growth Rate,inf,188
19590,2020-07-28,Northern Territory,Doubling time,inf,188
19591,2020-07-28,Queensland,Total cases,1078.0,188
19592,2020-07-28,Queensland,Total cases per million,212.58134490238612,188
19593,2020-07-28,Queensland,New cases,2.0,188
19594,2020-07-28,Queensland,css_per_prsn,0.39439952672056794,188
19595,2020-07-28,Queensland,New cases per week,5.0,188
19596,2020-07-28,Queensland,log10(Total cases),3.03261876085072,188
19597,2020-07-28,Queensland,log10(New cases per week),0.6989700043360189,188
19598,2020-07-28,Queensland,Slope of power-law,247.04784581137034,188
19599,2020-07-28,Queensland,Acceleration of power-law,-62727.43063563796,188
19600,2020-07-28,Queensland,Growth Rate,0.03716090672612412,188
19601,2020-07-28,Queensland,Days since first case,188.0,188
19602,2020-07-28,Queensland,Average Growth Rate,12.421499245378785,188
19603,2020-07-28,Queensland,Doubling time,2335.2418581312113,188
19604,2020-07-28,South Australia,Total cases,448.0,188
19605,2020-07-28,South Australia,Total cases per million,267.1437090041741,188
19606,2020-07-28,South Australia,New cases,1.0,188
19607,2020-07-28,South Australia,css_per_prsn,0.5963029218843172,188
19608,2020-07-28,South Australia,New cases per week,4.0,188
19609,2020-07-28,South Australia,log10(Total cases),2.651278013998144,188
19610,2020-07-28,South Australia,log10(New cases per week),0.6020599913279624,188
19611,2020-07-28,South Australia,Slope of power-law,154.5707851648646,188
19612,2020-07-28,South Australia,Acceleration of power-law,-8833.1827673517,188
19613,2020-07-28,South Australia,Growth Rate,0.0447227191413238,188
19614,2020-07-28,South Australia,Days since first case,188.0,188
19615,2020-07-28,South Australia,Average Growth Rate,7.0317091159400436,188
19616,2020-07-28,South Australia,Doubling time,1321.9613137967283,188
19617,2020-07-28,Tasmania,Total cases,229.0,188
19618,2020-07-28,Tasmania,Total cases per million,444.6601941747573,188
19619,2020-07-28,Tasmania,New cases,0.0,188
19620,2020-07-28,Tasmania,css_per_prsn,0.0,188
19621,2020-07-28,Tasmania,New cases per week,0.0,188
19622,2020-07-28,Tasmania,log10(Total cases),2.359835482339888,188
19623,2020-07-28,Tasmania,log10(New cases per week),0.0,188
19624,2020-07-28,Tasmania,Slope of power-law,0.0,188
19625,2020-07-28,Tasmania,Acceleration of power-law,0.0,188
19626,2020-07-28,Tasmania,Growth Rate,0.0,188
19627,2020-07-28,Tasmania,Days since first case,188.0,188
19628,2020-07-28,Tasmania,Average Growth Rate,39.68267608705496,188
19629,2020-07-28,Tasmania,Doubling time,7460.343104366332,188
19630,2020-07-28,Victoria,Total cases,9304.0,188
19631,2020-07-28,Victoria,Total cases per million,1463.123132568014,188
19632,2020-07-28,Victoria,New cases,255.0,188
19633,2020-07-28,Victoria,css_per_prsn,40.10064475546469,188
19634,2020-07-28,Victoria,New cases per week,2565.0,188
19635,2020-07-28,Victoria,log10(Total cases),3.968669701720392,188
19636,2020-07-28,Victoria,log10(New cases per week),3.409087369447835,188
19637,2020-07-28,Victoria,Slope of power-law,0.6148297045534789,188
19638,2020-07-28,Victoria,Acceleration of power-law,-17.132638043194856,188
19639,2020-07-28,Victoria,Growth Rate,4.418950993624052,188
19640,2020-07-28,Victoria,Days since first case,188.0,188
19641,2020-07-28,Victoria,Average Growth Rate,0.14266380167398704,188
19642,2020-07-28,Victoria,Doubling time,26.820794714709564,188
19643,2020-07-28,Western Australia,Total cases,661.0,188
19644,2020-07-28,Western Australia,Total cases per million,255.31093086133643,188
19645,2020-07-28,Western Australia,New cases,2.0,188
19646,2020-07-28,Western Australia,css_per_prsn,0.772499034376207,188
19647,2020-07-28,Western Australia,New cases per week,10.0,188
19648,2020-07-28,Western Australia,log10(Total cases),2.82020145948564,188
19649,2020-07-28,Western Australia,log10(New cases per week),1.0,188
19650,2020-07-28,Western Australia,Slope of power-law,-30.83164101181601,188
19651,2020-07-28,Western Australia,Acceleration of power-law,23466.264941844005,188
19652,2020-07-28,Western Australia,Growth Rate,0.212636695018226,188
19653,2020-07-28,Western Australia,Days since first case,188.0,188
19654,2020-07-28,Western Australia,Average Growth Rate,3.341826310550176,188
19655,2020-07-28,Western Australia,Doubling time,628.263346383433,188
19656,2020-07-29,Australian Capital Territory,Total cases,113.0,189
19657,2020-07-29,Australian Capital Territory,Total cases per million,297.36842105263156,189
19658,2020-07-29,Australian Capital Territory,New cases,0.0,189
19659,2020-07-29,Australian Capital Territory,css_per_prsn,0.0,189
19660,2020-07-29,Australian Capital Territory,New cases per week,0.0,189
19661,2020-07-29,Australian Capital Territory,log10(Total cases),2.0530784434834195,189
19662,2020-07-29,Australian Capital Territory,log10(New cases per week),0.0,189
19663,2020-07-29,Australian Capital Territory,Slope of power-law,0.0,189
19664,2020-07-29,Australian Capital Territory,Acceleration of power-law,0.0,189
19665,2020-07-29,Australian Capital Territory,Growth Rate,0.0,189
19666,2020-07-29,Australian Capital Territory,Days since first case,189.0,189
19667,2020-07-29,Australian Capital Territory,Average Growth Rate,inf,189
19668,2020-07-29,Australian Capital Territory,Doubling time,inf,189
19669,2020-07-29,New South Wales,Total cases,3736.0,189
19670,2020-07-29,New South Wales,Total cases per million,495.22799575821847,189
19671,2020-07-29,New South Wales,New cases,18.0,189
19672,2020-07-29,New South Wales,css_per_prsn,2.3860021208907742,189
19673,2020-07-29,New South Wales,New cases per week,103.0,189
19674,2020-07-29,New South Wales,log10(Total cases),3.5724068675580556,189
19675,2020-07-29,New South Wales,log10(New cases per week),2.012837224705172,189
19676,2020-07-29,New South Wales,Slope of power-law,1.7412121110226992,189
19677,2020-07-29,New South Wales,Acceleration of power-law,-843.7201118290046,189
19678,2020-07-29,New South Wales,Growth Rate,0.4430995352858532,189
19679,2020-07-29,New South Wales,Days since first case,189.0,189
19680,2020-07-29,New South Wales,Average Growth Rate,1.7384763336967783,189
19681,2020-07-29,New South Wales,Doubling time,328.5720270686911,189
19682,2020-07-29,Northern Territory,Total cases,31.0,189
19683,2020-07-29,Northern Territory,Total cases per million,126.89316414244782,189
19684,2020-07-29,Northern Territory,New cases,0.0,189
19685,2020-07-29,Northern Territory,css_per_prsn,0.0,189
19686,2020-07-29,Northern Territory,New cases per week,0.0,189
19687,2020-07-29,Northern Territory,log10(Total cases),1.4913616938342726,189
19688,2020-07-29,Northern Territory,log10(New cases per week),0.0,189
19689,2020-07-29,Northern Territory,Slope of power-law,0.0,189
19690,2020-07-29,Northern Territory,Acceleration of power-law,0.0,189
19691,2020-07-29,Northern Territory,Growth Rate,0.0,189
19692,2020-07-29,Northern Territory,Days since first case,189.0,189
19693,2020-07-29,Northern Territory,Average Growth Rate,inf,189
19694,2020-07-29,Northern Territory,Doubling time,inf,189
19695,2020-07-29,Queensland,Total cases,1082.0,189
19696,2020-07-29,Queensland,Total cases per million,213.37014395582727,189
19697,2020-07-29,Queensland,New cases,4.0,189
19698,2020-07-29,Queensland,css_per_prsn,0.7887990534411359,189
19699,2020-07-29,Queensland,New cases per week,8.0,189
19700,2020-07-29,Queensland,log10(Total cases),3.0342272607705505,189
19701,2020-07-29,Queensland,log10(New cases per week),0.9030899869919435,189
19702,2020-07-29,Queensland,Slope of power-law,223.95424505292522,189
19703,2020-07-29,Queensland,Acceleration of power-law,-14357.228417443148,189
19704,2020-07-29,Queensland,Growth Rate,0.11135857461024498,189
19705,2020-07-29,Queensland,Days since first case,189.0,189
19706,2020-07-29,Queensland,Average Growth Rate,10.971142417919886,189
19707,2020-07-29,Queensland,Doubling time,2073.5459169868586,189
19708,2020-07-29,South Australia,Total cases,448.0,189
19709,2020-07-29,South Australia,Total cases per million,267.1437090041741,189
19710,2020-07-29,South Australia,New cases,0.0,189
19711,2020-07-29,South Australia,css_per_prsn,0.0,189
19712,2020-07-29,South Australia,New cases per week,2.0,189
19713,2020-07-29,South Australia,log10(Total cases),2.651278013998144,189
19714,2020-07-29,South Australia,log10(New cases per week),0.3010299956639812,189
19715,2020-07-29,South Australia,Slope of power-law,77.2853925824323,189
19716,2020-07-29,South Australia,Acceleration of power-law,-inf,189
19717,2020-07-29,South Australia,Growth Rate,0.04470272686633885,189
19718,2020-07-29,South Australia,Days since first case,189.0,189
19719,2020-07-29,South Australia,Average Growth Rate,8.601435405812062,189
19720,2020-07-29,South Australia,Doubling time,1625.6712916984798,189
19721,2020-07-29,Tasmania,Total cases,229.0,189
19722,2020-07-29,Tasmania,Total cases per million,444.6601941747573,189
19723,2020-07-29,Tasmania,New cases,0.0,189
19724,2020-07-29,Tasmania,css_per_prsn,0.0,189
19725,2020-07-29,Tasmania,New cases per week,0.0,189
19726,2020-07-29,Tasmania,log10(Total cases),2.359835482339888,189
19727,2020-07-29,Tasmania,log10(New cases per week),0.0,189
19728,2020-07-29,Tasmania,Slope of power-law,0.0,189
19729,2020-07-29,Tasmania,Acceleration of power-law,0.0,189
19730,2020-07-29,Tasmania,Growth Rate,0.0,189
19731,2020-07-29,Tasmania,Days since first case,189.0,189
19732,2020-07-29,Tasmania,Average Growth Rate,821488785284915.8,189
19733,2020-07-29,Tasmania,Doubling time,1.552613804188491e+17,189
19734,2020-07-29,Victoria,Total cases,9998.0,189
19735,2020-07-29,Victoria,Total cases per million,1572.2597892750432,189
19736,2020-07-29,Victoria,New cases,694.0,189
19737,2020-07-29,Victoria,css_per_prsn,109.1366567070294,189
19738,2020-07-29,Victoria,New cases per week,2873.0,189
19739,2020-07-29,Victoria,log10(Total cases),3.9999131324165713,189
19740,2020-07-29,Victoria,log10(New cases per week),3.4583356259919475,189
19741,2020-07-29,Victoria,Slope of power-law,0.7202769127000322,189
19742,2020-07-29,Victoria,Acceleration of power-law,3.3750201497381527,189
19743,2020-07-29,Victoria,Growth Rate,4.9836384540550105,189
19744,2020-07-29,Victoria,Days since first case,189.0,189
19745,2020-07-29,Victoria,Average Growth Rate,0.1433772829668757,189
19746,2020-07-29,Victoria,Doubling time,27.09830648073951,189
19747,2020-07-29,Western Australia,Total cases,661.0,189
19748,2020-07-29,Western Australia,Total cases per million,255.31093086133643,189
19749,2020-07-29,Western Australia,New cases,0.0,189
19750,2020-07-29,Western Australia,css_per_prsn,0.0,189
19751,2020-07-29,Western Australia,New cases per week,10.0,189
19752,2020-07-29,Western Australia,log10(Total cases),2.82020145948564,189
19753,2020-07-29,Western Australia,log10(New cases per week),1.0,189
19754,2020-07-29,Western Australia,Slope of power-law,-30.83164101181601,189
19755,2020-07-29,Western Australia,Acceleration of power-law,0.0,189
19756,2020-07-29,Western Australia,Growth Rate,0.15165301789505614,189
19757,2020-07-29,Western Australia,Days since first case,189.0,189
19758,2020-07-29,Western Australia,Average Growth Rate,3.3469260433859365,189
19759,2020-07-29,Western Australia,Doubling time,632.569022199942,189
19760,2020-07-30,Australian Capital Territory,Total cases,113.0,190
19761,2020-07-30,Australian Capital Territory,Total cases per million,297.36842105263156,190
19762,2020-07-30,Australian Capital Territory,New cases,0.0,190
19763,2020-07-30,Australian Capital Territory,css_per_prsn,0.0,190
19764,2020-07-30,Australian Capital Territory,New cases per week,0.0,190
19765,2020-07-30,Australian Capital Territory,log10(Total cases),2.0530784434834195,190
19766,2020-07-30,Australian Capital Territory,log10(New cases per week),0.0,190
19767,2020-07-30,Australian Capital Territory,Slope of power-law,0.0,190
19768,2020-07-30,Australian Capital Territory,Acceleration of power-law,0.0,190
19769,2020-07-30,Australian Capital Territory,Growth Rate,0.0,190
19770,2020-07-30,Australian Capital Territory,Days since first case,190.0,190
19771,2020-07-30,Australian Capital Territory,Average Growth Rate,inf,190
19772,2020-07-30,Australian Capital Territory,Doubling time,inf,190
19773,2020-07-30,New South Wales,Total cases,3756.0,190
19774,2020-07-30,New South Wales,Total cases per million,497.8791092258749,190
19775,2020-07-30,New South Wales,New cases,20.0,190
19776,2020-07-30,New South Wales,css_per_prsn,2.651113467656416,190
19777,2020-07-30,New South Wales,New cases per week,116.0,190
19778,2020-07-30,New South Wales,log10(Total cases),3.5747255835940734,190
19779,2020-07-30,New South Wales,log10(New cases per week),2.0644579892269186,190
19780,2020-07-30,New South Wales,Slope of power-law,4.9251203205159735,190
19781,2020-07-30,New South Wales,Acceleration of power-law,1373.1341656485436,190
19782,2020-07-30,New South Wales,Growth Rate,0.47327094761751104,190
19783,2020-07-30,New South Wales,Days since first case,190.0,190
19784,2020-07-30,New South Wales,Average Growth Rate,1.659926318075291,190
19785,2020-07-30,New South Wales,Doubling time,315.3860004343053,190
19786,2020-07-30,Northern Territory,Total cases,31.0,190
19787,2020-07-30,Northern Territory,Total cases per million,126.89316414244782,190
19788,2020-07-30,Northern Territory,New cases,0.0,190
19789,2020-07-30,Northern Territory,css_per_prsn,0.0,190
19790,2020-07-30,Northern Territory,New cases per week,0.0,190
19791,2020-07-30,Northern Territory,log10(Total cases),1.4913616938342726,190
19792,2020-07-30,Northern Territory,log10(New cases per week),0.0,190
19793,2020-07-30,Northern Territory,Slope of power-law,0.0,190
19794,2020-07-30,Northern Territory,Acceleration of power-law,0.0,190
19795,2020-07-30,Northern Territory,Growth Rate,0.0,190
19796,2020-07-30,Northern Territory,Days since first case,190.0,190
19797,2020-07-30,Northern Territory,Average Growth Rate,inf,190
19798,2020-07-30,Northern Territory,Doubling time,inf,190
19799,2020-07-30,Queensland,Total cases,1083.0,190
19800,2020-07-30,Queensland,Total cases per million,213.56734371918756,190
19801,2020-07-30,Queensland,New cases,1.0,190
19802,2020-07-30,Queensland,css_per_prsn,0.19719976336028397,190
19803,2020-07-30,Queensland,New cases per week,7.0,190
19804,2020-07-30,Queensland,log10(Total cases),3.0346284566253203,190
19805,2020-07-30,Queensland,log10(New cases per week),0.8450980400142568,190
19806,2020-07-30,Queensland,Slope of power-law,190.60908868125446,190
19807,2020-07-30,Queensland,Acceleration of power-law,-83114.40902299722,190
19808,2020-07-30,Queensland,Growth Rate,0.12974976830398516,190
19809,2020-07-30,Queensland,Days since first case,190.0,190
19810,2020-07-30,Queensland,Average Growth Rate,9.33589923668445,190
19811,2020-07-30,Queensland,Doubling time,1773.8208549700453,190
19812,2020-07-30,South Australia,Total cases,449.0,190
19813,2020-07-30,South Australia,Total cases per million,267.74001192605846,190
19814,2020-07-30,South Australia,New cases,1.0,190
19815,2020-07-30,South Australia,css_per_prsn,0.5963029218843172,190
19816,2020-07-30,South Australia,New cases per week,2.0,190
19817,2020-07-30,South Australia,log10(Total cases),2.6522463410033232,190
19818,2020-07-30,South Australia,log10(New cases per week),0.3010299956639812,190
19819,2020-07-30,South Australia,Slope of power-law,61.89739638471737,190
19820,2020-07-30,South Australia,Acceleration of power-law,-15891.321955713312,190
19821,2020-07-30,South Australia,Growth Rate,0.08932559178204556,190
19822,2020-07-30,South Australia,Days since first case,190.0,190
19823,2020-07-30,South Australia,Average Growth Rate,9.686724101713127,190
19824,2020-07-30,South Australia,Doubling time,1840.4775793254942,190
19825,2020-07-30,Tasmania,Total cases,229.0,190
19826,2020-07-30,Tasmania,Total cases per million,444.6601941747573,190
19827,2020-07-30,Tasmania,New cases,0.0,190
19828,2020-07-30,Tasmania,css_per_prsn,0.0,190
19829,2020-07-30,Tasmania,New cases per week,0.0,190
19830,2020-07-30,Tasmania,log10(Total cases),2.359835482339888,190
19831,2020-07-30,Tasmania,log10(New cases per week),0.0,190
19832,2020-07-30,Tasmania,Slope of power-law,0.0,190
19833,2020-07-30,Tasmania,Acceleration of power-law,0.0,190
19834,2020-07-30,Tasmania,Growth Rate,0.0,190
19835,2020-07-30,Tasmania,Days since first case,190.0,190
19836,2020-07-30,Tasmania,Average Growth Rate,821488785284915.8,190
19837,2020-07-30,Tasmania,Doubling time,1.5608286920413398e+17,190
19838,2020-07-30,Victoria,Total cases,10577.0,190
19839,2020-07-30,Victoria,Total cases per million,1663.31184148451,190
19840,2020-07-30,Victoria,New cases,579.0,190
19841,2020-07-30,Victoria,css_per_prsn,91.0520522094669,190
19842,2020-07-30,Victoria,New cases per week,3172.0,190
19843,2020-07-30,Victoria,log10(Total cases),4.024362504353282,190
19844,2020-07-30,Victoria,log10(New cases per week),3.501333178645566,190
19845,2020-07-30,Victoria,Slope of power-law,0.8256372204495932,190
19846,2020-07-30,Victoria,Acceleration of power-law,4.309325737376653,190
19847,2020-07-30,Victoria,Growth Rate,5.031076768016127,190
19848,2020-07-30,Victoria,Days since first case,190.0,190
19849,2020-07-30,Victoria,Average Growth Rate,0.14370881960853846,190
19850,2020-07-30,Victoria,Doubling time,27.304675725622307,190
19851,2020-07-30,Western Australia,Total cases,665.0,190
19852,2020-07-30,Western Australia,Total cases per million,256.85592893008885,190
19853,2020-07-30,Western Australia,New cases,4.0,190
19854,2020-07-30,Western Australia,css_per_prsn,1.544998068752414,190
19855,2020-07-30,Western Australia,New cases per week,11.0,190
19856,2020-07-30,Western Australia,log10(Total cases),2.8228216453031045,190
19857,2020-07-30,Western Australia,log10(New cases per week),1.0413926851582251,190
19858,2020-07-30,Western Australia,Slope of power-law,-14.576731693597925,190
19859,2020-07-30,Western Australia,Acceleration of power-law,6203.723877090682,190
19860,2020-07-30,Western Australia,Growth Rate,0.211864406779661,190
19861,2020-07-30,Western Australia,Days since first case,190.0,190
19862,2020-07-30,Western Australia,Average Growth Rate,3.354061320006742,190
19863,2020-07-30,Western Australia,Doubling time,637.271650801281,190
19864,2020-07-31,Australian Capital Territory,Total cases,113.0,191
19865,2020-07-31,Australian Capital Territory,Total cases per million,297.36842105263156,191
19866,2020-07-31,Australian Capital Territory,New cases,0.0,191
19867,2020-07-31,Australian Capital Territory,css_per_prsn,0.0,191
19868,2020-07-31,Australian Capital Territory,New cases per week,0.0,191
19869,2020-07-31,Australian Capital Territory,log10(Total cases),2.0530784434834195,191
19870,2020-07-31,Australian Capital Territory,log10(New cases per week),0.0,191
19871,2020-07-31,Australian Capital Territory,Slope of power-law,0.0,191
19872,2020-07-31,Australian Capital Territory,Acceleration of power-law,0.0,191
19873,2020-07-31,Australian Capital Territory,Growth Rate,0.0,191
19874,2020-07-31,Australian Capital Territory,Days since first case,191.0,191
19875,2020-07-31,Australian Capital Territory,Average Growth Rate,inf,191
19876,2020-07-31,Australian Capital Territory,Doubling time,inf,191
19877,2020-07-31,New South Wales,Total cases,3773.0,191
19878,2020-07-31,New South Wales,Total cases per million,500.13255567338285,191
19879,2020-07-31,New South Wales,New cases,17.0,191
19880,2020-07-31,New South Wales,css_per_prsn,2.2534464475079536,191
19881,2020-07-31,New South Wales,New cases per week,119.0,191
19882,2020-07-31,New South Wales,log10(Total cases),3.5766868052009957,191
19883,2020-07-31,New South Wales,log10(New cases per week),2.0755469613925306,191
19884,2020-07-31,New South Wales,Slope of power-law,4.747679324768528,191
19885,2020-07-31,New South Wales,Acceleration of power-law,-90.47473019935978,191
19886,2020-07-31,New South Wales,Growth Rate,0.4710416443635585,191
19887,2020-07-31,New South Wales,Days since first case,191.0,191
19888,2020-07-31,New South Wales,Average Growth Rate,1.5967274517382122,191
19889,2020-07-31,New South Wales,Doubling time,304.97494328199855,191
19890,2020-07-31,Northern Territory,Total cases,33.0,191
19891,2020-07-31,Northern Territory,Total cases per million,135.07981989357347,191
19892,2020-07-31,Northern Territory,New cases,2.0,191
19893,2020-07-31,Northern Territory,css_per_prsn,8.186655751125665,191
19894,2020-07-31,Northern Territory,New cases per week,2.0,191
19895,2020-07-31,Northern Territory,log10(Total cases),1.5185139398778875,191
19896,2020-07-31,Northern Territory,log10(New cases per week),0.3010299956639812,191
19897,2020-07-31,Northern Territory,Slope of power-law,11.086743806771425,191
19898,2020-07-31,Northern Territory,Acceleration of power-law,0.0,191
19899,2020-07-31,Northern Territory,Growth Rate,1.2738853503184715,191
19900,2020-07-31,Northern Territory,Days since first case,191.0,191
19901,2020-07-31,Northern Territory,Average Growth Rate,2.7206026836978254,191
19902,2020-07-31,Northern Territory,Doubling time,519.6351125862847,191
19903,2020-07-31,Queensland,Total cases,1084.0,191
19904,2020-07-31,Queensland,Total cases per million,213.76454348254782,191
19905,2020-07-31,Queensland,New cases,1.0,191
19906,2020-07-31,Queensland,css_per_prsn,0.19719976336028397,191
19907,2020-07-31,Queensland,New cases per week,8.0,191
19908,2020-07-31,Queensland,log10(Total cases),3.0350292822023683,191
19909,2020-07-31,Queensland,log10(New cases per week),0.9030899869919435,191
19910,2020-07-31,Queensland,Slope of power-law,135.91868248639548,191
19911,2020-07-31,Queensland,Acceleration of power-law,-136444.40207044905,191
19912,2020-07-31,Queensland,Growth Rate,0.14806588932074774,191
19913,2020-07-31,Queensland,Days since first case,191.0,191
19914,2020-07-31,Queensland,Average Growth Rate,7.477156800230958,191
19915,2020-07-31,Queensland,Doubling time,1428.136948844113,191
19916,2020-07-31,South Australia,Total cases,451.0,191
19917,2020-07-31,South Australia,Total cases per million,268.93261776982706,191
19918,2020-07-31,South Australia,New cases,2.0,191
19919,2020-07-31,South Australia,css_per_prsn,1.1926058437686344,191
19920,2020-07-31,South Australia,New cases per week,4.0,191
19921,2020-07-31,South Australia,log10(Total cases),2.6541765418779604,191
19922,2020-07-31,South Australia,log10(New cases per week),0.6020599913279624,191
19923,2020-07-31,South Australia,Slope of power-law,88.62201096877806,191
19924,2020-07-31,South Australia,Acceleration of power-law,13845.509519357543,191
19925,2020-07-31,South Australia,Growth Rate,0.17833259028087384,191
19926,2020-07-31,South Australia,Days since first case,191.0,191
19927,2020-07-31,South Australia,Average Growth Rate,8.624959112742555,191
19928,2020-07-31,South Australia,Doubling time,1647.367190533828,191
19929,2020-07-31,Tasmania,Total cases,229.0,191
19930,2020-07-31,Tasmania,Total cases per million,444.6601941747573,191
19931,2020-07-31,Tasmania,New cases,0.0,191
19932,2020-07-31,Tasmania,css_per_prsn,0.0,191
19933,2020-07-31,Tasmania,New cases per week,0.0,191
19934,2020-07-31,Tasmania,log10(Total cases),2.359835482339888,191
19935,2020-07-31,Tasmania,log10(New cases per week),0.0,191
19936,2020-07-31,Tasmania,Slope of power-law,0.0,191
19937,2020-07-31,Tasmania,Acceleration of power-law,0.0,191
19938,2020-07-31,Tasmania,Growth Rate,0.0,191
19939,2020-07-31,Tasmania,Days since first case,191.0,191
19940,2020-07-31,Tasmania,Average Growth Rate,821488785284915.8,191
19941,2020-07-31,Tasmania,Doubling time,1.569043579894189e+17,191
19942,2020-07-31,Victoria,Total cases,10931.0,191
19943,2020-07-31,Victoria,Total cases per million,1718.98097185092,191
19944,2020-07-31,Victoria,New cases,354.0,191
19945,2020-07-31,Victoria,css_per_prsn,55.66913036640981,191
19946,2020-07-31,Victoria,New cases per week,3187.0,191
19947,2020-07-31,Victoria,log10(Total cases),4.038659894302496,191
19948,2020-07-31,Victoria,log10(New cases per week),3.5033820634737327,191
19949,2020-07-31,Victoria,Slope of power-law,0.6824428527572309,191
19950,2020-07-31,Victoria,Acceleration of power-law,-10.015420171164305,191
19951,2020-07-31,Victoria,Growth Rate,4.482641047754669,191
19952,2020-07-31,Victoria,Days since first case,191.0,191
19953,2020-07-31,Victoria,Average Growth Rate,0.1468505922722746,191
19954,2020-07-31,Victoria,Doubling time,28.048463124004446,191
19955,2020-07-31,Western Australia,Total cases,666.0,191
19956,2020-07-31,Western Australia,Total cases per million,257.24217844727696,191
19957,2020-07-31,Western Australia,New cases,1.0,191
19958,2020-07-31,Western Australia,css_per_prsn,0.3862495171881035,191
19959,2020-07-31,Western Australia,New cases per week,10.0,191
19960,2020-07-31,Western Australia,log10(Total cases),2.823474229170301,191
19961,2020-07-31,Western Australia,log10(New cases per week),1.0,191
19962,2020-07-31,Western Australia,Slope of power-law,-17.799148543718417,191
19963,2020-07-31,Western Australia,Acceleration of power-law,-4937.93520205175,191
19964,2020-07-31,Western Australia,Growth Rate,0.24154589371980678,191
19965,2020-07-31,Western Australia,Days since first case,191.0,191
19966,2020-07-31,Western Australia,Average Growth Rate,3.2657689022369984,191
19967,2020-07-31,Western Australia,Doubling time,623.7618603272667,191
19968,2020-08-01,Australian Capital Territory,Total cases,113.0,192
19969,2020-08-01,Australian Capital Territory,Total cases per million,297.36842105263156,192
19970,2020-08-01,Australian Capital Territory,New cases,0.0,192
19971,2020-08-01,Australian Capital Territory,css_per_prsn,0.0,192
19972,2020-08-01,Australian Capital Territory,New cases per week,0.0,192
19973,2020-08-01,Australian Capital Territory,log10(Total cases),2.0530784434834195,192
19974,2020-08-01,Australian Capital Territory,log10(New cases per week),0.0,192
19975,2020-08-01,Australian Capital Territory,Slope of power-law,0.0,192
19976,2020-08-01,Australian Capital Territory,Acceleration of power-law,0.0,192
19977,2020-08-01,Australian Capital Territory,Growth Rate,0.0,192
19978,2020-08-01,Australian Capital Territory,Days since first case,192.0,192
19979,2020-08-01,Australian Capital Territory,Average Growth Rate,inf,192
19980,2020-08-01,Australian Capital Territory,Doubling time,inf,192
19981,2020-08-01,New South Wales,Total cases,3784.0,192
19982,2020-08-01,New South Wales,Total cases per million,501.5906680805939,192
19983,2020-08-01,New South Wales,New cases,11.0,192
19984,2020-08-01,New South Wales,css_per_prsn,1.4581124072110287,192
19985,2020-08-01,New South Wales,New cases per week,116.0,192
19986,2020-08-01,New South Wales,log10(Total cases),3.5779511277297553,192
19987,2020-08-01,New South Wales,log10(New cases per week),2.0644579892269186,192
19988,2020-08-01,New South Wales,Slope of power-law,2.2137691945138402,192
19989,2020-08-01,New South Wales,Acceleration of power-law,-2004.1643430498625,192
19990,2020-08-01,New South Wales,Growth Rate,0.4529226834336868,192
19991,2020-08-01,New South Wales,Days since first case,192.0,192
19992,2020-08-01,New South Wales,Average Growth Rate,1.5310078947140378,192
19993,2020-08-01,New South Wales,Doubling time,293.95351578509525,192
19994,2020-08-01,Northern Territory,Total cases,33.0,192
19995,2020-08-01,Northern Territory,Total cases per million,135.07981989357347,192
19996,2020-08-01,Northern Territory,New cases,0.0,192
19997,2020-08-01,Northern Territory,css_per_prsn,0.0,192
19998,2020-08-01,Northern Territory,New cases per week,2.0,192
19999,2020-08-01,Northern Territory,log10(Total cases),1.5185139398778875,192
20000,2020-08-01,Northern Territory,log10(New cases per week),0.3010299956639812,192
20001,2020-08-01,Northern Territory,Slope of power-law,11.086743806771425,192
20002,2020-08-01,Northern Territory,Acceleration of power-law,0.0,192
20003,2020-08-01,Northern Territory,Growth Rate,1.257861635220126,192
20004,2020-08-01,Northern Territory,Days since first case,192.0,192
20005,2020-08-01,Northern Territory,Average Growth Rate,1.3689108440125035,192
20006,2020-08-01,Northern Territory,Doubling time,262.83088205040065,192
20007,2020-08-01,Queensland,Total cases,1085.0,192
20008,2020-08-01,Queensland,Total cases per million,213.9617432459081,192
20009,2020-08-01,Queensland,New cases,1.0,192
20010,2020-08-01,Queensland,css_per_prsn,0.19719976336028397,192
20011,2020-08-01,Queensland,New cases per week,9.0,192
20012,2020-08-01,Queensland,log10(Total cases),3.0354297381845483,192
20013,2020-08-01,Queensland,log10(New cases per week),0.9542425094393249,192
20014,2020-08-01,Queensland,Slope of power-law,107.81288215362146,192
20015,2020-08-01,Queensland,Acceleration of power-law,-70184.49363591452,192
20016,2020-08-01,Queensland,Growth Rate,0.1662971175166297,192
20017,2020-08-01,Queensland,Days since first case,192.0,192
20018,2020-08-01,Queensland,Average Growth Rate,5.848037910386764,192
20019,2020-08-01,Queensland,Doubling time,1122.8232787942586,192
20020,2020-08-01,South Australia,Total cases,453.0,192
20021,2020-08-01,South Australia,Total cases per million,270.1252236135957,192
20022,2020-08-01,South Australia,New cases,2.0,192
20023,2020-08-01,South Australia,css_per_prsn,1.1926058437686344,192
20024,2020-08-01,South Australia,New cases per week,6.0,192
20025,2020-08-01,South Australia,log10(Total cases),2.656098202012832,192
20026,2020-08-01,South Australia,log10(New cases per week),0.7781512503836436,192
20027,2020-08-01,South Australia,Slope of power-law,70.54517765954446,192
20028,2020-08-01,South Australia,Acceleration of power-law,-9406.883652942319,192
20029,2020-08-01,South Australia,Growth Rate,0.2667852378835038,192
20030,2020-08-01,South Australia,Days since first case,192.0,192
20031,2020-08-01,South Australia,Average Growth Rate,5.555231382639067,192
20032,2020-08-01,South Australia,Doubling time,1066.6044254667008,192
20033,2020-08-01,Tasmania,Total cases,229.0,192
20034,2020-08-01,Tasmania,Total cases per million,444.6601941747573,192
20035,2020-08-01,Tasmania,New cases,0.0,192
20036,2020-08-01,Tasmania,css_per_prsn,0.0,192
20037,2020-08-01,Tasmania,New cases per week,0.0,192
20038,2020-08-01,Tasmania,log10(Total cases),2.359835482339888,192
20039,2020-08-01,Tasmania,log10(New cases per week),0.0,192
20040,2020-08-01,Tasmania,Slope of power-law,0.0,192
20041,2020-08-01,Tasmania,Acceleration of power-law,0.0,192
20042,2020-08-01,Tasmania,Growth Rate,0.0,192
20043,2020-08-01,Tasmania,Days since first case,192.0,192
20044,2020-08-01,Tasmania,Average Growth Rate,821488785284915.8,192
20045,2020-08-01,Tasmania,Doubling time,1.577258467747038e+17,192
20046,2020-08-01,Victoria,Total cases,11557.0,192
20047,2020-08-01,Victoria,Total cases per million,1817.4241232898255,192
20048,2020-08-01,Victoria,New cases,626.0,192
20049,2020-08-01,Victoria,css_per_prsn,98.44315143890549,192
20050,2020-08-01,Victoria,New cases per week,3376.0,192
20051,2020-08-01,Victoria,log10(Total cases),4.06284511327705,192
20052,2020-08-01,Victoria,log10(New cases per week),3.5284024379536176,192
20053,2020-08-01,Victoria,Slope of power-law,0.7271191380650005,192
20054,2020-08-01,Victoria,Acceleration of power-law,1.8472557703436354,192
20055,2020-08-01,Victoria,Growth Rate,4.789275688888041,192
20056,2020-08-01,Victoria,Days since first case,192.0,192
20057,2020-08-01,Victoria,Average Growth Rate,0.1461991426141207,192
20058,2020-08-01,Victoria,Doubling time,28.070235381911175,192
20059,2020-08-01,Western Australia,Total cases,641.0,192
20060,2020-08-01,Western Australia,Total cases per million,247.58594051757436,192
20061,2020-08-01,Western Australia,New cases,-25.0,192
20062,2020-08-01,Western Australia,css_per_prsn,-9.656237929702588,192
20063,2020-08-01,Western Australia,New cases per week,-17.0,192
20064,2020-08-01,Western Australia,log10(Total cases),2.8068580295188172,192
20065,2020-08-01,Western Australia,log10(New cases per week),0.0,192
20066,2020-08-01,Western Australia,Slope of power-law,0.0,192
20067,2020-08-01,Western Australia,Acceleration of power-law,0.0,192
20068,2020-08-01,Western Australia,Growth Rate,-0.546448087431694,192
20069,2020-08-01,Western Australia,Days since first case,192.0,192
20070,2020-08-01,Western Australia,Average Growth Rate,12.776815833712847,192
20071,2020-08-01,Western Australia,Doubling time,2453.148640072867,192
20072,2020-08-02,Australian Capital Territory,Total cases,113.0,193
20073,2020-08-02,Australian Capital Territory,Total cases per million,297.36842105263156,193
20074,2020-08-02,Australian Capital Territory,New cases,0.0,193
20075,2020-08-02,Australian Capital Territory,css_per_prsn,0.0,193
20076,2020-08-02,Australian Capital Territory,New cases per week,0.0,193
20077,2020-08-02,Australian Capital Territory,log10(Total cases),2.0530784434834195,193
20078,2020-08-02,Australian Capital Territory,log10(New cases per week),0.0,193
20079,2020-08-02,Australian Capital Territory,Slope of power-law,0.0,193
20080,2020-08-02,Australian Capital Territory,Acceleration of power-law,0.0,193
20081,2020-08-02,Australian Capital Territory,Growth Rate,0.0,193
20082,2020-08-02,Australian Capital Territory,Days since first case,193.0,193
20083,2020-08-02,Australian Capital Territory,Average Growth Rate,inf,193
20084,2020-08-02,Australian Capital Territory,Doubling time,inf,193
20085,2020-08-02,New South Wales,Total cases,3797.0,193
20086,2020-08-02,New South Wales,Total cases per million,503.31389183457054,193
20087,2020-08-02,New South Wales,New cases,13.0,193
20088,2020-08-02,New South Wales,css_per_prsn,1.7232237539766704,193
20089,2020-08-02,New South Wales,New cases per week,112.0,193
20090,2020-08-02,New South Wales,log10(Total cases),3.579440597139797,193
20091,2020-08-02,New South Wales,log10(New cases per week),2.0492180226701815,193
20092,2020-08-02,New South Wales,Slope of power-law,1.5283492726879435,193
20093,2020-08-02,New South Wales,Acceleration of power-law,-460.1772397639651,193
20094,2020-08-02,New South Wales,Growth Rate,0.41918709540486054,193
20095,2020-08-02,New South Wales,Days since first case,193.0,193
20096,2020-08-02,New South Wales,Average Growth Rate,1.5338359382287667,193
20097,2020-08-02,New South Wales,Doubling time,296.030336078152,193
20098,2020-08-02,Northern Territory,Total cases,33.0,193
20099,2020-08-02,Northern Territory,Total cases per million,135.07981989357347,193
20100,2020-08-02,Northern Territory,New cases,0.0,193
20101,2020-08-02,Northern Territory,css_per_prsn,0.0,193
20102,2020-08-02,Northern Territory,New cases per week,2.0,193
20103,2020-08-02,Northern Territory,log10(Total cases),1.5185139398778875,193
20104,2020-08-02,Northern Territory,log10(New cases per week),0.3010299956639812,193
20105,2020-08-02,Northern Territory,Slope of power-law,11.086743806771425,193
20106,2020-08-02,Northern Territory,Acceleration of power-law,0.0,193
20107,2020-08-02,Northern Territory,Growth Rate,1.2422360248447204,193
20108,2020-08-02,Northern Territory,Days since first case,193.0,193
20109,2020-08-02,Northern Territory,Average Growth Rate,0.9183231332161547,193
20110,2020-08-02,Northern Territory,Doubling time,177.23636471071785,193
20111,2020-08-02,Queensland,Total cases,1085.0,193
20112,2020-08-02,Queensland,Total cases per million,213.9617432459081,193
20113,2020-08-02,Queensland,New cases,0.0,193
20114,2020-08-02,Queensland,css_per_prsn,0.0,193
20115,2020-08-02,Queensland,New cases per week,9.0,193
20116,2020-08-02,Queensland,log10(Total cases),3.0354297381845483,193
20117,2020-08-02,Queensland,log10(New cases per week),0.9542425094393249,193
20118,2020-08-02,Queensland,Slope of power-law,70.56664660479107,193
20119,2020-08-02,Queensland,Acceleration of power-law,-inf,193
20120,2020-08-02,Queensland,Growth Rate,0.12917512456172725,193
20121,2020-08-02,Queensland,Days since first case,193.0,193
20122,2020-08-02,Queensland,Average Growth Rate,5.062080990449513,193
20123,2020-08-02,Queensland,Doubling time,976.9816311567561,193
20124,2020-08-02,South Australia,Total cases,455.0,193
20125,2020-08-02,South Australia,Total cases per million,271.3178294573643,193
20126,2020-08-02,South Australia,New cases,2.0,193
20127,2020-08-02,South Australia,css_per_prsn,1.1926058437686344,193
20128,2020-08-02,South Australia,New cases per week,8.0,193
20129,2020-08-02,South Australia,log10(Total cases),2.6580113966571126,193
20130,2020-08-02,South Australia,log10(New cases per week),0.9030899869919435,193
20131,2020-08-02,South Australia,Slope of power-law,55.29279924965413,193
20132,2020-08-02,South Australia,Acceleration of power-law,-7972.204216379859,193
20133,2020-08-02,South Australia,Growth Rate,0.3102836879432624,193
20134,2020-08-02,South Australia,Days since first case,193.0,193
20135,2020-08-02,South Australia,Average Growth Rate,3.896581570990697,193
20136,2020-08-02,South Australia,Doubling time,752.0402432012045,193
20137,2020-08-02,Tasmania,Total cases,229.0,193
20138,2020-08-02,Tasmania,Total cases per million,444.6601941747573,193
20139,2020-08-02,Tasmania,New cases,0.0,193
20140,2020-08-02,Tasmania,css_per_prsn,0.0,193
20141,2020-08-02,Tasmania,New cases per week,0.0,193
20142,2020-08-02,Tasmania,log10(Total cases),2.359835482339888,193
20143,2020-08-02,Tasmania,log10(New cases per week),0.0,193
20144,2020-08-02,Tasmania,Slope of power-law,0.0,193
20145,2020-08-02,Tasmania,Acceleration of power-law,0.0,193
20146,2020-08-02,Tasmania,Growth Rate,0.0,193
20147,2020-08-02,Tasmania,Days since first case,193.0,193
20148,2020-08-02,Tasmania,Average Growth Rate,821488785284915.8,193
20149,2020-08-02,Tasmania,Doubling time,1.5854733555998874e+17,193
20150,2020-08-02,Victoria,Total cases,11937.0,193
20151,2020-08-02,Victoria,Total cases per million,1877.1819468469885,193
20152,2020-08-02,Victoria,New cases,380.0,193
20153,2020-08-02,Victoria,css_per_prsn,59.75782355716308,193
20154,2020-08-02,Victoria,New cases per week,3241.0,193
20155,2020-08-02,Victoria,log10(Total cases),4.076895193866051,193
20156,2020-08-02,Victoria,log10(New cases per week),3.51067903103221,193
20157,2020-08-02,Victoria,Slope of power-law,0.7736457122227544,193
20158,2020-08-02,Victoria,Acceleration of power-law,3.3114809458230834,193
20159,2020-08-02,Victoria,Growth Rate,4.787272727272727,193
20160,2020-08-02,Victoria,Days since first case,193.0,193
20161,2020-08-02,Victoria,Average Growth Rate,0.14396235043736474,193
20162,2020-08-02,Victoria,Doubling time,27.784733634411396,193
20163,2020-08-02,Western Australia,Total cases,669.0,193
20164,2020-08-02,Western Australia,Total cases per million,258.40092699884127,193
20165,2020-08-02,Western Australia,New cases,28.0,193
20166,2020-08-02,Western Australia,css_per_prsn,10.8149864812669,193
20167,2020-08-02,Western Australia,New cases per week,11.0,193
20168,2020-08-02,Western Australia,log10(Total cases),2.8254261177678233,193
20169,2020-08-02,Western Australia,log10(New cases per week),1.0413926851582251,193
20170,2020-08-02,Western Australia,Slope of power-law,14.04320775727756,193
20171,2020-08-02,Western Australia,Acceleration of power-law,0.0,193
20172,2020-08-02,Western Australia,Growth Rate,0.24227740763173838,193
20173,2020-08-02,Western Australia,Days since first case,193.0,193
20174,2020-08-02,Western Australia,Average Growth Rate,11.518181099371075,193
20175,2020-08-02,Western Australia,Doubling time,2223.0089521786176,193
20176,2020-08-03,Australian Capital Territory,Total cases,113.0,194
20177,2020-08-03,Australian Capital Territory,Total cases per million,297.36842105263156,194
20178,2020-08-03,Australian Capital Territory,New cases,0.0,194
20179,2020-08-03,Australian Capital Territory,css_per_prsn,0.0,194
20180,2020-08-03,Australian Capital Territory,New cases per week,0.0,194
20181,2020-08-03,Australian Capital Territory,log10(Total cases),2.0530784434834195,194
20182,2020-08-03,Australian Capital Territory,log10(New cases per week),0.0,194
20183,2020-08-03,Australian Capital Territory,Slope of power-law,0.0,194
20184,2020-08-03,Australian Capital Territory,Acceleration of power-law,0.0,194
20185,2020-08-03,Australian Capital Territory,Growth Rate,0.0,194
20186,2020-08-03,Australian Capital Territory,Days since first case,194.0,194
20187,2020-08-03,Australian Capital Territory,Average Growth Rate,inf,194
20188,2020-08-03,Australian Capital Territory,Doubling time,inf,194
20189,2020-08-03,New South Wales,Total cases,3809.0,194
20190,2020-08-03,New South Wales,Total cases per million,504.9045599151644,194
20191,2020-08-03,New South Wales,New cases,12.0,194
20192,2020-08-03,New South Wales,css_per_prsn,1.5906680805938496,194
20193,2020-08-03,New South Wales,New cases per week,110.0,194
20194,2020-08-03,New South Wales,log10(Total cases),3.580810972660946,194
20195,2020-08-03,New South Wales,log10(New cases per week),2.041392685158225,194
20196,2020-08-03,New South Wales,Slope of power-law,1.350114498962106,194
20197,2020-08-03,New South Wales,Acceleration of power-law,-130.0627243957217,194
20198,2020-08-03,New South Wales,Growth Rate,0.38585548919076057,194
20199,2020-08-03,New South Wales,Days since first case,194.0,194
20200,2020-08-03,New South Wales,Average Growth Rate,1.5737051013096977,194
20201,2020-08-03,New South Wales,Doubling time,305.29878965408136,194
20202,2020-08-03,Northern Territory,Total cases,33.0,194
20203,2020-08-03,Northern Territory,Total cases per million,135.07981989357347,194
20204,2020-08-03,Northern Territory,New cases,0.0,194
20205,2020-08-03,Northern Territory,css_per_prsn,0.0,194
20206,2020-08-03,Northern Territory,New cases per week,2.0,194
20207,2020-08-03,Northern Territory,log10(Total cases),1.5185139398778875,194
20208,2020-08-03,Northern Territory,log10(New cases per week),0.3010299956639812,194
20209,2020-08-03,Northern Territory,Slope of power-law,11.086743806771425,194
20210,2020-08-03,Northern Territory,Acceleration of power-law,0.0,194
20211,2020-08-03,Northern Territory,Growth Rate,1.2269938650306749,194
20212,2020-08-03,Northern Territory,Days since first case,194.0,194
20213,2020-08-03,Northern Territory,Average Growth Rate,0.6930117833254004,194
20214,2020-08-03,Northern Territory,Doubling time,134.44428596512768,194
20215,2020-08-03,Queensland,Total cases,1085.0,194
20216,2020-08-03,Queensland,Total cases per million,213.9617432459081,194
20217,2020-08-03,Queensland,New cases,0.0,194
20218,2020-08-03,Queensland,css_per_prsn,0.0,194
20219,2020-08-03,Queensland,New cases per week,9.0,194
20220,2020-08-03,Queensland,log10(Total cases),3.0354297381845483,194
20221,2020-08-03,Queensland,log10(New cases per week),0.9542425094393249,194
20222,2020-08-03,Queensland,Slope of power-law,70.56664660479107,194
20223,2020-08-03,Queensland,Acceleration of power-law,0.0,194
20224,2020-08-03,Queensland,Growth Rate,0.055330136481003316,194
20225,2020-08-03,Queensland,Days since first case,194.0,194
20226,2020-08-03,Queensland,Average Growth Rate,5.513261954489749,194
20227,2020-08-03,Queensland,Doubling time,1069.5728191710114,194
20228,2020-08-03,South Australia,Total cases,457.0,194
20229,2020-08-03,South Australia,Total cases per million,272.510435301133,194
20230,2020-08-03,South Australia,New cases,2.0,194
20231,2020-08-03,South Australia,css_per_prsn,1.1926058437686344,194
20232,2020-08-03,South Australia,New cases per week,10.0,194
20233,2020-08-03,South Australia,log10(Total cases),2.6599162000698504,194
20234,2020-08-03,South Australia,log10(New cases per week),1.0,194
20235,2020-08-03,South Australia,Slope of power-law,54.41735096922344,194
20236,2020-08-03,South Australia,Acceleration of power-law,-459.6003317593786,194
20237,2020-08-03,South Australia,Growth Rate,0.3973509933774834,194
20238,2020-08-03,South Australia,Days since first case,194.0,194
20239,2020-08-03,South Australia,Average Growth Rate,2.7902721248075366,194
20240,2020-08-03,South Australia,Doubling time,541.3127922126621,194
20241,2020-08-03,Tasmania,Total cases,229.0,194
20242,2020-08-03,Tasmania,Total cases per million,444.6601941747573,194
20243,2020-08-03,Tasmania,New cases,0.0,194
20244,2020-08-03,Tasmania,css_per_prsn,0.0,194
20245,2020-08-03,Tasmania,New cases per week,0.0,194
20246,2020-08-03,Tasmania,log10(Total cases),2.359835482339888,194
20247,2020-08-03,Tasmania,log10(New cases per week),0.0,194
20248,2020-08-03,Tasmania,Slope of power-law,0.0,194
20249,2020-08-03,Tasmania,Acceleration of power-law,0.0,194
20250,2020-08-03,Tasmania,Growth Rate,0.0,194
20251,2020-08-03,Tasmania,Days since first case,194.0,194
20252,2020-08-03,Tasmania,Average Growth Rate,821488785284915.8,194
20253,2020-08-03,Tasmania,Doubling time,1.5936882434527366e+17,194
20254,2020-08-03,Victoria,Total cases,12335.0,194
20255,2020-08-03,Victoria,Total cases per million,1939.7704041515963,194
20256,2020-08-03,Victoria,New cases,398.0,194
20257,2020-08-03,Victoria,css_per_prsn,62.588457304607644,194
20258,2020-08-03,Victoria,New cases per week,3286.0,194
20259,2020-08-03,Victoria,log10(Total cases),4.091139153825755,194
20260,2020-08-03,Victoria,log10(New cases per week),3.516667559099043,194
20261,2020-08-03,Victoria,Slope of power-law,0.6830161795309476,194
20262,2020-08-03,Victoria,Acceleration of power-law,-6.362664101008113,194
20263,2020-08-03,Victoria,Growth Rate,4.075902122538675,194
20264,2020-08-03,Victoria,Days since first case,194.0,194
20265,2020-08-03,Victoria,Average Growth Rate,0.14960332886171718,194
20266,2020-08-03,Victoria,Doubling time,29.023045799173133,194
20267,2020-08-03,Western Australia,Total cases,669.0,194
20268,2020-08-03,Western Australia,Total cases per million,258.40092699884127,194
20269,2020-08-03,Western Australia,New cases,0.0,194
20270,2020-08-03,Western Australia,css_per_prsn,0.0,194
20271,2020-08-03,Western Australia,New cases per week,10.0,194
20272,2020-08-03,Western Australia,log10(Total cases),2.8254261177678233,194
20273,2020-08-03,Western Australia,log10(New cases per week),1.0,194
20274,2020-08-03,Western Australia,Slope of power-law,35.32271322429603,194
20275,2020-08-03,Western Australia,Acceleration of power-law,inf,194
20276,2020-08-03,Western Australia,Growth Rate,0.2416918429003021,194
20277,2020-08-03,Western Australia,Days since first case,194.0,194
20278,2020-08-03,Western Australia,Average Growth Rate,8.86532864580989,194
20279,2020-08-03,Western Australia,Doubling time,1719.873757287119,194
20280,2020-08-04,Australian Capital Territory,Total cases,113.0,195
20281,2020-08-04,Australian Capital Territory,Total cases per million,297.36842105263156,195
20282,2020-08-04,Australian Capital Territory,New cases,0.0,195
20283,2020-08-04,Australian Capital Territory,css_per_prsn,0.0,195
20284,2020-08-04,Australian Capital Territory,New cases per week,0.0,195
20285,2020-08-04,Australian Capital Territory,log10(Total cases),2.0530784434834195,195
20286,2020-08-04,Australian Capital Territory,log10(New cases per week),0.0,195
20287,2020-08-04,Australian Capital Territory,Slope of power-law,0.0,195
20288,2020-08-04,Australian Capital Territory,Acceleration of power-law,0.0,195
20289,2020-08-04,Australian Capital Territory,Growth Rate,0.0,195
20290,2020-08-04,Australian Capital Territory,Days since first case,195.0,195
20291,2020-08-04,Australian Capital Territory,Average Growth Rate,inf,195
20292,2020-08-04,Australian Capital Territory,Doubling time,inf,195
20293,2020-08-04,New South Wales,Total cases,3820.0,195
20294,2020-08-04,New South Wales,Total cases per million,506.36267232237543,195
20295,2020-08-04,New South Wales,New cases,11.0,195
20296,2020-08-04,New South Wales,css_per_prsn,1.4581124072110287,195
20297,2020-08-04,New South Wales,New cases per week,102.0,195
20298,2020-08-04,New South Wales,log10(Total cases),3.582063362911709,195
20299,2020-08-04,New South Wales,log10(New cases per week),2.0086001717619175,195
20300,2020-08-04,New South Wales,Slope of power-law,0.4877029741798112,195
20301,2020-08-04,New South Wales,Acceleration of power-law,-688.6124546697715,195
20302,2020-08-04,New South Wales,Growth Rate,0.33714376020650055,195
20303,2020-08-04,New South Wales,Days since first case,195.0,195
20304,2020-08-04,New South Wales,Average Growth Rate,1.677387786264198,195
20305,2020-08-04,New South Wales,Doubling time,327.0906183215186,195
20306,2020-08-04,Northern Territory,Total cases,33.0,195
20307,2020-08-04,Northern Territory,Total cases per million,135.07981989357347,195
20308,2020-08-04,Northern Territory,New cases,0.0,195
20309,2020-08-04,Northern Territory,css_per_prsn,0.0,195
20310,2020-08-04,Northern Territory,New cases per week,2.0,195
20311,2020-08-04,Northern Territory,log10(Total cases),1.5185139398778875,195
20312,2020-08-04,Northern Territory,log10(New cases per week),0.3010299956639812,195
20313,2020-08-04,Northern Territory,Slope of power-law,11.086743806771425,195
20314,2020-08-04,Northern Territory,Acceleration of power-law,0.0,195
20315,2020-08-04,Northern Territory,Growth Rate,1.2121212121212122,195
20316,2020-08-04,Northern Territory,Days since first case,195.0,195
20317,2020-08-04,Northern Territory,Average Growth Rate,0.5578112326526342,195
20318,2020-08-04,Northern Territory,Doubling time,108.77319036726367,195
20319,2020-08-04,Queensland,Total cases,1088.0,195
20320,2020-08-04,Queensland,Total cases per million,214.55334253598897,195
20321,2020-08-04,Queensland,New cases,3.0,195
20322,2020-08-04,Queensland,css_per_prsn,0.5915992900808519,195
20323,2020-08-04,Queensland,New cases per week,10.0,195
20324,2020-08-04,Queensland,log10(Total cases),3.036628895362161,195
20325,2020-08-04,Queensland,log10(New cases per week),1.0,195
20326,2020-08-04,Queensland,Slope of power-law,62.49813015861878,195
20327,2020-08-04,Queensland,Acceleration of power-law,-6728.489473109807,195
20328,2020-08-04,Queensland,Growth Rate,0.09213193292795283,195
20329,2020-08-04,Queensland,Days since first case,195.0,195
20330,2020-08-04,Queensland,Average Growth Rate,5.864187352324427,195
20331,2020-08-04,Queensland,Doubling time,1143.5165337032631,195
20332,2020-08-04,South Australia,Total cases,457.0,195
20333,2020-08-04,South Australia,Total cases per million,272.510435301133,195
20334,2020-08-04,South Australia,New cases,0.0,195
20335,2020-08-04,South Australia,css_per_prsn,0.0,195
20336,2020-08-04,South Australia,New cases per week,9.0,195
20337,2020-08-04,South Australia,log10(Total cases),2.6599162000698504,195
20338,2020-08-04,South Australia,log10(New cases per week),0.9542425094393249,195
20339,2020-08-04,South Australia,Slope of power-law,49.65524991656697,195
20340,2020-08-04,South Australia,Acceleration of power-law,-inf,195
20341,2020-08-04,South Australia,Growth Rate,0.3519577650681918,195
20342,2020-08-04,South Australia,Days since first case,195.0,195
20343,2020-08-04,South Australia,Average Growth Rate,2.3032579503243555,195
20344,2020-08-04,South Australia,Doubling time,449.13530031324933,195
20345,2020-08-04,Tasmania,Total cases,229.0,195
20346,2020-08-04,Tasmania,Total cases per million,444.6601941747573,195
20347,2020-08-04,Tasmania,New cases,0.0,195
20348,2020-08-04,Tasmania,css_per_prsn,0.0,195
20349,2020-08-04,Tasmania,New cases per week,0.0,195
20350,2020-08-04,Tasmania,log10(Total cases),2.359835482339888,195
20351,2020-08-04,Tasmania,log10(New cases per week),0.0,195
20352,2020-08-04,Tasmania,Slope of power-law,0.0,195
20353,2020-08-04,Tasmania,Acceleration of power-law,0.0,195
20354,2020-08-04,Tasmania,Growth Rate,0.0,195
20355,2020-08-04,Tasmania,Days since first case,195.0,195
20356,2020-08-04,Tasmania,Average Growth Rate,821488785284915.8,195
20357,2020-08-04,Tasmania,Doubling time,1.6019031313055856e+17,195
20358,2020-08-04,Victoria,Total cases,13035.0,195
20359,2020-08-04,Victoria,Total cases per million,2049.8506054411073,195
20360,2020-08-04,Victoria,New cases,700.0,195
20361,2020-08-04,Victoria,css_per_prsn,110.08020128951092,195
20362,2020-08-04,Victoria,New cases per week,3731.0,195
20363,2020-08-04,Victoria,log10(Total cases),4.115111035504348,195
20364,2020-08-04,Victoria,log10(New cases per week),3.571825249040829,195
20365,2020-08-04,Victoria,Slope of power-law,0.872440955833142,195
20366,2020-08-04,Victoria,Acceleration of power-law,7.901956919441722,195
20367,2020-08-04,Victoria,Growth Rate,4.110711597959696,195
20368,2020-08-04,Victoria,Days since first case,195.0,195
20369,2020-08-04,Victoria,Average Growth Rate,0.1557927971433251,195
20370,2020-08-04,Victoria,Doubling time,30.379595442948396,195
20371,2020-08-04,Western Australia,Total cases,670.0,195
20372,2020-08-04,Western Australia,Total cases per million,258.7871765160294,195
20373,2020-08-04,Western Australia,New cases,1.0,195
20374,2020-08-04,Western Australia,css_per_prsn,0.3862495171881035,195
20375,2020-08-04,Western Australia,New cases per week,9.0,195
20376,2020-08-04,Western Australia,log10(Total cases),2.8260748027008264,195
20377,2020-08-04,Western Australia,log10(New cases per week),0.9542425094393249,195
20378,2020-08-04,Western Australia,Slope of power-law,13.90568653771762,195
20379,2020-08-04,Western Australia,Acceleration of power-law,-33016.06927638205,195
20380,2020-08-04,Western Australia,Growth Rate,0.1508295625942685,195
20381,2020-08-04,Western Australia,Days since first case,195.0,195
20382,2020-08-04,Western Australia,Average Growth Rate,10.505521120378992,195
20383,2020-08-04,Western Australia,Doubling time,2048.5766184739036,195
20384,2020-08-05,Australian Capital Territory,Total cases,113.0,196
20385,2020-08-05,Australian Capital Territory,Total cases per million,297.36842105263156,196
20386,2020-08-05,Australian Capital Territory,New cases,0.0,196
20387,2020-08-05,Australian Capital Territory,css_per_prsn,0.0,196
20388,2020-08-05,Australian Capital Territory,New cases per week,0.0,196
20389,2020-08-05,Australian Capital Territory,log10(Total cases),2.0530784434834195,196
20390,2020-08-05,Australian Capital Territory,log10(New cases per week),0.0,196
20391,2020-08-05,Australian Capital Territory,Slope of power-law,0.0,196
20392,2020-08-05,Australian Capital Territory,Acceleration of power-law,0.0,196
20393,2020-08-05,Australian Capital Territory,Growth Rate,0.0,196
20394,2020-08-05,Australian Capital Territory,Days since first case,196.0,196
20395,2020-08-05,Australian Capital Territory,Average Growth Rate,inf,196
20396,2020-08-05,Australian Capital Territory,Doubling time,inf,196
20397,2020-08-05,New South Wales,Total cases,3832.0,196
20398,2020-08-05,New South Wales,Total cases per million,507.9533404029693,196
20399,2020-08-05,New South Wales,New cases,12.0,196
20400,2020-08-05,New South Wales,css_per_prsn,1.5906680805938496,196
20401,2020-08-05,New South Wales,New cases per week,96.0,196
20402,2020-08-05,New South Wales,log10(Total cases),3.583425500406507,196
20403,2020-08-05,New South Wales,log10(New cases per week),1.9822712330395684,196
20404,2020-08-05,New South Wales,Slope of power-law,-0.26492224224653094,196
20405,2020-08-05,New South Wales,Acceleration of power-law,-552.5324861114048,196
20406,2020-08-05,New South Wales,Growth Rate,0.30984140321394815,196
20407,2020-08-05,New South Wales,Days since first case,196.0,196
20408,2020-08-05,New South Wales,Average Growth Rate,1.8193312779073991,196
20409,2020-08-05,New South Wales,Doubling time,356.58893046985025,196
20410,2020-08-05,Northern Territory,Total cases,33.0,196
20411,2020-08-05,Northern Territory,Total cases per million,135.07981989357347,196
20412,2020-08-05,Northern Territory,New cases,0.0,196
20413,2020-08-05,Northern Territory,css_per_prsn,0.0,196
20414,2020-08-05,Northern Territory,New cases per week,2.0,196
20415,2020-08-05,Northern Territory,log10(Total cases),1.5185139398778875,196
20416,2020-08-05,Northern Territory,log10(New cases per week),0.3010299956639812,196
20417,2020-08-05,Northern Territory,Slope of power-law,11.086743806771425,196
20418,2020-08-05,Northern Territory,Acceleration of power-law,0.0,196
20419,2020-08-05,Northern Territory,Growth Rate,0.0,196
20420,2020-08-05,Northern Territory,Days since first case,196.0,196
20421,2020-08-05,Northern Territory,Average Growth Rate,0.7016777950634895,196
20422,2020-08-05,Northern Territory,Doubling time,137.52884783244394,196
20423,2020-08-05,Queensland,Total cases,1088.0,196
20424,2020-08-05,Queensland,Total cases per million,214.55334253598897,196
20425,2020-08-05,Queensland,New cases,0.0,196
20426,2020-08-05,Queensland,css_per_prsn,0.0,196
20427,2020-08-05,Queensland,New cases per week,6.0,196
20428,2020-08-05,Queensland,log10(Total cases),3.036628895362161,196
20429,2020-08-05,Queensland,log10(New cases per week),0.7781512503836436,196
20430,2020-08-05,Queensland,Slope of power-law,36.559062507981956,196
20431,2020-08-05,Queensland,Acceleration of power-law,-inf,196
20432,2020-08-05,Queensland,Growth Rate,0.07365126127784939,196
20433,2020-08-05,Queensland,Days since first case,196.0,196
20434,2020-08-05,Queensland,Average Growth Rate,6.708928947141443,196
20435,2020-08-05,Queensland,Doubling time,1314.9500736397229,196
20436,2020-08-05,South Australia,Total cases,456.0,196
20437,2020-08-05,South Australia,Total cases per million,271.91413237924866,196
20438,2020-08-05,South Australia,New cases,-1.0,196
20439,2020-08-05,South Australia,css_per_prsn,-0.5963029218843172,196
20440,2020-08-05,South Australia,New cases per week,8.0,196
20441,2020-08-05,South Australia,log10(Total cases),2.658964842664435,196
20442,2020-08-05,South Australia,log10(New cases per week),0.9030899869919435,196
20443,2020-08-05,South Australia,Slope of power-law,49.203304865121886,196
20444,2020-08-05,South Australia,Acceleration of power-law,475.05285487070944,196
20445,2020-08-05,South Australia,Growth Rate,0.21949078138718175,196
20446,2020-08-05,South Australia,Days since first case,196.0,196
20447,2020-08-05,South Australia,Average Growth Rate,2.2419345369858723,196
20448,2020-08-05,South Australia,Doubling time,439.41916924923095,196
20449,2020-08-05,Tasmania,Total cases,229.0,196
20450,2020-08-05,Tasmania,Total cases per million,444.6601941747573,196
20451,2020-08-05,Tasmania,New cases,0.0,196
20452,2020-08-05,Tasmania,css_per_prsn,0.0,196
20453,2020-08-05,Tasmania,New cases per week,0.0,196
20454,2020-08-05,Tasmania,log10(Total cases),2.359835482339888,196
20455,2020-08-05,Tasmania,log10(New cases per week),0.0,196
20456,2020-08-05,Tasmania,Slope of power-law,0.0,196
20457,2020-08-05,Tasmania,Acceleration of power-law,0.0,196
20458,2020-08-05,Tasmania,Growth Rate,0.0,196
20459,2020-08-05,Tasmania,Days since first case,196.0,196
20460,2020-08-05,Tasmania,Average Growth Rate,821488785284915.8,196
20461,2020-08-05,Tasmania,Doubling time,1.610118019158435e+17,196
20462,2020-08-05,Victoria,Total cases,13469.0,196
20463,2020-08-05,Victoria,Total cases per million,2118.100330240604,196
20464,2020-08-05,Victoria,New cases,434.0,196
20465,2020-08-05,Victoria,css_per_prsn,68.24972479949678,196
20466,2020-08-05,Victoria,New cases per week,3471.0,196
20467,2020-08-05,Victoria,log10(Total cases),4.129335352916489,196
20468,2020-08-05,Victoria,log10(New cases per week),3.540454613671412,196
20469,2020-08-05,Victoria,Slope of power-law,0.5288542647572192,196
20470,2020-08-05,Victoria,Acceleration of power-law,-24.154880766555934,196
20471,2020-08-05,Victoria,Growth Rate,4.071679527698009,196
20472,2020-08-05,Victoria,Days since first case,196.0,196
20473,2020-08-05,Victoria,Average Growth Rate,0.15872503020972803,196
20474,2020-08-05,Victoria,Doubling time,31.110105921106694,196
20475,2020-08-05,Western Australia,Total cases,670.0,196
20476,2020-08-05,Western Australia,Total cases per million,258.7871765160294,196
20477,2020-08-05,Western Australia,New cases,0.0,196
20478,2020-08-05,Western Australia,css_per_prsn,0.0,196
20479,2020-08-05,Western Australia,New cases per week,9.0,196
20480,2020-08-05,Western Australia,log10(Total cases),2.8260748027008264,196
20481,2020-08-05,Western Australia,log10(New cases per week),0.9542425094393249,196
20482,2020-08-05,Western Australia,Slope of power-law,13.90568653771762,196
20483,2020-08-05,Western Australia,Acceleration of power-law,0.0,196
20484,2020-08-05,Western Australia,Growth Rate,0.1205182283820428,196
20485,2020-08-05,Western Australia,Days since first case,196.0,196
20486,2020-08-05,Western Australia,Average Growth Rate,16.592872397531753,196
20487,2020-08-05,Western Australia,Doubling time,3252.2029899162235,196
20488,2020-08-06,Australian Capital Territory,Total cases,113.0,197
20489,2020-08-06,Australian Capital Territory,Total cases per million,297.36842105263156,197
20490,2020-08-06,Australian Capital Territory,New cases,0.0,197
20491,2020-08-06,Australian Capital Territory,css_per_prsn,0.0,197
20492,2020-08-06,Australian Capital Territory,New cases per week,0.0,197
20493,2020-08-06,Australian Capital Territory,log10(Total cases),2.0530784434834195,197
20494,2020-08-06,Australian Capital Territory,log10(New cases per week),0.0,197
20495,2020-08-06,Australian Capital Territory,Slope of power-law,0.0,197
20496,2020-08-06,Australian Capital Territory,Acceleration of power-law,0.0,197
20497,2020-08-06,Australian Capital Territory,Growth Rate,0.0,197
20498,2020-08-06,Australian Capital Territory,Days since first case,197.0,197
20499,2020-08-06,Australian Capital Territory,Average Growth Rate,inf,197
20500,2020-08-06,Australian Capital Territory,Doubling time,inf,197
20501,2020-08-06,New South Wales,Total cases,3842.0,197
20502,2020-08-06,New South Wales,Total cases per million,509.27889713679747,197
20503,2020-08-06,New South Wales,New cases,10.0,197
20504,2020-08-06,New South Wales,css_per_prsn,1.325556733828208,197
20505,2020-08-06,New South Wales,New cases per week,86.0,197
20506,2020-08-06,New South Wales,log10(Total cases),3.584557360525675,197
20507,2020-08-06,New South Wales,log10(New cases per week),1.9344984512435677,197
20508,2020-08-06,New South Wales,Slope of power-law,-3.976290451518947,197
20509,2020-08-06,New South Wales,Acceleration of power-law,-3278.999009171671,197
20510,2020-08-06,New South Wales,Growth Rate,0.3036649214659686,197
20511,2020-08-06,New South Wales,Days since first case,197.0,197
20512,2020-08-06,New South Wales,Average Growth Rate,1.9739991873533271,197
20513,2020-08-06,New South Wales,Doubling time,388.87783990860544,197
20514,2020-08-06,Northern Territory,Total cases,33.0,197
20515,2020-08-06,Northern Territory,Total cases per million,135.07981989357347,197
20516,2020-08-06,Northern Territory,New cases,0.0,197
20517,2020-08-06,Northern Territory,css_per_prsn,0.0,197
20518,2020-08-06,Northern Territory,New cases per week,2.0,197
20519,2020-08-06,Northern Territory,log10(Total cases),1.5185139398778875,197
20520,2020-08-06,Northern Territory,log10(New cases per week),0.3010299956639812,197
20521,2020-08-06,Northern Territory,Slope of power-law,11.086743806771425,197
20522,2020-08-06,Northern Territory,Acceleration of power-law,0.0,197
20523,2020-08-06,Northern Territory,Growth Rate,0.0,197
20524,2020-08-06,Northern Territory,Days since first case,197.0,197
20525,2020-08-06,Northern Territory,Average Growth Rate,0.9414304169249377,197
20526,2020-08-06,Northern Territory,Doubling time,185.46179213421271,197
20527,2020-08-06,Queensland,Total cases,1087.0,197
20528,2020-08-06,Queensland,Total cases per million,214.3561427726287,197
20529,2020-08-06,Queensland,New cases,-1.0,197
20530,2020-08-06,Queensland,css_per_prsn,-0.19719976336028397,197
20531,2020-08-06,Queensland,New cases per week,4.0,197
20532,2020-08-06,Queensland,log10(Total cases),3.0362295440862948,197
20533,2020-08-06,Queensland,log10(New cases per week),0.6020599913279624,197
20534,2020-08-06,Queensland,Slope of power-law,0.0,197
20535,2020-08-06,Queensland,Acceleration of power-law,91546.12672430648,197
20536,2020-08-06,Queensland,Growth Rate,0.03681207436039021,197
20537,2020-08-06,Queensland,Days since first case,197.0,197
20538,2020-08-06,Queensland,Average Growth Rate,8.953064224172508,197
20539,2020-08-06,Queensland,Doubling time,1763.753652161984,197
20540,2020-08-06,South Australia,Total cases,459.0,197
20541,2020-08-06,South Australia,Total cases per million,273.7030411449016,197
20542,2020-08-06,South Australia,New cases,3.0,197
20543,2020-08-06,South Australia,css_per_prsn,1.7889087656529516,197
20544,2020-08-06,South Australia,New cases per week,10.0,197
20545,2020-08-06,South Australia,log10(Total cases),2.661812685537261,197
20546,2020-08-06,South Australia,log10(New cases per week),1.0,197
20547,2020-08-06,South Australia,Slope of power-law,45.447315462349145,197
20548,2020-08-06,South Australia,Acceleration of power-law,-1318.8892682991448,197
20549,2020-08-06,South Australia,Growth Rate,0.2626970227670753,197
20550,2020-08-06,South Australia,Days since first case,197.0,197
20551,2020-08-06,South Australia,Average Growth Rate,2.2478792951061815,197
20552,2020-08-06,South Australia,Doubling time,442.83222113591773,197
20553,2020-08-06,Tasmania,Total cases,229.0,197
20554,2020-08-06,Tasmania,Total cases per million,444.6601941747573,197
20555,2020-08-06,Tasmania,New cases,0.0,197
20556,2020-08-06,Tasmania,css_per_prsn,0.0,197
20557,2020-08-06,Tasmania,New cases per week,0.0,197
20558,2020-08-06,Tasmania,log10(Total cases),2.359835482339888,197
20559,2020-08-06,Tasmania,log10(New cases per week),0.0,197
20560,2020-08-06,Tasmania,Slope of power-law,0.0,197
20561,2020-08-06,Tasmania,Acceleration of power-law,0.0,197
20562,2020-08-06,Tasmania,Growth Rate,0.0,197
20563,2020-08-06,Tasmania,Days since first case,197.0,197
20564,2020-08-06,Tasmania,Average Growth Rate,821488785284915.8,197
20565,2020-08-06,Tasmania,Doubling time,1.6183329070112842e+17,197
20566,2020-08-06,Victoria,Total cases,13867.0,197
20567,2020-08-06,Victoria,Total cases per million,2180.6887875452117,197
20568,2020-08-06,Victoria,New cases,398.0,197
20569,2020-08-06,Victoria,css_per_prsn,62.588457304607644,197
20570,2020-08-06,Victoria,New cases per week,3290.0,197
20571,2020-08-06,Victoria,log10(Total cases),4.141982515552804,197
20572,2020-08-06,Victoria,log10(New cases per week),3.5171958979499744,197
20573,2020-08-06,Victoria,Slope of power-law,0.4115116126988814,197
20574,2020-08-06,Victoria,Acceleration of power-law,-9.278180049761152,197
20575,2020-08-06,Victoria,Growth Rate,3.573472765806043,197
20576,2020-08-06,Victoria,Days since first case,197.0,197
20577,2020-08-06,Victoria,Average Growth Rate,0.16808426165192716,197
20578,2020-08-06,Victoria,Doubling time,33.11259954542965,197
20579,2020-08-06,Western Australia,Total cases,642.0,197
20580,2020-08-06,Western Australia,Total cases per million,247.97219003476246,197
20581,2020-08-06,Western Australia,New cases,-28.0,197
20582,2020-08-06,Western Australia,css_per_prsn,-10.8149864812669,197
20583,2020-08-06,Western Australia,New cases per week,-23.0,197
20584,2020-08-06,Western Australia,log10(Total cases),2.807535028068853,197
20585,2020-08-06,Western Australia,log10(New cases per week),0.0,197
20586,2020-08-06,Western Australia,Slope of power-law,0.0,197
20587,2020-08-06,Western Australia,Acceleration of power-law,0.0,197
20588,2020-08-06,Western Australia,Growth Rate,0.030120481927710847,197
20589,2020-08-06,Western Australia,Days since first case,197.0,197
20590,2020-08-06,Western Australia,Average Growth Rate,4.412490872142418,197
20591,2020-08-06,Western Australia,Doubling time,869.2607018120564,197
20592,2020-08-07,Australian Capital Territory,Total cases,113.0,198
20593,2020-08-07,Australian Capital Territory,Total cases per million,297.36842105263156,198
20594,2020-08-07,Australian Capital Territory,New cases,0.0,198
20595,2020-08-07,Australian Capital Territory,css_per_prsn,0.0,198
20596,2020-08-07,Australian Capital Territory,New cases per week,0.0,198
20597,2020-08-07,Australian Capital Territory,log10(Total cases),2.0530784434834195,198
20598,2020-08-07,Australian Capital Territory,log10(New cases per week),0.0,198
20599,2020-08-07,Australian Capital Territory,Slope of power-law,0.0,198
20600,2020-08-07,Australian Capital Territory,Acceleration of power-law,0.0,198
20601,2020-08-07,Australian Capital Territory,Growth Rate,0.0,198
20602,2020-08-07,Australian Capital Territory,Days since first case,198.0,198
20603,2020-08-07,Australian Capital Territory,Average Growth Rate,inf,198
20604,2020-08-07,Australian Capital Territory,Doubling time,inf,198
20605,2020-08-07,New South Wales,Total cases,3851.0,198
20606,2020-08-07,New South Wales,Total cases per million,510.47189819724287,198
20607,2020-08-07,New South Wales,New cases,9.0,198
20608,2020-08-07,New South Wales,css_per_prsn,1.1930010604453871,198
20609,2020-08-07,New South Wales,New cases per week,78.0,198
20610,2020-08-07,New South Wales,log10(Total cases),3.585573518622731,198
20611,2020-08-07,New South Wales,log10(New cases per week),1.8920946026904804,198
20612,2020-08-07,New South Wales,Slope of power-law,-8.18511834762566,198
20613,2020-08-07,New South Wales,Acceleration of power-law,-4141.902631391194,198
20614,2020-08-07,New South Wales,Growth Rate,0.28192544638195677,198
20615,2020-08-07,New South Wales,Days since first case,198.0,198
20616,2020-08-07,New South Wales,Average Growth Rate,2.14141712497363,198
20617,2020-08-07,New South Wales,Doubling time,424.0005907447787,198
20618,2020-08-07,Northern Territory,Total cases,33.0,198
20619,2020-08-07,Northern Territory,Total cases per million,135.07981989357347,198
20620,2020-08-07,Northern Territory,New cases,0.0,198
20621,2020-08-07,Northern Territory,css_per_prsn,0.0,198
20622,2020-08-07,Northern Territory,New cases per week,0.0,198
20623,2020-08-07,Northern Territory,log10(Total cases),1.5185139398778875,198
20624,2020-08-07,Northern Territory,log10(New cases per week),0.0,198
20625,2020-08-07,Northern Territory,Slope of power-law,0.0,198
20626,2020-08-07,Northern Territory,Acceleration of power-law,-inf,198
20627,2020-08-07,Northern Territory,Growth Rate,0.0,198
20628,2020-08-07,Northern Territory,Days since first case,198.0,198
20629,2020-08-07,Northern Territory,Average Growth Rate,1.4208988888079177,198
20630,2020-08-07,Northern Territory,Doubling time,281.3379799839677,198
20631,2020-08-07,Queensland,Total cases,1088.0,198
20632,2020-08-07,Queensland,Total cases per million,214.55334253598897,198
20633,2020-08-07,Queensland,New cases,1.0,198
20634,2020-08-07,Queensland,css_per_prsn,0.19719976336028397,198
20635,2020-08-07,Queensland,New cases per week,4.0,198
20636,2020-08-07,Queensland,log10(Total cases),3.036628895362161,198
20637,2020-08-07,Queensland,log10(New cases per week),0.6020599913279624,198
20638,2020-08-07,Queensland,Slope of power-law,-24.166274904636268,198
20639,2020-08-07,Queensland,Acceleration of power-law,-60513.82921515672,198
20640,2020-08-07,Queensland,Growth Rate,0.05518763796909492,198
20641,2020-08-07,Queensland,Days since first case,198.0,198
20642,2020-08-07,Queensland,Average Growth Rate,11.06864111891883,198
20643,2020-08-07,Queensland,Doubling time,2191.590941545928,198
20644,2020-08-07,South Australia,Total cases,459.0,198
20645,2020-08-07,South Australia,Total cases per million,273.7030411449016,198
20646,2020-08-07,South Australia,New cases,0.0,198
20647,2020-08-07,South Australia,css_per_prsn,0.0,198
20648,2020-08-07,South Australia,New cases per week,8.0,198
20649,2020-08-07,South Australia,log10(Total cases),2.661812685537261,198
20650,2020-08-07,South Australia,log10(New cases per week),0.9030899869919435,198
20651,2020-08-07,South Australia,Slope of power-law,28.575166728853922,198
20652,2020-08-07,South Australia,Acceleration of power-law,-inf,198
20653,2020-08-07,South Australia,Growth Rate,0.17482517482517482,198
20654,2020-08-07,South Australia,Days since first case,198.0,198
20655,2020-08-07,South Australia,Average Growth Rate,2.464397591652976,198
20656,2020-08-07,South Australia,Doubling time,487.95072314728924,198
20657,2020-08-07,Tasmania,Total cases,229.0,198
20658,2020-08-07,Tasmania,Total cases per million,444.6601941747573,198
20659,2020-08-07,Tasmania,New cases,0.0,198
20660,2020-08-07,Tasmania,css_per_prsn,0.0,198
20661,2020-08-07,Tasmania,New cases per week,0.0,198
20662,2020-08-07,Tasmania,log10(Total cases),2.359835482339888,198
20663,2020-08-07,Tasmania,log10(New cases per week),0.0,198
20664,2020-08-07,Tasmania,Slope of power-law,0.0,198
20665,2020-08-07,Tasmania,Acceleration of power-law,0.0,198
20666,2020-08-07,Tasmania,Growth Rate,0.0,198
20667,2020-08-07,Tasmania,Days since first case,198.0,198
20668,2020-08-07,Tasmania,Average Growth Rate,821488785284915.8,198
20669,2020-08-07,Tasmania,Doubling time,1.626547794864133e+17,198
20670,2020-08-07,Victoria,Total cases,14283.0,198
20671,2020-08-07,Victoria,Total cases per million,2246.1078785972636,198
20672,2020-08-07,Victoria,New cases,416.0,198
20673,2020-08-07,Victoria,css_per_prsn,65.41909105205221,198
20674,2020-08-07,Victoria,New cases per week,3352.0,198
20675,2020-08-07,Victoria,log10(Total cases),4.154819436194173,198
20676,2020-08-07,Victoria,log10(New cases per week),3.525304009958239,198
20677,2020-08-07,Victoria,Slope of power-law,0.624318056853166,198
20678,2020-08-07,Victoria,Acceleration of power-law,16.5776863548159,198
20679,2020-08-07,Victoria,Growth Rate,3.5020675036199975,198
20680,2020-08-07,Victoria,Days since first case,198.0,198
20681,2020-08-07,Victoria,Average Growth Rate,0.1792575641887452,198
20682,2020-08-07,Victoria,Doubling time,35.49299770937155,198
20683,2020-08-07,Western Australia,Total cases,642.0,198
20684,2020-08-07,Western Australia,Total cases per million,247.97219003476246,198
20685,2020-08-07,Western Australia,New cases,0.0,198
20686,2020-08-07,Western Australia,css_per_prsn,0.0,198
20687,2020-08-07,Western Australia,New cases per week,-24.0,198
20688,2020-08-07,Western Australia,log10(Total cases),2.807535028068853,198
20689,2020-08-07,Western Australia,log10(New cases per week),0.0,198
20690,2020-08-07,Western Australia,Slope of power-law,0.0,198
20691,2020-08-07,Western Australia,Acceleration of power-law,0.0,198
20692,2020-08-07,Western Australia,Growth Rate,-0.8199210446401458,198
20693,2020-08-07,Western Australia,Days since first case,198.0,198
20694,2020-08-07,Western Australia,Average Growth Rate,-12.522489779818297,198
20695,2020-08-07,Western Australia,Doubling time,-2479.452976404023,198
20696,2020-08-08,Australian Capital Territory,Total cases,113.0,199
20697,2020-08-08,Australian Capital Territory,Total cases per million,297.36842105263156,199
20698,2020-08-08,Australian Capital Territory,New cases,0.0,199
20699,2020-08-08,Australian Capital Territory,css_per_prsn,0.0,199
20700,2020-08-08,Australian Capital Territory,New cases per week,0.0,199
20701,2020-08-08,Australian Capital Territory,log10(Total cases),2.0530784434834195,199
20702,2020-08-08,Australian Capital Territory,log10(New cases per week),0.0,199
20703,2020-08-08,Australian Capital Territory,Slope of power-law,0.0,199
20704,2020-08-08,Australian Capital Territory,Acceleration of power-law,0.0,199
20705,2020-08-08,Australian Capital Territory,Growth Rate,0.0,199
20706,2020-08-08,Australian Capital Territory,Days since first case,199.0,199
20707,2020-08-08,Australian Capital Territory,Average Growth Rate,inf,199
20708,2020-08-08,Australian Capital Territory,Doubling time,inf,199
20709,2020-08-08,New South Wales,Total cases,3861.0,199
20710,2020-08-08,New South Wales,Total cases per million,511.79745493107106,199
20711,2020-08-08,New South Wales,New cases,10.0,199
20712,2020-08-08,New South Wales,css_per_prsn,1.325556733828208,199
20713,2020-08-08,New South Wales,New cases per week,77.0,199
20714,2020-08-08,New South Wales,log10(Total cases),3.586699801624049,199
20715,2020-08-08,New South Wales,log10(New cases per week),1.8864907251724818,199
20716,2020-08-08,New South Wales,Slope of power-law,-8.83978747465849,199
20717,2020-08-08,New South Wales,Acceleration of power-law,-581.2652115557571,199
20718,2020-08-08,New South Wales,Growth Rate,0.2707487243569718,199
20719,2020-08-08,New South Wales,Days since first case,199.0,199
20720,2020-08-08,New South Wales,Average Growth Rate,2.305381483622825,199
20721,2020-08-08,New South Wales,Doubling time,458.7709152409422,199
20722,2020-08-08,Northern Territory,Total cases,33.0,199
20723,2020-08-08,Northern Territory,Total cases per million,135.07981989357347,199
20724,2020-08-08,Northern Territory,New cases,0.0,199
20725,2020-08-08,Northern Territory,css_per_prsn,0.0,199
20726,2020-08-08,Northern Territory,New cases per week,0.0,199
20727,2020-08-08,Northern Territory,log10(Total cases),1.5185139398778875,199
20728,2020-08-08,Northern Territory,log10(New cases per week),0.0,199
20729,2020-08-08,Northern Territory,Slope of power-law,0.0,199
20730,2020-08-08,Northern Territory,Acceleration of power-law,0.0,199
20731,2020-08-08,Northern Territory,Growth Rate,0.0,199
20732,2020-08-08,Northern Territory,Days since first case,199.0,199
20733,2020-08-08,Northern Territory,Average Growth Rate,2.8592321198098207,199
20734,2020-08-08,Northern Territory,Doubling time,568.9871918421543,199
20735,2020-08-08,Queensland,Total cases,1088.0,199
20736,2020-08-08,Queensland,Total cases per million,214.55334253598897,199
20737,2020-08-08,Queensland,New cases,0.0,199
20738,2020-08-08,Queensland,css_per_prsn,0.0,199
20739,2020-08-08,Queensland,New cases per week,3.0,199
20740,2020-08-08,Queensland,log10(Total cases),3.036628895362161,199
20741,2020-08-08,Queensland,log10(New cases per week),0.47712125471966244,199
20742,2020-08-08,Queensland,Slope of power-law,-177.36617125696839,199
20743,2020-08-08,Queensland,Acceleration of power-law,-inf,199
20744,2020-08-08,Queensland,Growth Rate,0.05515719801434087,199
20745,2020-08-08,Queensland,Days since first case,199.0,199
20746,2020-08-08,Queensland,Average Growth Rate,11.074757924643993,199
20747,2020-08-08,Queensland,Doubling time,2203.8768270041546,199
20748,2020-08-08,South Australia,Total cases,459.0,199
20749,2020-08-08,South Australia,Total cases per million,273.7030411449016,199
20750,2020-08-08,South Australia,New cases,0.0,199
20751,2020-08-08,South Australia,css_per_prsn,0.0,199
20752,2020-08-08,South Australia,New cases per week,6.0,199
20753,2020-08-08,South Australia,log10(Total cases),2.661812685537261,199
20754,2020-08-08,South Australia,log10(New cases per week),0.7781512503836436,199
20755,2020-08-08,South Australia,Slope of power-law,45.2905677170883,199
20756,2020-08-08,South Australia,Acceleration of power-law,inf,199
20757,2020-08-08,South Australia,Growth Rate,0.08733624454148471,199
20758,2020-08-08,South Australia,Days since first case,199.0,199
20759,2020-08-08,South Australia,Average Growth Rate,3.1612823222625552,199
20760,2020-08-08,South Australia,Doubling time,629.0951821302485,199
20761,2020-08-08,Tasmania,Total cases,229.0,199
20762,2020-08-08,Tasmania,Total cases per million,444.6601941747573,199
20763,2020-08-08,Tasmania,New cases,0.0,199
20764,2020-08-08,Tasmania,css_per_prsn,0.0,199
20765,2020-08-08,Tasmania,New cases per week,0.0,199
20766,2020-08-08,Tasmania,log10(Total cases),2.359835482339888,199
20767,2020-08-08,Tasmania,log10(New cases per week),0.0,199
20768,2020-08-08,Tasmania,Slope of power-law,0.0,199
20769,2020-08-08,Tasmania,Acceleration of power-law,0.0,199
20770,2020-08-08,Tasmania,Growth Rate,0.0,199
20771,2020-08-08,Tasmania,Days since first case,199.0,199
20772,2020-08-08,Tasmania,Average Growth Rate,821488785284915.8,199
20773,2020-08-08,Tasmania,Doubling time,1.6347626827169824e+17,199
20774,2020-08-08,Victoria,Total cases,14659.0,199
20775,2020-08-08,Victoria,Total cases per million,2305.2366724327726,199
20776,2020-08-08,Victoria,New cases,376.0,199
20777,2020-08-08,Victoria,css_per_prsn,59.12879383550873,199
20778,2020-08-08,Victoria,New cases per week,3102.0,199
20779,2020-08-08,Victoria,log10(Total cases),4.166104344841616,199
20780,2020-08-08,Victoria,log10(New cases per week),3.4916417934775863,199
20781,2020-08-08,Victoria,Slope of power-law,0.20040871595819404,199
20782,2020-08-08,Victoria,Acceleration of power-law,-37.564268718383495,199
20783,2020-08-08,Victoria,Growth Rate,3.352906381198332,199
20784,2020-08-08,Victoria,Days since first case,199.0,199
20785,2020-08-08,Victoria,Average Growth Rate,0.1862213804913446,199
20786,2020-08-08,Victoria,Doubling time,37.05805471777757,199
20787,2020-08-08,Western Australia,Total cases,642.0,199
20788,2020-08-08,Western Australia,Total cases per million,247.97219003476246,199
20789,2020-08-08,Western Australia,New cases,0.0,199
20790,2020-08-08,Western Australia,css_per_prsn,0.0,199
20791,2020-08-08,Western Australia,New cases per week,1.0,199
20792,2020-08-08,Western Australia,log10(Total cases),2.807535028068853,199
20793,2020-08-08,Western Australia,log10(New cases per week),0.0,199
20794,2020-08-08,Western Australia,Slope of power-law,78.94883468714667,199
20795,2020-08-08,Western Australia,Acceleration of power-law,0.0,199
20796,2020-08-08,Western Australia,Growth Rate,-0.8266993263931415,199
20797,2020-08-08,Western Australia,Days since first case,199.0,199
20798,2020-08-08,Western Australia,Average Growth Rate,-2.5764639609302025,199
20799,2020-08-08,Western Australia,Doubling time,-512.7163282251103,199
20800,2020-08-09,Australian Capital Territory,Total cases,113.0,200
20801,2020-08-09,Australian Capital Territory,Total cases per million,297.36842105263156,200
20802,2020-08-09,Australian Capital Territory,New cases,0.0,200
20803,2020-08-09,Australian Capital Territory,css_per_prsn,0.0,200
20804,2020-08-09,Australian Capital Territory,New cases per week,0.0,200
20805,2020-08-09,Australian Capital Territory,log10(Total cases),2.0530784434834195,200
20806,2020-08-09,Australian Capital Territory,log10(New cases per week),0.0,200
20807,2020-08-09,Australian Capital Territory,Slope of power-law,0.0,200
20808,2020-08-09,Australian Capital Territory,Acceleration of power-law,0.0,200
20809,2020-08-09,Australian Capital Territory,Growth Rate,0.0,200
20810,2020-08-09,Australian Capital Territory,Days since first case,200.0,200
20811,2020-08-09,Australian Capital Territory,Average Growth Rate,inf,200
20812,2020-08-09,Australian Capital Territory,Doubling time,inf,200
20813,2020-08-09,New South Wales,Total cases,3875.0,200
20814,2020-08-09,New South Wales,Total cases per million,513.6532343584306,200
20815,2020-08-09,New South Wales,New cases,14.0,200
20816,2020-08-09,New South Wales,css_per_prsn,1.8557794273594912,200
20817,2020-08-09,New South Wales,New cases per week,78.0,200
20818,2020-08-09,New South Wales,log10(Total cases),3.588271706842329,200
20819,2020-08-09,New South Wales,log10(New cases per week),1.8920946026904804,200
20820,2020-08-09,New South Wales,Slope of power-law,-12.724185612192505,200
20821,2020-08-09,New South Wales,Acceleration of power-law,-2471.140175859474,200
20822,2020-08-09,New South Wales,Growth Rate,0.2855511136493432,200
20823,2020-08-09,New South Wales,Days since first case,200.0,200
20824,2020-08-09,New South Wales,Average Growth Rate,2.3873117325207684,200
20825,2020-08-09,New South Wales,Doubling time,477.4623465041537,200
20826,2020-08-09,Northern Territory,Total cases,33.0,200
20827,2020-08-09,Northern Territory,Total cases per million,135.07981989357347,200
20828,2020-08-09,Northern Territory,New cases,0.0,200
20829,2020-08-09,Northern Territory,css_per_prsn,0.0,200
20830,2020-08-09,Northern Territory,New cases per week,0.0,200
20831,2020-08-09,Northern Territory,log10(Total cases),1.5185139398778875,200
20832,2020-08-09,Northern Territory,log10(New cases per week),0.0,200
20833,2020-08-09,Northern Territory,Slope of power-law,0.0,200
20834,2020-08-09,Northern Territory,Acceleration of power-law,0.0,200
20835,2020-08-09,Northern Territory,Growth Rate,0.0,200
20836,2020-08-09,Northern Territory,Days since first case,200.0,200
20837,2020-08-09,Northern Territory,Average Growth Rate,inf,200
20838,2020-08-09,Northern Territory,Doubling time,inf,200
20839,2020-08-09,Queensland,Total cases,1089.0,200
20840,2020-08-09,Queensland,Total cases per million,214.75054229934926,200
20841,2020-08-09,Queensland,New cases,1.0,200
20842,2020-08-09,Queensland,css_per_prsn,0.19719976336028397,200
20843,2020-08-09,Queensland,New cases per week,4.0,200
20844,2020-08-09,Queensland,log10(Total cases),3.037027879755775,200
20845,2020-08-09,Queensland,log10(New cases per week),0.6020599913279624,200
20846,2020-08-09,Queensland,Slope of power-law,-101.29019996578775,200
20847,2020-08-09,Queensland,Acceleration of power-law,190674.05269191682,200
20848,2020-08-09,Queensland,Growth Rate,0.01838235294117647,200
20849,2020-08-09,Queensland,Days since first case,200.0,200
20850,2020-08-09,Queensland,Average Growth Rate,14.489436440402493,200
20851,2020-08-09,Queensland,Doubling time,2897.8872880804984,200
20852,2020-08-09,South Australia,Total cases,459.0,200
20853,2020-08-09,South Australia,Total cases per million,273.7030411449016,200
20854,2020-08-09,South Australia,New cases,0.0,200
20855,2020-08-09,South Australia,css_per_prsn,0.0,200
20856,2020-08-09,South Australia,New cases per week,4.0,200
20857,2020-08-09,South Australia,log10(Total cases),2.661812685537261,200
20858,2020-08-09,South Australia,log10(New cases per week),0.6020599913279624,200
20859,2020-08-09,South Australia,Slope of power-law,31.46760965968141,200
20860,2020-08-09,South Australia,Acceleration of power-law,-inf,200
20861,2020-08-09,South Australia,Growth Rate,0.08726003490401397,200
20862,2020-08-09,South Australia,Days since first case,200.0,200
20863,2020-08-09,South Australia,Average Growth Rate,4.16750519271963,200
20864,2020-08-09,South Australia,Doubling time,833.5010385439259,200
20865,2020-08-09,Tasmania,Total cases,229.0,200
20866,2020-08-09,Tasmania,Total cases per million,444.6601941747573,200
20867,2020-08-09,Tasmania,New cases,0.0,200
20868,2020-08-09,Tasmania,css_per_prsn,0.0,200
20869,2020-08-09,Tasmania,New cases per week,0.0,200
20870,2020-08-09,Tasmania,log10(Total cases),2.359835482339888,200
20871,2020-08-09,Tasmania,log10(New cases per week),0.0,200
20872,2020-08-09,Tasmania,Slope of power-law,0.0,200
20873,2020-08-09,Tasmania,Acceleration of power-law,0.0,200
20874,2020-08-09,Tasmania,Growth Rate,0.0,200
20875,2020-08-09,Tasmania,Days since first case,200.0,200
20876,2020-08-09,Tasmania,Average Growth Rate,821488785284915.8,200
20877,2020-08-09,Tasmania,Doubling time,1.6429775705698314e+17,200
20878,2020-08-09,Victoria,Total cases,14957.0,200
20879,2020-08-09,Victoria,Total cases per million,2352.0993866960216,200
20880,2020-08-09,Victoria,New cases,298.0,200
20881,2020-08-09,Victoria,css_per_prsn,46.86271426324894,200
20882,2020-08-09,Victoria,New cases per week,3020.0,200
20883,2020-08-09,Victoria,log10(Total cases),4.174844493655455,200
20884,2020-08-09,Victoria,log10(New cases per week),3.4800069429571505,200
20885,2020-08-09,Victoria,Slope of power-law,-0.14171952263065668,200
20886,2020-08-09,Victoria,Acceleration of power-law,-39.14444088722275,200
20887,2020-08-09,Victoria,Growth Rate,2.6981118832034814,200
20888,2020-08-09,Victoria,Days since first case,200.0,200
20889,2020-08-09,Victoria,Average Growth Rate,0.20151691646558276,200
20890,2020-08-09,Victoria,Doubling time,40.30338329311655,200
20891,2020-08-09,Western Australia,Total cases,642.0,200
20892,2020-08-09,Western Australia,Total cases per million,247.97219003476246,200
20893,2020-08-09,Western Australia,New cases,0.0,200
20894,2020-08-09,Western Australia,css_per_prsn,0.0,200
20895,2020-08-09,Western Australia,New cases per week,-27.0,200
20896,2020-08-09,Western Australia,log10(Total cases),2.807535028068853,200
20897,2020-08-09,Western Australia,log10(New cases per week),0.0,200
20898,2020-08-09,Western Australia,Slope of power-law,0.0,200
20899,2020-08-09,Western Australia,Acceleration of power-law,0.0,200
20900,2020-08-09,Western Australia,Growth Rate,-0.8647313156269302,200
20901,2020-08-09,Western Australia,Days since first case,200.0,200
20902,2020-08-09,Western Australia,Average Growth Rate,-1.4680886399656912,200
20903,2020-08-09,Western Australia,Doubling time,-293.61772799313826,200
20904,2020-08-10,Australian Capital Territory,Total cases,113.0,201
20905,2020-08-10,Australian Capital Territory,Total cases per million,297.36842105263156,201
20906,2020-08-10,Australian Capital Territory,New cases,0.0,201
20907,2020-08-10,Australian Capital Territory,css_per_prsn,0.0,201
20908,2020-08-10,Australian Capital Territory,New cases per week,0.0,201
20909,2020-08-10,Australian Capital Territory,log10(Total cases),2.0530784434834195,201
20910,2020-08-10,Australian Capital Territory,log10(New cases per week),0.0,201
20911,2020-08-10,Australian Capital Territory,Slope of power-law,0.0,201
20912,2020-08-10,Australian Capital Territory,Acceleration of power-law,0.0,201
20913,2020-08-10,Australian Capital Territory,Growth Rate,0.0,201
20914,2020-08-10,Australian Capital Territory,Days since first case,201.0,201
20915,2020-08-10,Australian Capital Territory,Average Growth Rate,inf,201
20916,2020-08-10,Australian Capital Territory,Doubling time,inf,201
20917,2020-08-10,New South Wales,Total cases,3897.0,201
20918,2020-08-10,New South Wales,Total cases per million,516.5694591728526,201
20919,2020-08-10,New South Wales,New cases,22.0,201
20920,2020-08-10,New South Wales,css_per_prsn,2.9162248144220575,201
20921,2020-08-10,New South Wales,New cases per week,88.0,201
20922,2020-08-10,New South Wales,log10(Total cases),3.5907304057926903,201
20923,2020-08-10,New South Wales,log10(New cases per week),1.9444826721501687,201
20924,2020-08-10,New South Wales,Slope of power-law,-9.332669950744199,201
20925,2020-08-10,New South Wales,Acceleration of power-law,1379.3944398722508,201
20926,2020-08-10,New South Wales,Growth Rate,0.33633447169616065,201
20927,2020-08-10,New South Wales,Days since first case,201.0,201
20928,2020-08-10,New South Wales,Average Growth Rate,2.3445258054701723,201
20929,2020-08-10,New South Wales,Doubling time,471.24968689950464,201
20930,2020-08-10,Northern Territory,Total cases,33.0,201
20931,2020-08-10,Northern Territory,Total cases per million,135.07981989357347,201
20932,2020-08-10,Northern Territory,New cases,0.0,201
20933,2020-08-10,Northern Territory,css_per_prsn,0.0,201
20934,2020-08-10,Northern Territory,New cases per week,0.0,201
20935,2020-08-10,Northern Territory,log10(Total cases),1.5185139398778875,201
20936,2020-08-10,Northern Territory,log10(New cases per week),0.0,201
20937,2020-08-10,Northern Territory,Slope of power-law,-inf,201
20938,2020-08-10,Northern Territory,Acceleration of power-law,-inf,201
20939,2020-08-10,Northern Territory,Growth Rate,0.0,201
20940,2020-08-10,Northern Territory,Days since first case,201.0,201
20941,2020-08-10,Northern Territory,Average Growth Rate,inf,201
20942,2020-08-10,Northern Territory,Doubling time,inf,201
20943,2020-08-10,Queensland,Total cases,1089.0,201
20944,2020-08-10,Queensland,Total cases per million,214.75054229934926,201
20945,2020-08-10,Queensland,New cases,0.0,201
20946,2020-08-10,Queensland,css_per_prsn,0.0,201
20947,2020-08-10,Queensland,New cases per week,4.0,201
20948,2020-08-10,Queensland,log10(Total cases),3.037027879755775,201
20949,2020-08-10,Queensland,log10(New cases per week),0.6020599913279624,201
20950,2020-08-10,Queensland,Slope of power-law,-150.62061651724824,201
20951,2020-08-10,Queensland,Acceleration of power-law,-inf,201
20952,2020-08-10,Queensland,Growth Rate,0.018378974453225512,201
20953,2020-08-10,Queensland,Days since first case,201.0,201
20954,2020-08-10,Queensland,Average Growth Rate,18.843894686142278,201
20955,2020-08-10,Queensland,Doubling time,3787.622831914598,201
20956,2020-08-10,South Australia,Total cases,459.0,201
20957,2020-08-10,South Australia,Total cases per million,273.7030411449016,201
20958,2020-08-10,South Australia,New cases,0.0,201
20959,2020-08-10,South Australia,css_per_prsn,0.0,201
20960,2020-08-10,South Australia,New cases per week,2.0,201
20961,2020-08-10,South Australia,log10(Total cases),2.661812685537261,201
20962,2020-08-10,South Australia,log10(New cases per week),0.3010299956639812,201
20963,2020-08-10,South Australia,Slope of power-law,-39.421730273150814,201
20964,2020-08-10,South Australia,Acceleration of power-law,-inf,201
20965,2020-08-10,South Australia,Growth Rate,0.130718954248366,201
20966,2020-08-10,South Australia,Days since first case,201.0,201
20967,2020-08-10,South Australia,Average Growth Rate,4.665537514445374,201
20968,2020-08-10,South Australia,Doubling time,937.7730404035201,201
20969,2020-08-10,Tasmania,Total cases,229.0,201
20970,2020-08-10,Tasmania,Total cases per million,444.6601941747573,201
20971,2020-08-10,Tasmania,New cases,0.0,201
20972,2020-08-10,Tasmania,css_per_prsn,0.0,201
20973,2020-08-10,Tasmania,New cases per week,0.0,201
20974,2020-08-10,Tasmania,log10(Total cases),2.359835482339888,201
20975,2020-08-10,Tasmania,log10(New cases per week),0.0,201
20976,2020-08-10,Tasmania,Slope of power-law,0.0,201
20977,2020-08-10,Tasmania,Acceleration of power-law,0.0,201
20978,2020-08-10,Tasmania,Growth Rate,0.0,201
20979,2020-08-10,Tasmania,Days since first case,201.0,201
20980,2020-08-10,Tasmania,Average Growth Rate,821488785284915.8,201
20981,2020-08-10,Tasmania,Doubling time,1.6511924584226806e+17,201
20982,2020-08-10,Victoria,Total cases,15251.0,201
20983,2020-08-10,Victoria,Total cases per million,2398.333071237616,201
20984,2020-08-10,Victoria,New cases,294.0,201
20985,2020-08-10,Victoria,css_per_prsn,46.23368454159459,201
20986,2020-08-10,Victoria,New cases per week,2916.0,201
20987,2020-08-10,Victoria,log10(Total cases),4.183298321075812,201
20988,2020-08-10,Victoria,log10(New cases per week),3.4647875196459372,201
20989,2020-08-10,Victoria,Slope of power-law,-0.26683464891582837,201
20990,2020-08-10,Victoria,Acceleration of power-law,-14.799820254657575,201
20991,2020-08-10,Victoria,Growth Rate,2.4405275483791447,201
20992,2020-08-10,Victoria,Days since first case,201.0,201
20993,2020-08-10,Victoria,Average Growth Rate,0.2226322822715684,201
20994,2020-08-10,Victoria,Doubling time,44.74908873658525,201
20995,2020-08-10,Western Australia,Total cases,642.0,201
20996,2020-08-10,Western Australia,Total cases per million,247.97219003476246,201
20997,2020-08-10,Western Australia,New cases,0.0,201
20998,2020-08-10,Western Australia,css_per_prsn,0.0,201
20999,2020-08-10,Western Australia,New cases per week,-27.0,201
21000,2020-08-10,Western Australia,log10(Total cases),2.807535028068853,201
21001,2020-08-10,Western Australia,log10(New cases per week),0.0,201
21002,2020-08-10,Western Australia,Slope of power-law,0.0,201
21003,2020-08-10,Western Australia,Acceleration of power-law,0.0,201
21004,2020-08-10,Western Australia,Growth Rate,-0.8722741433021807,201
21005,2020-08-10,Western Australia,Days since first case,201.0,201
21006,2020-08-10,Western Australia,Average Growth Rate,-1.03346663956591,201
21007,2020-08-10,Western Australia,Doubling time,-207.72679455274792,201
21008,2020-08-11,Australian Capital Territory,Total cases,113.0,202
21009,2020-08-11,Australian Capital Territory,Total cases per million,297.36842105263156,202
21010,2020-08-11,Australian Capital Territory,New cases,0.0,202
21011,2020-08-11,Australian Capital Territory,css_per_prsn,0.0,202
21012,2020-08-11,Australian Capital Territory,New cases per week,0.0,202
21013,2020-08-11,Australian Capital Territory,log10(Total cases),2.0530784434834195,202
21014,2020-08-11,Australian Capital Territory,log10(New cases per week),0.0,202
21015,2020-08-11,Australian Capital Territory,Slope of power-law,0.0,202
21016,2020-08-11,Australian Capital Territory,Acceleration of power-law,0.0,202
21017,2020-08-11,Australian Capital Territory,Growth Rate,0.0,202
21018,2020-08-11,Australian Capital Territory,Days since first case,202.0,202
21019,2020-08-11,Australian Capital Territory,Average Growth Rate,inf,202
21020,2020-08-11,Australian Capital Territory,Doubling time,inf,202
21021,2020-08-11,New South Wales,Total cases,3915.0,202
21022,2020-08-11,New South Wales,Total cases per million,518.9554612937434,202
21023,2020-08-11,New South Wales,New cases,18.0,202
21024,2020-08-11,New South Wales,css_per_prsn,2.3860021208907742,202
21025,2020-08-11,New South Wales,New cases per week,95.0,202
21026,2020-08-11,New South Wales,log10(Total cases),3.592731766393962,202
21027,2020-08-11,New South Wales,log10(New cases per week),1.9777236052888478,202
21028,2020-08-11,New South Wales,Slope of power-law,-5.868107996450026,202
21029,2020-08-11,New South Wales,Acceleration of power-law,1731.1033064668252,202
21030,2020-08-11,New South Wales,Growth Rate,0.3763080571163462,202
21031,2020-08-11,New South Wales,Days since first case,202.0,202
21032,2020-08-11,New South Wales,Average Growth Rate,2.234707480095892,202
21033,2020-08-11,New South Wales,Doubling time,451.4109109793702,202
21034,2020-08-11,Northern Territory,Total cases,33.0,202
21035,2020-08-11,Northern Territory,Total cases per million,135.07981989357347,202
21036,2020-08-11,Northern Territory,New cases,0.0,202
21037,2020-08-11,Northern Territory,css_per_prsn,0.0,202
21038,2020-08-11,Northern Territory,New cases per week,0.0,202
21039,2020-08-11,Northern Territory,log10(Total cases),1.5185139398778875,202
21040,2020-08-11,Northern Territory,log10(New cases per week),0.0,202
21041,2020-08-11,Northern Territory,Slope of power-law,-inf,202
21042,2020-08-11,Northern Territory,Acceleration of power-law,0.0,202
21043,2020-08-11,Northern Territory,Growth Rate,0.0,202
21044,2020-08-11,Northern Territory,Days since first case,202.0,202
21045,2020-08-11,Northern Territory,Average Growth Rate,inf,202
21046,2020-08-11,Northern Territory,Doubling time,inf,202
21047,2020-08-11,Queensland,Total cases,1089.0,202
21048,2020-08-11,Queensland,Total cases per million,214.75054229934926,202
21049,2020-08-11,Queensland,New cases,0.0,202
21050,2020-08-11,Queensland,css_per_prsn,0.0,202
21051,2020-08-11,Queensland,New cases per week,1.0,202
21052,2020-08-11,Queensland,log10(Total cases),3.037027879755775,202
21053,2020-08-11,Queensland,log10(New cases per week),0.0,202
21054,2020-08-11,Queensland,Slope of power-law,-597.0951051018906,202
21055,2020-08-11,Queensland,Acceleration of power-law,-inf,202
21056,2020-08-11,Queensland,Growth Rate,0.03674444240308654,202
21057,2020-08-11,Queensland,Days since first case,202.0,202
21058,2020-08-11,Queensland,Average Growth Rate,18.850826670268386,202
21059,2020-08-11,Queensland,Doubling time,3807.866987394214,202
21060,2020-08-11,South Australia,Total cases,459.0,202
21061,2020-08-11,South Australia,Total cases per million,273.7030411449016,202
21062,2020-08-11,South Australia,New cases,0.0,202
21063,2020-08-11,South Australia,css_per_prsn,0.0,202
21064,2020-08-11,South Australia,New cases per week,2.0,202
21065,2020-08-11,South Australia,log10(Total cases),2.661812685537261,202
21066,2020-08-11,South Australia,log10(New cases per week),0.3010299956639812,202
21067,2020-08-11,South Australia,Slope of power-law,-83.49332930613775,202
21068,2020-08-11,South Australia,Acceleration of power-law,-inf,202
21069,2020-08-11,South Australia,Growth Rate,0.0,202
21070,2020-08-11,South Australia,Days since first case,202.0,202
21071,2020-08-11,South Australia,Average Growth Rate,7.218171687505677,202
21072,2020-08-11,South Australia,Doubling time,1458.0706808761468,202
21073,2020-08-11,Tasmania,Total cases,230.0,202
21074,2020-08-11,Tasmania,Total cases per million,446.6019417475728,202
21075,2020-08-11,Tasmania,New cases,1.0,202
21076,2020-08-11,Tasmania,css_per_prsn,1.941747572815534,202
21077,2020-08-11,Tasmania,New cases per week,1.0,202
21078,2020-08-11,Tasmania,log10(Total cases),2.361727836017593,202
21079,2020-08-11,Tasmania,log10(New cases per week),0.0,202
21080,2020-08-11,Tasmania,Slope of power-law,0.0,202
21081,2020-08-11,Tasmania,Acceleration of power-law,0.0,202
21082,2020-08-11,Tasmania,Growth Rate,0.08726003490401397,202
21083,2020-08-11,Tasmania,Days since first case,202.0,202
21084,2020-08-11,Tasmania,Average Growth Rate,39.71733344608294,202
21085,2020-08-11,Tasmania,Doubling time,8022.901356108754,202
21086,2020-08-11,Victoria,Total cases,15646.0,202
21087,2020-08-11,Victoria,Total cases per million,2460.449756250983,202
21088,2020-08-11,Victoria,New cases,395.0,202
21089,2020-08-11,Victoria,css_per_prsn,62.11668501336688,202
21090,2020-08-11,Victoria,New cases per week,2611.0,202
21091,2020-08-11,Victoria,log10(Total cases),4.194403325910006,202
21092,2020-08-11,Victoria,log10(New cases per week),3.4168068718229443,202
21093,2020-08-11,Victoria,Slope of power-law,-0.8482599747841079,202
21094,2020-08-11,Victoria,Acceleration of power-law,-52.35705292788153,202
21095,2020-08-11,Victoria,Growth Rate,2.3784694368682815,202
21096,2020-08-11,Victoria,Days since first case,202.0,202
21097,2020-08-11,Victoria,Average Growth Rate,0.24114360891857203,202
21098,2020-08-11,Victoria,Doubling time,48.71100900155155,202
21099,2020-08-11,Western Australia,Total cases,642.0,202
21100,2020-08-11,Western Australia,Total cases per million,247.97219003476246,202
21101,2020-08-11,Western Australia,New cases,0.0,202
21102,2020-08-11,Western Australia,css_per_prsn,0.0,202
21103,2020-08-11,Western Australia,New cases per week,-28.0,202
21104,2020-08-11,Western Australia,log10(Total cases),2.807535028068853,202
21105,2020-08-11,Western Australia,log10(New cases per week),0.0,202
21106,2020-08-11,Western Australia,Slope of power-law,0.0,202
21107,2020-08-11,Western Australia,Acceleration of power-law,0.0,202
21108,2020-08-11,Western Australia,Growth Rate,0.0,202
21109,2020-08-11,Western Australia,Days since first case,202.0,202
21110,2020-08-11,Western Australia,Average Growth Rate,-1.0242668891194244,202
21111,2020-08-11,Western Australia,Doubling time,-206.90191160212373,202
21112,2020-08-12,Australian Capital Territory,Total cases,113.0,203
21113,2020-08-12,Australian Capital Territory,Total cases per million,297.36842105263156,203
21114,2020-08-12,Australian Capital Territory,New cases,0.0,203
21115,2020-08-12,Australian Capital Territory,css_per_prsn,0.0,203
21116,2020-08-12,Australian Capital Territory,New cases per week,0.0,203
21117,2020-08-12,Australian Capital Territory,log10(Total cases),2.0530784434834195,203
21118,2020-08-12,Australian Capital Territory,log10(New cases per week),0.0,203
21119,2020-08-12,Australian Capital Territory,Slope of power-law,0.0,203
21120,2020-08-12,Australian Capital Territory,Acceleration of power-law,0.0,203
21121,2020-08-12,Australian Capital Territory,Growth Rate,0.0,203
21122,2020-08-12,Australian Capital Territory,Days since first case,203.0,203
21123,2020-08-12,Australian Capital Territory,Average Growth Rate,inf,203
21124,2020-08-12,Australian Capital Territory,Doubling time,inf,203
21125,2020-08-12,New South Wales,Total cases,3927.0,203
21126,2020-08-12,New South Wales,Total cases per million,520.5461293743373,203
21127,2020-08-12,New South Wales,New cases,12.0,203
21128,2020-08-12,New South Wales,css_per_prsn,1.5906680805938496,203
21129,2020-08-12,New South Wales,New cases per week,95.0,203
21130,2020-08-12,New South Wales,log10(Total cases),3.594060901270418,203
21131,2020-08-12,New South Wales,log10(New cases per week),1.9777236052888478,203
21132,2020-08-12,New South Wales,Slope of power-law,-4.890077302263136,203
21133,2020-08-12,New South Wales,Acceleration of power-law,735.8400652270653,203
21134,2020-08-12,New South Wales,Growth Rate,0.3902439024390244,203
21135,2020-08-12,New South Wales,Days since first case,203.0,203
21136,2020-08-12,New South Wales,Average Growth Rate,2.0888166488684607,203
21137,2020-08-12,New South Wales,Doubling time,424.02977972029754,203
21138,2020-08-12,Northern Territory,Total cases,33.0,203
21139,2020-08-12,Northern Territory,Total cases per million,135.07981989357347,203
21140,2020-08-12,Northern Territory,New cases,0.0,203
21141,2020-08-12,Northern Territory,css_per_prsn,0.0,203
21142,2020-08-12,Northern Territory,New cases per week,0.0,203
21143,2020-08-12,Northern Territory,log10(Total cases),1.5185139398778875,203
21144,2020-08-12,Northern Territory,log10(New cases per week),0.0,203
21145,2020-08-12,Northern Territory,Slope of power-law,-inf,203
21146,2020-08-12,Northern Territory,Acceleration of power-law,0.0,203
21147,2020-08-12,Northern Territory,Growth Rate,0.0,203
21148,2020-08-12,Northern Territory,Days since first case,203.0,203
21149,2020-08-12,Northern Territory,Average Growth Rate,inf,203
21150,2020-08-12,Northern Territory,Doubling time,inf,203
21151,2020-08-12,Queensland,Total cases,1089.0,203
21152,2020-08-12,Queensland,Total cases per million,214.75054229934926,203
21153,2020-08-12,Queensland,New cases,0.0,203
21154,2020-08-12,Queensland,css_per_prsn,0.0,203
21155,2020-08-12,Queensland,New cases per week,1.0,203
21156,2020-08-12,Queensland,log10(Total cases),3.037027879755775,203
21157,2020-08-12,Queensland,log10(New cases per week),0.0,203
21158,2020-08-12,Queensland,Slope of power-law,-597.0951051018906,203
21159,2020-08-12,Queensland,Acceleration of power-law,0.0,203
21160,2020-08-12,Queensland,Growth Rate,0.018368846436443792,203
21161,2020-08-12,Queensland,Days since first case,203.0,203
21162,2020-08-12,Queensland,Average Growth Rate,23.57133332346697,203
21163,2020-08-12,Queensland,Doubling time,4784.980664663794,203
21164,2020-08-12,South Australia,Total cases,459.0,203
21165,2020-08-12,South Australia,Total cases per million,273.7030411449016,203
21166,2020-08-12,South Australia,New cases,0.0,203
21167,2020-08-12,South Australia,css_per_prsn,0.0,203
21168,2020-08-12,South Australia,New cases per week,3.0,203
21169,2020-08-12,South Australia,log10(Total cases),2.661812685537261,203
21170,2020-08-12,South Australia,log10(New cases per week),0.47712125471966244,203
21171,2020-08-12,South Australia,Slope of power-law,-112.0590267413852,203
21172,2020-08-12,South Australia,Acceleration of power-law,-inf,203
21173,2020-08-12,South Australia,Growth Rate,0.0,203
21174,2020-08-12,South Australia,Days since first case,203.0,203
21175,2020-08-12,South Australia,Average Growth Rate,11.351336324981672,203
21176,2020-08-12,South Australia,Doubling time,2304.3212739712794,203
21177,2020-08-12,Tasmania,Total cases,230.0,203
21178,2020-08-12,Tasmania,Total cases per million,446.6019417475728,203
21179,2020-08-12,Tasmania,New cases,0.0,203
21180,2020-08-12,Tasmania,css_per_prsn,0.0,203
21181,2020-08-12,Tasmania,New cases per week,1.0,203
21182,2020-08-12,Tasmania,log10(Total cases),2.361727836017593,203
21183,2020-08-12,Tasmania,log10(New cases per week),0.0,203
21184,2020-08-12,Tasmania,Slope of power-law,0.0,203
21185,2020-08-12,Tasmania,Acceleration of power-law,0.0,203
21186,2020-08-12,Tasmania,Growth Rate,0.08718395815170009,203
21187,2020-08-12,Tasmania,Days since first case,203.0,203
21188,2020-08-12,Tasmania,Average Growth Rate,19.86732728419461,203
21189,2020-08-12,Tasmania,Doubling time,4033.0674386915057,203
21190,2020-08-12,Victoria,Total cases,15863.0,203
21191,2020-08-12,Victoria,Total cases per million,2494.5746186507313,203
21192,2020-08-12,Victoria,New cases,217.0,203
21193,2020-08-12,Victoria,css_per_prsn,34.12486239974839,203
21194,2020-08-12,Victoria,New cases per week,2394.0,203
21195,2020-08-12,Victoria,log10(Total cases),4.2003853242323865,203
21196,2020-08-12,Victoria,log10(New cases per week),3.379124146070392,203
21197,2020-08-12,Victoria,Slope of power-law,-1.0653068757119126,203
21198,2020-08-12,Victoria,Acceleration of power-law,-36.283343663899636,203
21199,2020-08-12,Victoria,Growth Rate,2.0687126846129673,203
21200,2020-08-12,Victoria,Days since first case,203.0,203
21201,2020-08-12,Victoria,Average Growth Rate,0.26785754522454397,203
21202,2020-08-12,Victoria,Doubling time,54.375081680582426,203
21203,2020-08-12,Western Australia,Total cases,644.0,203
21204,2020-08-12,Western Australia,Total cases per million,248.74468906913867,203
21205,2020-08-12,Western Australia,New cases,2.0,203
21206,2020-08-12,Western Australia,css_per_prsn,0.772499034376207,203
21207,2020-08-12,Western Australia,New cases per week,-26.0,203
21208,2020-08-12,Western Australia,log10(Total cases),2.808885867359812,203
21209,2020-08-12,Western Australia,log10(New cases per week),0.0,203
21210,2020-08-12,Western Australia,Slope of power-law,0.0,203
21211,2020-08-12,Western Australia,Acceleration of power-law,0.0,203
21212,2020-08-12,Western Australia,Growth Rate,0.06226650062266502,203
21213,2020-08-12,Western Australia,Days since first case,203.0,203
21214,2020-08-12,Western Australia,Average Growth Rate,-1.385497265312677,203
21215,2020-08-12,Western Australia,Doubling time,-281.2559448584734,203
21216,2020-08-13,Australian Capital Territory,Total cases,113.0,204
21217,2020-08-13,Australian Capital Territory,Total cases per million,297.36842105263156,204
21218,2020-08-13,Australian Capital Territory,New cases,0.0,204
21219,2020-08-13,Australian Capital Territory,css_per_prsn,0.0,204
21220,2020-08-13,Australian Capital Territory,New cases per week,0.0,204
21221,2020-08-13,Australian Capital Territory,log10(Total cases),2.0530784434834195,204
21222,2020-08-13,Australian Capital Territory,log10(New cases per week),0.0,204
21223,2020-08-13,Australian Capital Territory,Slope of power-law,0.0,204
21224,2020-08-13,Australian Capital Territory,Acceleration of power-law,0.0,204
21225,2020-08-13,Australian Capital Territory,Growth Rate,0.0,204
21226,2020-08-13,Australian Capital Territory,Days since first case,204.0,204
21227,2020-08-13,Australian Capital Territory,Average Growth Rate,inf,204
21228,2020-08-13,Australian Capital Territory,Doubling time,inf,204
21229,2020-08-13,New South Wales,Total cases,3936.0,204
21230,2020-08-13,New South Wales,Total cases per million,521.7391304347826,204
21231,2020-08-13,New South Wales,New cases,9.0,204
21232,2020-08-13,New South Wales,css_per_prsn,1.1930010604453871,204
21233,2020-08-13,New South Wales,New cases per week,94.0,204
21234,2020-08-13,New South Wales,log10(Total cases),3.595055089759304,204
21235,2020-08-13,New South Wales,log10(New cases per week),1.9731278535996986,204
21236,2020-08-13,New South Wales,Slope of power-law,-4.7924930051576515,204
21237,2020-08-13,New South Wales,Acceleration of power-law,98.15472437711614,204
21238,2020-08-13,New South Wales,Growth Rate,0.3836317135549872,204
21239,2020-08-13,New South Wales,Days since first case,204.0,204
21240,2020-08-13,New South Wales,Average Growth Rate,1.955756461697042,204
21241,2020-08-13,New South Wales,Doubling time,398.97431818619657,204
21242,2020-08-13,Northern Territory,Total cases,33.0,204
21243,2020-08-13,Northern Territory,Total cases per million,135.07981989357347,204
21244,2020-08-13,Northern Territory,New cases,0.0,204
21245,2020-08-13,Northern Territory,css_per_prsn,0.0,204
21246,2020-08-13,Northern Territory,New cases per week,0.0,204
21247,2020-08-13,Northern Territory,log10(Total cases),1.5185139398778875,204
21248,2020-08-13,Northern Territory,log10(New cases per week),0.0,204
21249,2020-08-13,Northern Territory,Slope of power-law,-inf,204
21250,2020-08-13,Northern Territory,Acceleration of power-law,0.0,204
21251,2020-08-13,Northern Territory,Growth Rate,0.0,204
21252,2020-08-13,Northern Territory,Days since first case,204.0,204
21253,2020-08-13,Northern Territory,Average Growth Rate,inf,204
21254,2020-08-13,Northern Territory,Doubling time,inf,204
21255,2020-08-13,Queensland,Total cases,1091.0,204
21256,2020-08-13,Queensland,Total cases per million,215.1449418260698,204
21257,2020-08-13,Queensland,New cases,2.0,204
21258,2020-08-13,Queensland,css_per_prsn,0.39439952672056794,204
21259,2020-08-13,Queensland,New cases per week,4.0,204
21260,2020-08-13,Queensland,log10(Total cases),3.037824750588342,204
21261,2020-08-13,Queensland,log10(New cases per week),0.6020599913279624,204
21262,2020-08-13,Queensland,Slope of power-law,-147.0483065363414,204
21263,2020-08-13,Queensland,Acceleration of power-law,564767.5635409268,204
21264,2020-08-13,Queensland,Growth Rate,0.05507618872774003,204
21265,2020-08-13,Queensland,Days since first case,204.0,204
21266,2020-08-13,Queensland,Average Growth Rate,23.58432744688986,204
21267,2020-08-13,Queensland,Doubling time,4811.202799165531,204
21268,2020-08-13,South Australia,Total cases,460.0,204
21269,2020-08-13,South Australia,Total cases per million,274.2993440667859,204
21270,2020-08-13,South Australia,New cases,1.0,204
21271,2020-08-13,South Australia,css_per_prsn,0.5963029218843172,204
21272,2020-08-13,South Australia,New cases per week,1.0,204
21273,2020-08-13,South Australia,log10(Total cases),2.662757831681574,204
21274,2020-08-13,South Australia,log10(New cases per week),0.0,204
21275,2020-08-13,South Australia,Slope of power-law,-351.91049954342816,204
21276,2020-08-13,South Australia,Acceleration of power-law,-253771.83649881254,204
21277,2020-08-13,South Australia,Growth Rate,0.04355400696864112,204
21278,2020-08-13,South Australia,Days since first case,204.0,204
21279,2020-08-13,South Australia,Average Growth Rate,13.251620079309838,204
21280,2020-08-13,South Australia,Doubling time,2703.330496179207,204
21281,2020-08-13,Tasmania,Total cases,230.0,204
21282,2020-08-13,Tasmania,Total cases per million,446.6019417475728,204
21283,2020-08-13,Tasmania,New cases,0.0,204
21284,2020-08-13,Tasmania,css_per_prsn,0.0,204
21285,2020-08-13,Tasmania,New cases per week,1.0,204
21286,2020-08-13,Tasmania,log10(Total cases),2.361727836017593,204
21287,2020-08-13,Tasmania,log10(New cases per week),0.0,204
21288,2020-08-13,Tasmania,Slope of power-law,0.0,204
21289,2020-08-13,Tasmania,Acceleration of power-law,0.0,204
21290,2020-08-13,Tasmania,Growth Rate,0.08710801393728224,204
21291,2020-08-13,Tasmania,Days since first case,204.0,204
21292,2020-08-13,Tasmania,Average Growth Rate,13.25065688711184,204
21293,2020-08-13,Tasmania,Doubling time,2703.134004970815,204
21294,2020-08-13,Victoria,Total cases,16234.0,204
21295,2020-08-13,Victoria,Total cases per million,2552.917125334172,204
21296,2020-08-13,Victoria,New cases,371.0,204
21297,2020-08-13,Victoria,css_per_prsn,58.342506683440796,204
21298,2020-08-13,Victoria,New cases per week,2367.0,204
21299,2020-08-13,Victoria,log10(Total cases),4.2104255416310865,204
21300,2020-08-13,Victoria,log10(New cases per week),3.374198257929083,204
21301,2020-08-13,Victoria,Slope of power-law,-1.1943466793752007,204
21302,2020-08-13,Victoria,Acceleration of power-law,-12.852291792008037,204
21303,2020-08-13,Victoria,Growth Rate,2.020500057728573,204
21304,2020-08-13,Victoria,Days since first case,204.0,204
21305,2020-08-13,Victoria,Average Growth Rate,0.29860760532234437,204
21306,2020-08-13,Victoria,Doubling time,60.91595148575825,204
21307,2020-08-13,Western Australia,Total cases,645.0,204
21308,2020-08-13,Western Australia,Total cases per million,249.13093858632678,204
21309,2020-08-13,Western Australia,New cases,1.0,204
21310,2020-08-13,Western Australia,css_per_prsn,0.3862495171881035,204
21311,2020-08-13,Western Australia,New cases per week,3.0,204
21312,2020-08-13,Western Australia,log10(Total cases),2.8095597146352675,204
21313,2020-08-13,Western Australia,log10(New cases per week),0.47712125471966244,204
21314,2020-08-13,Western Australia,Slope of power-law,32.95509013050734,204
21315,2020-08-13,Western Australia,Acceleration of power-law,0.0,204
21316,2020-08-13,Western Australia,Growth Rate,0.09331259720062207,204
21317,2020-08-13,Western Australia,Days since first case,204.0,204
21318,2020-08-13,Western Australia,Average Growth Rate,-2.1915253141324027,204
21319,2020-08-13,Western Australia,Doubling time,-447.07116408301016,204
21320,2020-08-14,Australian Capital Territory,Total cases,113.0,205
21321,2020-08-14,Australian Capital Territory,Total cases per million,297.36842105263156,205
21322,2020-08-14,Australian Capital Territory,New cases,0.0,205
21323,2020-08-14,Australian Capital Territory,css_per_prsn,0.0,205
21324,2020-08-14,Australian Capital Territory,New cases per week,0.0,205
21325,2020-08-14,Australian Capital Territory,log10(Total cases),2.0530784434834195,205
21326,2020-08-14,Australian Capital Territory,log10(New cases per week),0.0,205
21327,2020-08-14,Australian Capital Territory,Slope of power-law,0.0,205
21328,2020-08-14,Australian Capital Territory,Acceleration of power-law,0.0,205
21329,2020-08-14,Australian Capital Territory,Growth Rate,0.0,205
21330,2020-08-14,Australian Capital Territory,Days since first case,205.0,205
21331,2020-08-14,Australian Capital Territory,Average Growth Rate,inf,205
21332,2020-08-14,Australian Capital Territory,Doubling time,inf,205
21333,2020-08-14,New South Wales,Total cases,3945.0,205
21334,2020-08-14,New South Wales,Total cases per million,522.9321314952281,205
21335,2020-08-14,New South Wales,New cases,9.0,205
21336,2020-08-14,New South Wales,css_per_prsn,1.1930010604453871,205
21337,2020-08-14,New South Wales,New cases per week,94.0,205
21338,2020-08-14,New South Wales,log10(Total cases),3.596047007545439,205
21339,2020-08-14,New South Wales,log10(New cases per week),1.9731278535996986,205
21340,2020-08-14,New South Wales,Slope of power-law,-2.5367004877008945,205
21341,2020-08-14,New South Wales,Acceleration of power-law,2274.1728689494626,205
21342,2020-08-14,New South Wales,Growth Rate,0.3567787971457696,205
21343,2020-08-14,New South Wales,Days since first case,205.0,205
21344,2020-08-14,New South Wales,Average Growth Rate,1.8801831782615979,205
21345,2020-08-14,New South Wales,Doubling time,385.43755154362754,205
21346,2020-08-14,Northern Territory,Total cases,33.0,205
21347,2020-08-14,Northern Territory,Total cases per million,135.07981989357347,205
21348,2020-08-14,Northern Territory,New cases,0.0,205
21349,2020-08-14,Northern Territory,css_per_prsn,0.0,205
21350,2020-08-14,Northern Territory,New cases per week,0.0,205
21351,2020-08-14,Northern Territory,log10(Total cases),1.5185139398778875,205
21352,2020-08-14,Northern Territory,log10(New cases per week),0.0,205
21353,2020-08-14,Northern Territory,Slope of power-law,-inf,205
21354,2020-08-14,Northern Territory,Acceleration of power-law,0.0,205
21355,2020-08-14,Northern Territory,Growth Rate,0.0,205
21356,2020-08-14,Northern Territory,Days since first case,205.0,205
21357,2020-08-14,Northern Territory,Average Growth Rate,inf,205
21358,2020-08-14,Northern Territory,Doubling time,inf,205
21359,2020-08-14,Queensland,Total cases,1091.0,205
21360,2020-08-14,Queensland,Total cases per million,215.1449418260698,205
21361,2020-08-14,Queensland,New cases,0.0,205
21362,2020-08-14,Queensland,css_per_prsn,0.0,205
21363,2020-08-14,Queensland,New cases per week,3.0,205
21364,2020-08-14,Queensland,log10(Total cases),3.037824750588342,205
21365,2020-08-14,Queensland,log10(New cases per week),0.47712125471966244,205
21366,2020-08-14,Queensland,Slope of power-law,-437.2425138370158,205
21367,2020-08-14,Queensland,Acceleration of power-law,-inf,205
21368,2020-08-14,Queensland,Growth Rate,0.03670398238208846,205
21369,2020-08-14,Queensland,Days since first case,205.0,205
21370,2020-08-14,Queensland,Average Growth Rate,20.969836351281394,205
21371,2020-08-14,Queensland,Doubling time,4298.816452012686,205
21372,2020-08-14,South Australia,Total cases,460.0,205
21373,2020-08-14,South Australia,Total cases per million,274.2993440667859,205
21374,2020-08-14,South Australia,New cases,0.0,205
21375,2020-08-14,South Australia,css_per_prsn,0.0,205
21376,2020-08-14,South Australia,New cases per week,1.0,205
21377,2020-08-14,South Australia,log10(Total cases),2.662757831681574,205
21378,2020-08-14,South Australia,log10(New cases per week),0.0,205
21379,2020-08-14,South Australia,Slope of power-law,-335.80795818236726,205
21380,2020-08-14,South Australia,Acceleration of power-law,inf,205
21381,2020-08-14,South Australia,Growth Rate,0.043535045711798004,205
21382,2020-08-14,South Australia,Days since first case,205.0,205
21383,2020-08-14,South Australia,Average Growth Rate,15.911884745045947,205
21384,2020-08-14,South Australia,Doubling time,3261.9363727344194,205
21385,2020-08-14,Tasmania,Total cases,230.0,205
21386,2020-08-14,Tasmania,Total cases per million,446.6019417475728,205
21387,2020-08-14,Tasmania,New cases,0.0,205
21388,2020-08-14,Tasmania,css_per_prsn,0.0,205
21389,2020-08-14,Tasmania,New cases per week,1.0,205
21390,2020-08-14,Tasmania,log10(Total cases),2.361727836017593,205
21391,2020-08-14,Tasmania,log10(New cases per week),0.0,205
21392,2020-08-14,Tasmania,Slope of power-law,0.0,205
21393,2020-08-14,Tasmania,Acceleration of power-law,0.0,205
21394,2020-08-14,Tasmania,Growth Rate,0.08703220191470844,205
21395,2020-08-14,Tasmania,Days since first case,205.0,205
21396,2020-08-14,Tasmania,Average Growth Rate,9.942320432872258,205
21397,2020-08-14,Tasmania,Doubling time,2038.1756887388128,205
21398,2020-08-14,Victoria,Total cases,16517.0,205
21399,2020-08-14,Victoria,Total cases per million,2597.4209781412173,205
21400,2020-08-14,Victoria,New cases,283.0,205
21401,2020-08-14,Victoria,css_per_prsn,44.503852807045135,205
21402,2020-08-14,Victoria,New cases per week,2234.0,205
21403,2020-08-14,Victoria,log10(Total cases),4.21793116878578,205
21404,2020-08-14,Victoria,log10(New cases per week),3.34908316877959,205
21405,2020-08-14,Victoria,Slope of power-law,-2.166327480354104,205
21406,2020-08-14,Victoria,Acceleration of power-law,-129.50027771777604,205
21407,2020-08-14,Victoria,Growth Rate,1.9619926802580776,205
21408,2020-08-14,Victoria,Days since first case,205.0,205
21409,2020-08-14,Victoria,Average Growth Rate,0.31882901281560694,205
21410,2020-08-14,Victoria,Doubling time,65.35994762719942,205
21411,2020-08-14,Western Australia,Total cases,646.0,205
21412,2020-08-14,Western Australia,Total cases per million,249.51718810351488,205
21413,2020-08-14,Western Australia,New cases,1.0,205
21414,2020-08-14,Western Australia,css_per_prsn,0.3862495171881035,205
21415,2020-08-14,Western Australia,New cases per week,4.0,205
21416,2020-08-14,Western Australia,log10(Total cases),2.8102325179950842,205
21417,2020-08-14,Western Australia,log10(New cases per week),0.6020599913279624,205
21418,2020-08-14,Western Australia,Slope of power-law,22.230538375800663,205
21419,2020-08-14,Western Australia,Acceleration of power-law,-15940.098393130611,205
21420,2020-08-14,Western Australia,Growth Rate,0.12426219322771048,205
21421,2020-08-14,Western Australia,Days since first case,205.0,205
21422,2020-08-14,Western Australia,Average Growth Rate,-5.850006274348609,205
21423,2020-08-14,Western Australia,Doubling time,-1199.2512862414649,205
21424,2020-08-15,Australian Capital Territory,Total cases,113.0,206
21425,2020-08-15,Australian Capital Territory,Total cases per million,297.36842105263156,206
21426,2020-08-15,Australian Capital Territory,New cases,0.0,206
21427,2020-08-15,Australian Capital Territory,css_per_prsn,0.0,206
21428,2020-08-15,Australian Capital Territory,New cases per week,0.0,206
21429,2020-08-15,Australian Capital Territory,log10(Total cases),2.0530784434834195,206
21430,2020-08-15,Australian Capital Territory,log10(New cases per week),0.0,206
21431,2020-08-15,Australian Capital Territory,Slope of power-law,0.0,206
21432,2020-08-15,Australian Capital Territory,Acceleration of power-law,0.0,206
21433,2020-08-15,Australian Capital Territory,Growth Rate,0.0,206
21434,2020-08-15,Australian Capital Territory,Days since first case,206.0,206
21435,2020-08-15,Australian Capital Territory,Average Growth Rate,inf,206
21436,2020-08-15,Australian Capital Territory,Doubling time,inf,206
21437,2020-08-15,New South Wales,Total cases,3950.0,206
21438,2020-08-15,New South Wales,Total cases per million,523.5949098621421,206
21439,2020-08-15,New South Wales,New cases,5.0,206
21440,2020-08-15,New South Wales,css_per_prsn,0.662778366914104,206
21441,2020-08-15,New South Wales,New cases per week,89.0,206
21442,2020-08-15,New South Wales,log10(Total cases),3.59659709562646,206
21443,2020-08-15,New South Wales,log10(New cases per week),1.9493900066449128,206
21444,2020-08-15,New South Wales,Slope of power-law,-2.4963738898417644,206
21445,2020-08-15,New South Wales,Acceleration of power-law,73.30934672183227,206
21446,2020-08-15,New South Wales,Growth Rate,0.2694047679560819,206
21447,2020-08-15,New South Wales,Days since first case,206.0,206
21448,2020-08-15,New South Wales,Average Growth Rate,1.9510244437336959,206
21449,2020-08-15,New South Wales,Doubling time,401.91103540914133,206
21450,2020-08-15,Northern Territory,Total cases,33.0,206
21451,2020-08-15,Northern Territory,Total cases per million,135.07981989357347,206
21452,2020-08-15,Northern Territory,New cases,0.0,206
21453,2020-08-15,Northern Territory,css_per_prsn,0.0,206
21454,2020-08-15,Northern Territory,New cases per week,0.0,206
21455,2020-08-15,Northern Territory,log10(Total cases),1.5185139398778875,206
21456,2020-08-15,Northern Territory,log10(New cases per week),0.0,206
21457,2020-08-15,Northern Territory,Slope of power-law,-inf,206
21458,2020-08-15,Northern Territory,Acceleration of power-law,0.0,206
21459,2020-08-15,Northern Territory,Growth Rate,0.0,206
21460,2020-08-15,Northern Territory,Days since first case,206.0,206
21461,2020-08-15,Northern Territory,Average Growth Rate,inf,206
21462,2020-08-15,Northern Territory,Doubling time,inf,206
21463,2020-08-15,Queensland,Total cases,1091.0,206
21464,2020-08-15,Queensland,Total cases per million,215.1449418260698,206
21465,2020-08-15,Queensland,New cases,0.0,206
21466,2020-08-15,Queensland,css_per_prsn,0.0,206
21467,2020-08-15,Queensland,New cases per week,3.0,206
21468,2020-08-15,Queensland,log10(Total cases),3.037824750588342,206
21469,2020-08-15,Queensland,log10(New cases per week),0.47712125471966244,206
21470,2020-08-15,Queensland,Slope of power-law,-251.72779202164037,206
21471,2020-08-15,Queensland,Acceleration of power-law,inf,206
21472,2020-08-15,Queensland,Growth Rate,0.0366905155017428,206
21473,2020-08-15,Queensland,Days since first case,206.0,206
21474,2020-08-15,Queensland,Average Growth Rate,18.878204888438972,206
21475,2020-08-15,Queensland,Doubling time,3888.910207018428,206
21476,2020-08-15,South Australia,Total cases,460.0,206
21477,2020-08-15,South Australia,Total cases per million,274.2993440667859,206
21478,2020-08-15,South Australia,New cases,0.0,206
21479,2020-08-15,South Australia,css_per_prsn,0.0,206
21480,2020-08-15,South Australia,New cases per week,1.0,206
21481,2020-08-15,South Australia,log10(Total cases),2.662757831681574,206
21482,2020-08-15,South Australia,log10(New cases per week),0.0,206
21483,2020-08-15,South Australia,Slope of power-law,-238.09454309285346,206
21484,2020-08-15,South Australia,Acceleration of power-law,inf,206
21485,2020-08-15,South Australia,Growth Rate,0.04351610095735422,206
21486,2020-08-15,South Australia,Days since first case,206.0,206
21487,2020-08-15,South Australia,Average Growth Rate,26.535981209520656,206
21488,2020-08-15,South Australia,Doubling time,5466.4121291612555,206
21489,2020-08-15,Tasmania,Total cases,230.0,206
21490,2020-08-15,Tasmania,Total cases per million,446.6019417475728,206
21491,2020-08-15,Tasmania,New cases,0.0,206
21492,2020-08-15,Tasmania,css_per_prsn,0.0,206
21493,2020-08-15,Tasmania,New cases per week,1.0,206
21494,2020-08-15,Tasmania,log10(Total cases),2.361727836017593,206
21495,2020-08-15,Tasmania,log10(New cases per week),0.0,206
21496,2020-08-15,Tasmania,Slope of power-law,0.0,206
21497,2020-08-15,Tasmania,Acceleration of power-law,0.0,206
21498,2020-08-15,Tasmania,Growth Rate,0.08695652173913043,206
21499,2020-08-15,Tasmania,Days since first case,206.0,206
21500,2020-08-15,Tasmania,Average Growth Rate,7.9573175570804136,206
21501,2020-08-15,Tasmania,Doubling time,1639.2074167585652,206
21502,2020-08-15,Victoria,Total cases,16764.0,206
21503,2020-08-15,Victoria,Total cases per million,2636.263563453373,206
21504,2020-08-15,Victoria,New cases,247.0,206
21505,2020-08-15,Victoria,css_per_prsn,38.842585312156,206
21506,2020-08-15,Victoria,New cases per week,2105.0,206
21507,2020-08-15,Victoria,log10(Total cases),4.224377652161807,206
21508,2020-08-15,Victoria,log10(New cases per week),3.323252100171687,206
21509,2020-08-15,Victoria,Slope of power-law,-2.2853246946298538,206
21510,2020-08-15,Victoria,Acceleration of power-law,-18.45924472841714,206
21511,2020-08-15,Victoria,Growth Rate,1.86734794628752,206
21512,2020-08-15,Victoria,Days since first case,206.0,206
21513,2020-08-15,Victoria,Average Growth Rate,0.33657650062332245,206
21514,2020-08-15,Victoria,Doubling time,69.33475912840443,206
21515,2020-08-15,Western Australia,Total cases,646.0,206
21516,2020-08-15,Western Australia,Total cases per million,249.51718810351488,206
21517,2020-08-15,Western Australia,New cases,0.0,206
21518,2020-08-15,Western Australia,css_per_prsn,0.0,206
21519,2020-08-15,Western Australia,New cases per week,4.0,206
21520,2020-08-15,Western Australia,log10(Total cases),2.8102325179950842,206
21521,2020-08-15,Western Australia,log10(New cases per week),0.6020599913279624,206
21522,2020-08-15,Western Australia,Slope of power-law,22.230538375800663,206
21523,2020-08-15,Western Australia,Acceleration of power-law,0.0,206
21524,2020-08-15,Western Australia,Growth Rate,0.12410797393732549,206
21525,2020-08-15,Western Australia,Days since first case,206.0,206
21526,2020-08-15,Western Australia,Average Growth Rate,8.579631659683802,206
21527,2020-08-15,Western Australia,Doubling time,1767.4041218948632,206
21528,2020-08-16,Australian Capital Territory,Total cases,113.0,207
21529,2020-08-16,Australian Capital Territory,Total cases per million,297.36842105263156,207
21530,2020-08-16,Australian Capital Territory,New cases,0.0,207
21531,2020-08-16,Australian Capital Territory,css_per_prsn,0.0,207
21532,2020-08-16,Australian Capital Territory,New cases per week,0.0,207
21533,2020-08-16,Australian Capital Territory,log10(Total cases),2.0530784434834195,207
21534,2020-08-16,Australian Capital Territory,log10(New cases per week),0.0,207
21535,2020-08-16,Australian Capital Territory,Slope of power-law,0.0,207
21536,2020-08-16,Australian Capital Territory,Acceleration of power-law,0.0,207
21537,2020-08-16,Australian Capital Territory,Growth Rate,0.0,207
21538,2020-08-16,Australian Capital Territory,Days since first case,207.0,207
21539,2020-08-16,Australian Capital Territory,Average Growth Rate,inf,207
21540,2020-08-16,Australian Capital Territory,Doubling time,inf,207
21541,2020-08-16,New South Wales,Total cases,3957.0,207
21542,2020-08-16,New South Wales,Total cases per million,524.5227995758219,207
21543,2020-08-16,New South Wales,New cases,7.0,207
21544,2020-08-16,New South Wales,css_per_prsn,0.9278897136797456,207
21545,2020-08-16,New South Wales,New cases per week,82.0,207
21546,2020-08-16,New South Wales,log10(Total cases),3.597366050266028,207
21547,2020-08-16,New South Wales,log10(New cases per week),1.9138138523837167,207
21548,2020-08-16,New South Wales,Slope of power-law,-1.6148879611538576,207
21549,2020-08-16,New South Wales,Acceleration of power-law,1146.3432084673389,207
21550,2020-08-16,New South Wales,Growth Rate,0.2130357595739285,207
21551,2020-08-16,New South Wales,Days since first case,207.0,207
21552,2020-08-16,New South Wales,Average Growth Rate,2.1485008820129896,207
21553,2020-08-16,New South Wales,Doubling time,444.73968257668884,207
21554,2020-08-16,Northern Territory,Total cases,33.0,207
21555,2020-08-16,Northern Territory,Total cases per million,135.07981989357347,207
21556,2020-08-16,Northern Territory,New cases,0.0,207
21557,2020-08-16,Northern Territory,css_per_prsn,0.0,207
21558,2020-08-16,Northern Territory,New cases per week,0.0,207
21559,2020-08-16,Northern Territory,log10(Total cases),1.5185139398778875,207
21560,2020-08-16,Northern Territory,log10(New cases per week),0.0,207
21561,2020-08-16,Northern Territory,Slope of power-law,-inf,207
21562,2020-08-16,Northern Territory,Acceleration of power-law,0.0,207
21563,2020-08-16,Northern Territory,Growth Rate,0.0,207
21564,2020-08-16,Northern Territory,Days since first case,207.0,207
21565,2020-08-16,Northern Territory,Average Growth Rate,inf,207
21566,2020-08-16,Northern Territory,Doubling time,inf,207
21567,2020-08-16,Queensland,Total cases,1091.0,207
21568,2020-08-16,Queensland,Total cases per million,215.1449418260698,207
21569,2020-08-16,Queensland,New cases,0.0,207
21570,2020-08-16,Queensland,css_per_prsn,0.0,207
21571,2020-08-16,Queensland,New cases per week,2.0,207
21572,2020-08-16,Queensland,log10(Total cases),3.037824750588342,207
21573,2020-08-16,Queensland,log10(New cases per week),0.3010299956639812,207
21574,2020-08-16,Queensland,Slope of power-law,-188.7091077410278,207
21575,2020-08-16,Queensland,Acceleration of power-law,inf,207
21576,2020-08-16,Queensland,Growth Rate,0.036677058499908315,207
21577,2020-08-16,Queensland,Days since first case,207.0,207
21578,2020-08-16,Queensland,Average Growth Rate,18.885136616625793,207
21579,2020-08-16,Queensland,Doubling time,3909.223279641539,207
21580,2020-08-16,South Australia,Total cases,461.0,207
21581,2020-08-16,South Australia,Total cases per million,274.89564698867025,207
21582,2020-08-16,South Australia,New cases,1.0,207
21583,2020-08-16,South Australia,css_per_prsn,0.5963029218843172,207
21584,2020-08-16,South Australia,New cases per week,2.0,207
21585,2020-08-16,South Australia,log10(Total cases),2.663700925389648,207
21586,2020-08-16,South Australia,log10(New cases per week),0.3010299956639812,207
21587,2020-08-16,South Australia,Slope of power-law,-370.17013672942034,207
21588,2020-08-16,South Australia,Acceleration of power-law,-140045.03741868757,207
21589,2020-08-16,South Australia,Growth Rate,0.08695652173913043,207
21590,2020-08-16,South Australia,Days since first case,207.0,207
21591,2020-08-16,South Australia,Average Growth Rate,15.929900782364163,207
21592,2020-08-16,South Australia,Doubling time,3297.4894619493816,207
21593,2020-08-16,Tasmania,Total cases,230.0,207
21594,2020-08-16,Tasmania,Total cases per million,446.6019417475728,207
21595,2020-08-16,Tasmania,New cases,0.0,207
21596,2020-08-16,Tasmania,css_per_prsn,0.0,207
21597,2020-08-16,Tasmania,New cases per week,1.0,207
21598,2020-08-16,Tasmania,log10(Total cases),2.361727836017593,207
21599,2020-08-16,Tasmania,log10(New cases per week),0.0,207
21600,2020-08-16,Tasmania,Slope of power-law,0.0,207
21601,2020-08-16,Tasmania,Acceleration of power-law,0.0,207
21602,2020-08-16,Tasmania,Growth Rate,0.0,207
21603,2020-08-16,Tasmania,Days since first case,207.0,207
21604,2020-08-16,Tasmania,Average Growth Rate,9.95098478084719,207
21605,2020-08-16,Tasmania,Doubling time,2059.853849635368,207
21606,2020-08-16,Victoria,Total cases,17027.0,207
21607,2020-08-16,Victoria,Total cases per million,2677.6222676521465,207
21608,2020-08-16,Victoria,New cases,263.0,207
21609,2020-08-16,Victoria,css_per_prsn,41.358704198773395,207
21610,2020-08-16,Victoria,New cases per week,2070.0,207
21611,2020-08-16,Victoria,log10(Total cases),4.2311381360297196,207
21612,2020-08-16,Victoria,log10(New cases per week),3.315970345456918,207
21613,2020-08-16,Victoria,Slope of power-law,-2.257014772783256,207
21614,2020-08-16,Victoria,Acceleration of power-law,4.187558523875074,207
21615,2020-08-16,Victoria,Growth Rate,1.6758691826952248,207
21616,2020-08-16,Victoria,Days since first case,207.0,207
21617,2020-08-16,Victoria,Average Growth Rate,0.36122402199474896,207
21618,2020-08-16,Victoria,Doubling time,74.77337255291303,207
21619,2020-08-16,Western Australia,Total cases,646.0,207
21620,2020-08-16,Western Australia,Total cases per million,249.51718810351488,207
21621,2020-08-16,Western Australia,New cases,0.0,207
21622,2020-08-16,Western Australia,css_per_prsn,0.0,207
21623,2020-08-16,Western Australia,New cases per week,4.0,207
21624,2020-08-16,Western Australia,log10(Total cases),2.8102325179950842,207
21625,2020-08-16,Western Australia,log10(New cases per week),0.6020599913279624,207
21626,2020-08-16,Western Australia,Slope of power-law,0.0,207
21627,2020-08-16,Western Australia,Acceleration of power-law,0.0,207
21628,2020-08-16,Western Australia,Growth Rate,0.12395413696932135,207
21629,2020-08-16,Western Australia,Days since first case,207.0,207
21630,2020-08-16,Western Australia,Average Growth Rate,6.5650948449047215,207
21631,2020-08-16,Western Australia,Doubling time,1358.9746328952774,207
21632,2020-08-17,Australian Capital Territory,Total cases,113.0,208
21633,2020-08-17,Australian Capital Territory,Total cases per million,297.36842105263156,208
21634,2020-08-17,Australian Capital Territory,New cases,0.0,208
21635,2020-08-17,Australian Capital Territory,css_per_prsn,0.0,208
21636,2020-08-17,Australian Capital Territory,New cases per week,0.0,208
21637,2020-08-17,Australian Capital Territory,log10(Total cases),2.0530784434834195,208
21638,2020-08-17,Australian Capital Territory,log10(New cases per week),0.0,208
21639,2020-08-17,Australian Capital Territory,Slope of power-law,0.0,208
21640,2020-08-17,Australian Capital Territory,Acceleration of power-law,0.0,208
21641,2020-08-17,Australian Capital Territory,Growth Rate,0.0,208
21642,2020-08-17,Australian Capital Territory,Days since first case,208.0,208
21643,2020-08-17,Australian Capital Territory,Average Growth Rate,inf,208
21644,2020-08-17,Australian Capital Territory,Doubling time,inf,208
21645,2020-08-17,New South Wales,Total cases,3959.0,208
21646,2020-08-17,New South Wales,Total cases per million,524.7879109225876,208
21647,2020-08-17,New South Wales,New cases,2.0,208
21648,2020-08-17,New South Wales,css_per_prsn,0.2651113467656416,208
21649,2020-08-17,New South Wales,New cases per week,62.0,208
21650,2020-08-17,New South Wales,log10(Total cases),3.5975855017522047,208
21651,2020-08-17,New South Wales,log10(New cases per week),1.792391689498254,208
21652,2020-08-17,New South Wales,Slope of power-law,-8.30028748105607,208
21653,2020-08-17,New South Wales,Acceleration of power-law,-30464.13417548871,208
21654,2020-08-17,New South Wales,Growth Rate,0.1620499316351851,208
21655,2020-08-17,New South Wales,Days since first case,208.0,208
21656,2020-08-17,New South Wales,Average Growth Rate,2.5025153265183984,208
21657,2020-08-17,New South Wales,Doubling time,520.5231879158268,208
21658,2020-08-17,Northern Territory,Total cases,33.0,208
21659,2020-08-17,Northern Territory,Total cases per million,135.07981989357347,208
21660,2020-08-17,Northern Territory,New cases,0.0,208
21661,2020-08-17,Northern Territory,css_per_prsn,0.0,208
21662,2020-08-17,Northern Territory,New cases per week,0.0,208
21663,2020-08-17,Northern Territory,log10(Total cases),1.5185139398778875,208
21664,2020-08-17,Northern Territory,log10(New cases per week),0.0,208
21665,2020-08-17,Northern Territory,Slope of power-law,0.0,208
21666,2020-08-17,Northern Territory,Acceleration of power-law,0.0,208
21667,2020-08-17,Northern Territory,Growth Rate,0.0,208
21668,2020-08-17,Northern Territory,Days since first case,208.0,208
21669,2020-08-17,Northern Territory,Average Growth Rate,inf,208
21670,2020-08-17,Northern Territory,Doubling time,inf,208
21671,2020-08-17,Queensland,Total cases,1091.0,208
21672,2020-08-17,Queensland,Total cases per million,215.1449418260698,208
21673,2020-08-17,Queensland,New cases,0.0,208
21674,2020-08-17,Queensland,css_per_prsn,0.0,208
21675,2020-08-17,Queensland,New cases per week,2.0,208
21676,2020-08-17,Queensland,log10(Total cases),3.037824750588342,208
21677,2020-08-17,Queensland,log10(New cases per week),0.3010299956639812,208
21678,2020-08-17,Queensland,Slope of power-law,-251.72779202164037,208
21679,2020-08-17,Queensland,Acceleration of power-law,-inf,208
21680,2020-08-17,Queensland,Growth Rate,0.03666361136571952,208
21681,2020-08-17,Queensland,Days since first case,208.0,208
21682,2020-08-17,Queensland,Average Growth Rate,17.173146067186668,208
21683,2020-08-17,Queensland,Doubling time,3572.014381974827,208
21684,2020-08-17,South Australia,Total cases,462.0,208
21685,2020-08-17,South Australia,Total cases per million,275.4919499105546,208
21686,2020-08-17,South Australia,New cases,1.0,208
21687,2020-08-17,South Australia,css_per_prsn,0.5963029218843172,208
21688,2020-08-17,South Australia,New cases per week,3.0,208
21689,2020-08-17,South Australia,log10(Total cases),2.6646419755561257,208
21690,2020-08-17,South Australia,log10(New cases per week),0.47712125471966244,208
21691,2020-08-17,South Australia,Slope of power-law,-150.55675785517823,208
21692,2020-08-17,South Australia,Acceleration of power-law,233370.53294006485,208
21693,2020-08-17,South Australia,Growth Rate,0.13026487190620928,208
21694,2020-08-17,South Australia,Days since first case,208.0,208
21695,2020-08-17,South Australia,Average Growth Rate,9.963977533831937,208
21696,2020-08-17,South Australia,Doubling time,2072.507327037043,208
21697,2020-08-17,Tasmania,Total cases,230.0,208
21698,2020-08-17,Tasmania,Total cases per million,446.6019417475728,208
21699,2020-08-17,Tasmania,New cases,0.0,208
21700,2020-08-17,Tasmania,css_per_prsn,0.0,208
21701,2020-08-17,Tasmania,New cases per week,1.0,208
21702,2020-08-17,Tasmania,log10(Total cases),2.361727836017593,208
21703,2020-08-17,Tasmania,log10(New cases per week),0.0,208
21704,2020-08-17,Tasmania,Slope of power-law,0.0,208
21705,2020-08-17,Tasmania,Acceleration of power-law,0.0,208
21706,2020-08-17,Tasmania,Growth Rate,0.0,208
21707,2020-08-17,Tasmania,Days since first case,208.0,208
21708,2020-08-17,Tasmania,Average Growth Rate,13.273761804818225,208
21709,2020-08-17,Tasmania,Doubling time,2760.9424554021907,208
21710,2020-08-17,Victoria,Total cases,17238.0,208
21711,2020-08-17,Victoria,Total cases per million,2710.8035854694135,208
21712,2020-08-17,Victoria,New cases,211.0,208
21713,2020-08-17,Victoria,css_per_prsn,33.181317817266866,208
21714,2020-08-17,Victoria,New cases per week,1987.0,208
21715,2020-08-17,Victoria,log10(Total cases),4.236486876375591,208
21716,2020-08-17,Victoria,log10(New cases per week),3.298197867109815,208
21717,2020-08-17,Victoria,Slope of power-law,-2.7808652058142758,208
21718,2020-08-17,Victoria,Acceleration of power-law,-97.93902847338073,208
21719,2020-08-17,Victoria,Growth Rate,1.6412031511100502,208
21720,2020-08-17,Victoria,Days since first case,208.0,208
21721,2020-08-17,Victoria,Average Growth Rate,0.3780701197845342,208
21722,2020-08-17,Victoria,Doubling time,78.63858491518312,208
21723,2020-08-17,Western Australia,Total cases,647.0,208
21724,2020-08-17,Western Australia,Total cases per million,249.903437620703,208
21725,2020-08-17,Western Australia,New cases,1.0,208
21726,2020-08-17,Western Australia,css_per_prsn,0.3862495171881035,208
21727,2020-08-17,Western Australia,New cases per week,5.0,208
21728,2020-08-17,Western Australia,log10(Total cases),2.8109042806687006,208
21729,2020-08-17,Western Australia,log10(New cases per week),0.6989700043360189,208
21730,2020-08-17,Western Australia,Slope of power-law,0.0,208
21731,2020-08-17,Western Australia,Acceleration of power-law,0.0,208
21732,2020-08-17,Western Australia,Growth Rate,0.09287925696594426,208
21733,2020-08-17,Western Australia,Days since first case,208.0,208
21734,2020-08-17,Western Australia,Average Growth Rate,6.205256287200351,208
21735,2020-08-17,Western Australia,Doubling time,1290.693307737673,208
21736,2020-08-18,Australian Capital Territory,Total cases,113.0,209
21737,2020-08-18,Australian Capital Territory,Total cases per million,297.36842105263156,209
21738,2020-08-18,Australian Capital Territory,New cases,0.0,209
21739,2020-08-18,Australian Capital Territory,css_per_prsn,0.0,209
21740,2020-08-18,Australian Capital Territory,New cases per week,0.0,209
21741,2020-08-18,Australian Capital Territory,log10(Total cases),2.0530784434834195,209
21742,2020-08-18,Australian Capital Territory,log10(New cases per week),0.0,209
21743,2020-08-18,Australian Capital Territory,Slope of power-law,0.0,209
21744,2020-08-18,Australian Capital Territory,Acceleration of power-law,0.0,209
21745,2020-08-18,Australian Capital Territory,Growth Rate,0.0,209
21746,2020-08-18,Australian Capital Territory,Days since first case,209.0,209
21747,2020-08-18,Australian Capital Territory,Average Growth Rate,inf,209
21748,2020-08-18,Australian Capital Territory,Doubling time,inf,209
21749,2020-08-18,New South Wales,Total cases,3966.0,209
21750,2020-08-18,New South Wales,Total cases per million,525.7158006362672,209
21751,2020-08-18,New South Wales,New cases,7.0,209
21752,2020-08-18,New South Wales,css_per_prsn,0.9278897136797456,209
21753,2020-08-18,New South Wales,New cases per week,51.0,209
21754,2020-08-18,New South Wales,log10(Total cases),3.598352709869284,209
21755,2020-08-18,New South Wales,log10(New cases per week),1.7075701760979363,209
21756,2020-08-18,New South Wales,Slope of power-law,-15.354154114078026,209
21757,2020-08-18,New South Wales,Acceleration of power-law,-9194.202297904996,209
21758,2020-08-18,New South Wales,Growth Rate,0.15169135864893563,209
21759,2020-08-18,New South Wales,Days since first case,209.0,209
21760,2020-08-18,New South Wales,Average Growth Rate,3.005944745927231,209
21761,2020-08-18,New South Wales,Doubling time,628.2424518987913,209
21762,2020-08-18,Northern Territory,Total cases,33.0,209
21763,2020-08-18,Northern Territory,Total cases per million,135.07981989357347,209
21764,2020-08-18,Northern Territory,New cases,0.0,209
21765,2020-08-18,Northern Territory,css_per_prsn,0.0,209
21766,2020-08-18,Northern Territory,New cases per week,0.0,209
21767,2020-08-18,Northern Territory,log10(Total cases),1.5185139398778875,209
21768,2020-08-18,Northern Territory,log10(New cases per week),0.0,209
21769,2020-08-18,Northern Territory,Slope of power-law,0.0,209
21770,2020-08-18,Northern Territory,Acceleration of power-law,0.0,209
21771,2020-08-18,Northern Territory,Growth Rate,0.0,209
21772,2020-08-18,Northern Territory,Days since first case,209.0,209
21773,2020-08-18,Northern Territory,Average Growth Rate,inf,209
21774,2020-08-18,Northern Territory,Doubling time,inf,209
21775,2020-08-18,Queensland,Total cases,1092.0,209
21776,2020-08-18,Queensland,Total cases per million,215.3421415894301,209
21777,2020-08-18,Queensland,New cases,1.0,209
21778,2020-08-18,Queensland,css_per_prsn,0.19719976336028397,209
21779,2020-08-18,Queensland,New cases per week,3.0,209
21780,2020-08-18,Queensland,log10(Total cases),3.0382226383687185,209
21781,2020-08-18,Queensland,log10(New cases per week),0.47712125471966244,209
21782,2020-08-18,Queensland,Slope of power-law,0.0,209
21783,2020-08-18,Queensland,Acceleration of power-law,632660.2736663246,209
21784,2020-08-18,Queensland,Growth Rate,0.018328445747800588,209
21785,2020-08-18,Queensland,Days since first case,209.0,209
21786,2020-08-18,Queensland,Average Growth Rate,20.996365155047453,209
21787,2020-08-18,Queensland,Doubling time,4388.240317404918,209
21788,2020-08-18,South Australia,Total cases,462.0,209
21789,2020-08-18,South Australia,Total cases per million,275.4919499105546,209
21790,2020-08-18,South Australia,New cases,0.0,209
21791,2020-08-18,South Australia,css_per_prsn,0.0,209
21792,2020-08-18,South Australia,New cases per week,3.0,209
21793,2020-08-18,South Australia,log10(Total cases),2.6646419755561257,209
21794,2020-08-18,South Australia,log10(New cases per week),0.47712125471966244,209
21795,2020-08-18,South Australia,Slope of power-law,-106.39771591347059,209
21796,2020-08-18,South Australia,Acceleration of power-law,inf,209
21797,2020-08-18,South Australia,Growth Rate,0.08676789587852496,209
21798,2020-08-18,South Australia,Days since first case,209.0,209
21799,2020-08-18,South Australia,Average Growth Rate,8.862858113959389,209
21800,2020-08-18,South Australia,Doubling time,1852.3373458175122,209
21801,2020-08-18,Tasmania,Total cases,230.0,209
21802,2020-08-18,Tasmania,Total cases per million,446.6019417475728,209
21803,2020-08-18,Tasmania,New cases,0.0,209
21804,2020-08-18,Tasmania,css_per_prsn,0.0,209
21805,2020-08-18,Tasmania,New cases per week,0.0,209
21806,2020-08-18,Tasmania,log10(Total cases),2.361727836017593,209
21807,2020-08-18,Tasmania,log10(New cases per week),0.0,209
21808,2020-08-18,Tasmania,Slope of power-law,0.0,209
21809,2020-08-18,Tasmania,Acceleration of power-law,0.0,209
21810,2020-08-18,Tasmania,Growth Rate,0.0,209
21811,2020-08-18,Tasmania,Days since first case,209.0,209
21812,2020-08-18,Tasmania,Average Growth Rate,19.91931333259812,209
21813,2020-08-18,Tasmania,Doubling time,4163.136486513007,209
21814,2020-08-18,Victoria,Total cases,17446.0,209
21815,2020-08-18,Victoria,Total cases per million,2743.5131309954395,209
21816,2020-08-18,Victoria,New cases,208.0,209
21817,2020-08-18,Victoria,css_per_prsn,32.709545526026105,209
21818,2020-08-18,Victoria,New cases per week,1800.0,209
21819,2020-08-18,Victoria,log10(Total cases),4.24169586813981,209
21820,2020-08-18,Victoria,log10(New cases per week),3.255272505103306,209
21821,2020-08-18,Victoria,Slope of power-law,-3.1269284975492666,209
21822,2020-08-18,Victoria,Acceleration of power-law,-66.4357532895595,209
21823,2020-08-18,Victoria,Growth Rate,1.4260165662650601,209
21824,2020-08-18,Victoria,Days since first case,209.0,209
21825,2020-08-18,Victoria,Average Growth Rate,0.4042886432649204,209
21826,2020-08-18,Victoria,Doubling time,84.49632644236837,209
21827,2020-08-18,Western Australia,Total cases,647.0,209
21828,2020-08-18,Western Australia,Total cases per million,249.903437620703,209
21829,2020-08-18,Western Australia,New cases,0.0,209
21830,2020-08-18,Western Australia,css_per_prsn,0.0,209
21831,2020-08-18,Western Australia,New cases per week,5.0,209
21832,2020-08-18,Western Australia,log10(Total cases),2.8109042806687006,209
21833,2020-08-18,Western Australia,log10(New cases per week),0.6989700043360189,209
21834,2020-08-18,Western Australia,Slope of power-law,207.45550641340117,209
21835,2020-08-18,Western Australia,Acceleration of power-law,0.0,209
21836,2020-08-18,Western Australia,Growth Rate,0.06188118811881188,209
21837,2020-08-18,Western Australia,Days since first case,209.0,209
21838,2020-08-18,Western Australia,Average Growth Rate,6.575291559724227,209
21839,2020-08-18,Western Australia,Doubling time,1374.2359359823633,209
21840,2020-08-19,Australian Capital Territory,Total cases,113.0,210
21841,2020-08-19,Australian Capital Territory,Total cases per million,297.36842105263156,210
21842,2020-08-19,Australian Capital Territory,New cases,0.0,210
21843,2020-08-19,Australian Capital Territory,css_per_prsn,0.0,210
21844,2020-08-19,Australian Capital Territory,New cases per week,0.0,210
21845,2020-08-19,Australian Capital Territory,log10(Total cases),2.0530784434834195,210
21846,2020-08-19,Australian Capital Territory,log10(New cases per week),0.0,210
21847,2020-08-19,Australian Capital Territory,Slope of power-law,0.0,210
21848,2020-08-19,Australian Capital Territory,Acceleration of power-law,0.0,210
21849,2020-08-19,Australian Capital Territory,Growth Rate,0.0,210
21850,2020-08-19,Australian Capital Territory,Days since first case,210.0,210
21851,2020-08-19,Australian Capital Territory,Average Growth Rate,inf,210
21852,2020-08-19,Australian Capital Territory,Doubling time,inf,210
21853,2020-08-19,New South Wales,Total cases,3971.0,210
21854,2020-08-19,New South Wales,Total cases per million,526.3785790031814,210
21855,2020-08-19,New South Wales,New cases,5.0,210
21856,2020-08-19,New South Wales,css_per_prsn,0.662778366914104,210
21857,2020-08-19,New South Wales,New cases per week,44.0,210
21858,2020-08-19,New South Wales,log10(Total cases),3.598899887063883,210
21859,2020-08-19,New South Wales,log10(New cases per week),1.6434526764861874,210
21860,2020-08-19,New South Wales,Slope of power-law,-23.394590703311664,210
21861,2020-08-19,New South Wales,Acceleration of power-law,-14694.392727981065,210
21862,2020-08-19,New South Wales,Growth Rate,0.13129323839822252,210
21863,2020-08-19,New South Wales,Days since first case,210.0,210
21864,2020-08-19,New South Wales,Average Growth Rate,3.736742977167718,210
21865,2020-08-19,New South Wales,Doubling time,784.7160252052207,210
21866,2020-08-19,Northern Territory,Total cases,33.0,210
21867,2020-08-19,Northern Territory,Total cases per million,135.07981989357347,210
21868,2020-08-19,Northern Territory,New cases,0.0,210
21869,2020-08-19,Northern Territory,css_per_prsn,0.0,210
21870,2020-08-19,Northern Territory,New cases per week,0.0,210
21871,2020-08-19,Northern Territory,log10(Total cases),1.5185139398778875,210
21872,2020-08-19,Northern Territory,log10(New cases per week),0.0,210
21873,2020-08-19,Northern Territory,Slope of power-law,0.0,210
21874,2020-08-19,Northern Territory,Acceleration of power-law,0.0,210
21875,2020-08-19,Northern Territory,Growth Rate,0.0,210
21876,2020-08-19,Northern Territory,Days since first case,210.0,210
21877,2020-08-19,Northern Territory,Average Growth Rate,inf,210
21878,2020-08-19,Northern Territory,Doubling time,inf,210
21879,2020-08-19,Queensland,Total cases,1093.0,210
21880,2020-08-19,Queensland,Total cases per million,215.5393413527904,210
21881,2020-08-19,Queensland,New cases,1.0,210
21882,2020-08-19,Queensland,css_per_prsn,0.19719976336028397,210
21883,2020-08-19,Queensland,New cases per week,4.0,210
21884,2020-08-19,Queensland,log10(Total cases),3.038620161949703,210
21885,2020-08-19,Queensland,log10(New cases per week),0.6020599913279624,210
21886,2020-08-19,Queensland,Slope of power-law,0.0,210
21887,2020-08-19,Queensland,Acceleration of power-law,0.0,210
21888,2020-08-19,Queensland,Growth Rate,0.036643459142543064,210
21889,2020-08-19,Queensland,Days since first case,210.0,210
21890,2020-08-19,Queensland,Average Growth Rate,21.00406663527959,210
21891,2020-08-19,Queensland,Doubling time,4410.853993408714,210
21892,2020-08-19,South Australia,Total cases,462.0,210
21893,2020-08-19,South Australia,Total cases per million,275.4919499105546,210
21894,2020-08-19,South Australia,New cases,0.0,210
21895,2020-08-19,South Australia,css_per_prsn,0.0,210
21896,2020-08-19,South Australia,New cases per week,3.0,210
21897,2020-08-19,South Australia,log10(Total cases),2.6646419755561257,210
21898,2020-08-19,South Australia,log10(New cases per week),0.47712125471966244,210
21899,2020-08-19,South Australia,Slope of power-law,-44.15904194170768,210
21900,2020-08-19,South Australia,Acceleration of power-law,inf,210
21901,2020-08-19,South Australia,Growth Rate,0.08669267446900737,210
21902,2020-08-19,South Australia,Days since first case,210.0,210
21903,2020-08-19,South Australia,Average Growth Rate,7.981923878902618,210
21904,2020-08-19,South Australia,Doubling time,1676.2040145695498,210
21905,2020-08-19,Tasmania,Total cases,230.0,210
21906,2020-08-19,Tasmania,Total cases per million,446.6019417475728,210
21907,2020-08-19,Tasmania,New cases,0.0,210
21908,2020-08-19,Tasmania,css_per_prsn,0.0,210
21909,2020-08-19,Tasmania,New cases per week,0.0,210
21910,2020-08-19,Tasmania,log10(Total cases),2.361727836017593,210
21911,2020-08-19,Tasmania,log10(New cases per week),0.0,210
21912,2020-08-19,Tasmania,Slope of power-law,0.0,210
21913,2020-08-19,Tasmania,Acceleration of power-law,0.0,210
21914,2020-08-19,Tasmania,Growth Rate,0.0,210
21915,2020-08-19,Tasmania,Days since first case,210.0,210
21916,2020-08-19,Tasmania,Average Growth Rate,39.855962882194916,210
21917,2020-08-19,Tasmania,Doubling time,8369.752205260933,210
21918,2020-08-19,Victoria,Total cases,17683.0,210
21919,2020-08-19,Victoria,Total cases per million,2780.7831420034595,210
21920,2020-08-19,Victoria,New cases,237.0,210
21921,2020-08-19,Victoria,css_per_prsn,37.27001100802013,210
21922,2020-08-19,Victoria,New cases per week,1820.0,210
21923,2020-08-19,Victoria,log10(Total cases),4.247555946928155,210
21924,2020-08-19,Victoria,log10(New cases per week),3.2600713879850747,210
21925,2020-08-19,Victoria,Slope of power-law,-3.024771821671925,210
21926,2020-08-19,Victoria,Acceleration of power-law,17.432645458712972,210
21927,2020-08-19,Victoria,Growth Rate,1.353327607418928,210
21928,2020-08-19,Victoria,Days since first case,210.0,210
21929,2020-08-19,Victoria,Average Growth Rate,0.4351881478810046,210
21930,2020-08-19,Victoria,Doubling time,91.38951105501096,210
21931,2020-08-19,Western Australia,Total cases,651.0,210
21932,2020-08-19,Western Australia,Total cases per million,251.44843568945538,210
21933,2020-08-19,Western Australia,New cases,4.0,210
21934,2020-08-19,Western Australia,css_per_prsn,1.544998068752414,210
21935,2020-08-19,Western Australia,New cases per week,7.0,210
21936,2020-08-19,Western Australia,log10(Total cases),2.813580988568192,210
21937,2020-08-19,Western Australia,log10(New cases per week),0.8450980400142568,210
21938,2020-08-19,Western Australia,Slope of power-law,0.0,210
21939,2020-08-19,Western Australia,Acceleration of power-law,0.0,210
21940,2020-08-19,Western Australia,Growth Rate,0.15446400988569664,210
21941,2020-08-19,Western Australia,Days since first case,210.0,210
21942,2020-08-19,Western Australia,Average Growth Rate,6.218947512838672,210
21943,2020-08-19,Western Australia,Doubling time,1305.978977696121,210
21944,2020-08-20,Australian Capital Territory,Total cases,113.0,211
21945,2020-08-20,Australian Capital Territory,Total cases per million,297.36842105263156,211
21946,2020-08-20,Australian Capital Territory,New cases,0.0,211
21947,2020-08-20,Australian Capital Territory,css_per_prsn,0.0,211
21948,2020-08-20,Australian Capital Territory,New cases per week,0.0,211
21949,2020-08-20,Australian Capital Territory,log10(Total cases),2.0530784434834195,211
21950,2020-08-20,Australian Capital Territory,log10(New cases per week),0.0,211
21951,2020-08-20,Australian Capital Territory,Slope of power-law,0.0,211
21952,2020-08-20,Australian Capital Territory,Acceleration of power-law,0.0,211
21953,2020-08-20,Australian Capital Territory,Growth Rate,0.0,211
21954,2020-08-20,Australian Capital Territory,Days since first case,211.0,211
21955,2020-08-20,Australian Capital Territory,Average Growth Rate,inf,211
21956,2020-08-20,Australian Capital Territory,Doubling time,inf,211
21957,2020-08-20,New South Wales,Total cases,3972.0,211
21958,2020-08-20,New South Wales,Total cases per million,526.5111346765642,211
21959,2020-08-20,New South Wales,New cases,1.0,211
21960,2020-08-20,New South Wales,css_per_prsn,0.1325556733828208,211
21961,2020-08-20,New South Wales,New cases per week,36.0,211
21962,2020-08-20,New South Wales,log10(Total cases),3.5990092398233435,211
21963,2020-08-20,New South Wales,log10(New cases per week),1.5563025007672873,211
21964,2020-08-20,New South Wales,Slope of power-law,-46.88826590140656,211
21965,2020-08-20,New South Wales,Acceleration of power-law,-214843.00271903793,211
21966,2020-08-20,New South Wales,Growth Rate,0.11097099621689785,211
21967,2020-08-20,New South Wales,Days since first case,211.0,211
21968,2020-08-20,New South Wales,Average Growth Rate,4.506566777067044,211
21969,2020-08-20,New South Wales,Doubling time,950.8855899611463,211
21970,2020-08-20,Northern Territory,Total cases,33.0,211
21971,2020-08-20,Northern Territory,Total cases per million,135.07981989357347,211
21972,2020-08-20,Northern Territory,New cases,0.0,211
21973,2020-08-20,Northern Territory,css_per_prsn,0.0,211
21974,2020-08-20,Northern Territory,New cases per week,0.0,211
21975,2020-08-20,Northern Territory,log10(Total cases),1.5185139398778875,211
21976,2020-08-20,Northern Territory,log10(New cases per week),0.0,211
21977,2020-08-20,Northern Territory,Slope of power-law,0.0,211
21978,2020-08-20,Northern Territory,Acceleration of power-law,0.0,211
21979,2020-08-20,Northern Territory,Growth Rate,0.0,211
21980,2020-08-20,Northern Territory,Days since first case,211.0,211
21981,2020-08-20,Northern Territory,Average Growth Rate,inf,211
21982,2020-08-20,Northern Territory,Doubling time,inf,211
21983,2020-08-20,Queensland,Total cases,1094.0,211
21984,2020-08-20,Queensland,Total cases per million,215.73654111615068,211
21985,2020-08-20,Queensland,New cases,1.0,211
21986,2020-08-20,Queensland,css_per_prsn,0.19719976336028397,211
21987,2020-08-20,Queensland,New cases per week,3.0,211
21988,2020-08-20,Queensland,log10(Total cases),3.039017321997412,211
21989,2020-08-20,Queensland,log10(New cases per week),0.47712125471966244,211
21990,2020-08-20,Queensland,Slope of power-law,-62.800886596983176,211
21991,2020-08-20,Queensland,Acceleration of power-law,-158124.88431100175,211
21992,2020-08-20,Queensland,Growth Rate,0.054934993590917414,211
21993,2020-08-20,Queensland,Days since first case,211.0,211
21994,2020-08-20,Queensland,Average Growth Rate,18.91286162247668,211
21995,2020-08-20,Queensland,Doubling time,3990.613802342579,211
21996,2020-08-20,South Australia,Total cases,462.0,211
21997,2020-08-20,South Australia,Total cases per million,275.4919499105546,211
21998,2020-08-20,South Australia,New cases,0.0,211
21999,2020-08-20,South Australia,css_per_prsn,0.0,211
22000,2020-08-20,South Australia,New cases per week,2.0,211
22001,2020-08-20,South Australia,log10(Total cases),2.6646419755561257,211
22002,2020-08-20,South Australia,log10(New cases per week),0.3010299956639812,211
22003,2020-08-20,South Australia,Slope of power-law,0.0,211
22004,2020-08-20,South Australia,Acceleration of power-law,inf,211
22005,2020-08-20,South Australia,Growth Rate,0.086617583369424,211
22006,2020-08-20,South Australia,Days since first case,211.0,211
22007,2020-08-20,South Australia,Average Growth Rate,7.261133855986793,211
22008,2020-08-20,South Australia,Doubling time,1532.0992436132133,211
22009,2020-08-20,Tasmania,Total cases,230.0,211
22010,2020-08-20,Tasmania,Total cases per million,446.6019417475728,211
22011,2020-08-20,Tasmania,New cases,0.0,211
22012,2020-08-20,Tasmania,css_per_prsn,0.0,211
22013,2020-08-20,Tasmania,New cases per week,0.0,211
22014,2020-08-20,Tasmania,log10(Total cases),2.361727836017593,211
22015,2020-08-20,Tasmania,log10(New cases per week),0.0,211
22016,2020-08-20,Tasmania,Slope of power-law,0.0,211
22017,2020-08-20,Tasmania,Acceleration of power-law,0.0,211
22018,2020-08-20,Tasmania,Growth Rate,0.0,211
22019,2020-08-20,Tasmania,Days since first case,211.0,211
22020,2020-08-20,Tasmania,Average Growth Rate,818795379431522.5,211
22021,2020-08-20,Tasmania,Doubling time,1.7276582506005123e+17,211
22022,2020-08-20,Victoria,Total cases,17852.0,211
22023,2020-08-20,Victoria,Total cases per million,2807.3596477433557,211
22024,2020-08-20,Victoria,New cases,169.0,211
22025,2020-08-20,Victoria,css_per_prsn,26.57650573989621,211
22026,2020-08-20,Victoria,New cases per week,1618.0,211
22027,2020-08-20,Victoria,log10(Total cases),4.251686878168492,211
22028,2020-08-20,Victoria,log10(New cases per week),3.2089785172762535,211
22029,2020-08-20,Victoria,Slope of power-law,-3.7405234624706534,211
22030,2020-08-20,Victoria,Acceleration of power-law,-173.26641358966157,211
22031,2020-08-20,Victoria,Growth Rate,1.2470485752928502,211
22032,2020-08-20,Victoria,Days since first case,211.0,211
22033,2020-08-20,Victoria,Average Growth Rate,0.471948305565672,211
22034,2020-08-20,Victoria,Doubling time,99.5810924743568,211
22035,2020-08-20,Western Australia,Total cases,651.0,211
22036,2020-08-20,Western Australia,Total cases per million,251.44843568945538,211
22037,2020-08-20,Western Australia,New cases,0.0,211
22038,2020-08-20,Western Australia,css_per_prsn,0.0,211
22039,2020-08-20,Western Australia,New cases per week,6.0,211
22040,2020-08-20,Western Australia,log10(Total cases),2.813580988568192,211
22041,2020-08-20,Western Australia,log10(New cases per week),0.7781512503836436,211
22042,2020-08-20,Western Australia,Slope of power-law,0.0,211
22043,2020-08-20,Western Australia,Acceleration of power-law,0.0,211
22044,2020-08-20,Western Australia,Growth Rate,0.15422578655151142,211
22045,2020-08-20,Western Australia,Days since first case,211.0,211
22046,2020-08-20,Western Australia,Average Growth Rate,5.900085238896813,211
22047,2020-08-20,Western Australia,Doubling time,1244.9179854072277,211
22048,2020-08-21,Australian Capital Territory,Total cases,113.0,212
22049,2020-08-21,Australian Capital Territory,Total cases per million,297.36842105263156,212
22050,2020-08-21,Australian Capital Territory,New cases,0.0,212
22051,2020-08-21,Australian Capital Territory,css_per_prsn,0.0,212
22052,2020-08-21,Australian Capital Territory,New cases per week,0.0,212
22053,2020-08-21,Australian Capital Territory,log10(Total cases),2.0530784434834195,212
22054,2020-08-21,Australian Capital Territory,log10(New cases per week),0.0,212
22055,2020-08-21,Australian Capital Territory,Slope of power-law,0.0,212
22056,2020-08-21,Australian Capital Territory,Acceleration of power-law,0.0,212
22057,2020-08-21,Australian Capital Territory,Growth Rate,0.0,212
22058,2020-08-21,Australian Capital Territory,Days since first case,212.0,212
22059,2020-08-21,Australian Capital Territory,Average Growth Rate,inf,212
22060,2020-08-21,Australian Capital Territory,Doubling time,inf,212
22061,2020-08-21,New South Wales,Total cases,3981.0,212
22062,2020-08-21,New South Wales,Total cases per million,527.7041357370096,212
22063,2020-08-21,New South Wales,New cases,9.0,212
22064,2020-08-21,New South Wales,css_per_prsn,1.1930010604453871,212
22065,2020-08-21,New South Wales,New cases per week,36.0,212
22066,2020-08-21,New South Wales,log10(Total cases),3.599992177584098,212
22067,2020-08-21,New South Wales,log10(New cases per week),1.5563025007672873,212
22068,2020-08-21,New South Wales,Slope of power-law,-58.04369662893437,212
22069,2020-08-21,New South Wales,Acceleration of power-law,-11349.071297216042,212
22070,2020-08-21,New South Wales,Growth Rate,0.12091289233714544,212
22071,2020-08-21,New South Wales,Days since first case,212.0,212
22072,2020-08-21,New South Wales,Average Growth Rate,5.119872372433155,212
22073,2020-08-21,New South Wales,Doubling time,1085.4129429558288,212
22074,2020-08-21,Northern Territory,Total cases,33.0,212
22075,2020-08-21,Northern Territory,Total cases per million,135.07981989357347,212
22076,2020-08-21,Northern Territory,New cases,0.0,212
22077,2020-08-21,Northern Territory,css_per_prsn,0.0,212
22078,2020-08-21,Northern Territory,New cases per week,0.0,212
22079,2020-08-21,Northern Territory,log10(Total cases),1.5185139398778875,212
22080,2020-08-21,Northern Territory,log10(New cases per week),0.0,212
22081,2020-08-21,Northern Territory,Slope of power-law,0.0,212
22082,2020-08-21,Northern Territory,Acceleration of power-law,0.0,212
22083,2020-08-21,Northern Territory,Growth Rate,0.0,212
22084,2020-08-21,Northern Territory,Days since first case,212.0,212
22085,2020-08-21,Northern Territory,Average Growth Rate,inf,212
22086,2020-08-21,Northern Territory,Doubling time,inf,212
22087,2020-08-21,Queensland,Total cases,1103.0,212
22088,2020-08-21,Queensland,Total cases per million,217.51133898639324,212
22089,2020-08-21,Queensland,New cases,9.0,212
22090,2020-08-21,Queensland,css_per_prsn,1.7747978702425558,212
22091,2020-08-21,Queensland,New cases per week,12.0,212
22092,2020-08-21,Queensland,log10(Total cases),3.0425755124401905,212
22093,2020-08-21,Queensland,log10(New cases per week),1.0791812460476249,212
22094,2020-08-21,Queensland,Slope of power-law,194.5300468575145,212
22095,2020-08-21,Queensland,Acceleration of power-law,72320.73088633298,212
22096,2020-08-21,Queensland,Growth Rate,0.21925817650283208,212
22097,2020-08-21,Queensland,Days since first case,212.0,212
22098,2020-08-21,Queensland,Average Growth Rate,9.473658114076601,212
22099,2020-08-21,Queensland,Doubling time,2008.4155201842393,212
22100,2020-08-21,South Australia,Total cases,462.0,212
22101,2020-08-21,South Australia,Total cases per million,275.4919499105546,212
22102,2020-08-21,South Australia,New cases,0.0,212
22103,2020-08-21,South Australia,css_per_prsn,0.0,212
22104,2020-08-21,South Australia,New cases per week,2.0,212
22105,2020-08-21,South Australia,log10(Total cases),2.6646419755561257,212
22106,2020-08-21,South Australia,log10(New cases per week),0.3010299956639812,212
22107,2020-08-21,South Australia,Slope of power-law,0.0,212
22108,2020-08-21,South Australia,Acceleration of power-law,0.0,212
22109,2020-08-21,South Australia,Growth Rate,0.04329004329004329,212
22110,2020-08-21,South Australia,Days since first case,212.0,212
22111,2020-08-21,South Australia,Average Growth Rate,7.992323813046609,212
22112,2020-08-21,South Australia,Doubling time,1694.372648365881,212
22113,2020-08-21,Tasmania,Total cases,230.0,212
22114,2020-08-21,Tasmania,Total cases per million,446.6019417475728,212
22115,2020-08-21,Tasmania,New cases,0.0,212
22116,2020-08-21,Tasmania,css_per_prsn,0.0,212
22117,2020-08-21,Tasmania,New cases per week,0.0,212
22118,2020-08-21,Tasmania,log10(Total cases),2.361727836017593,212
22119,2020-08-21,Tasmania,log10(New cases per week),0.0,212
22120,2020-08-21,Tasmania,Slope of power-law,0.0,212
22121,2020-08-21,Tasmania,Acceleration of power-law,0.0,212
22122,2020-08-21,Tasmania,Growth Rate,0.0,212
22123,2020-08-21,Tasmania,Days since first case,212.0,212
22124,2020-08-21,Tasmania,Average Growth Rate,818795379431522.5,212
22125,2020-08-21,Tasmania,Doubling time,1.7358462043948278e+17,212
22126,2020-08-21,Victoria,Total cases,18029.0,212
22127,2020-08-21,Victoria,Total cases per million,2835.194212926561,212
22128,2020-08-21,Victoria,New cases,177.0,212
22129,2020-08-21,Victoria,css_per_prsn,27.834565183204905,212
22130,2020-08-21,Victoria,New cases per week,1512.0,212
22131,2020-08-21,Victoria,log10(Total cases),4.255971638728724,212
22132,2020-08-21,Victoria,log10(New cases per week),3.1795517911651876,212
22133,2020-08-21,Victoria,Slope of power-law,-3.853525779670656,212
22134,2020-08-21,Victoria,Acceleration of power-law,-26.37307630414888,212
22135,2020-08-21,Victoria,Growth Rate,1.1354364971444113,212
22136,2020-08-21,Victoria,Days since first case,212.0,212
22137,2020-08-21,Victoria,Average Growth Rate,0.5094398645242642,212
22138,2020-08-21,Victoria,Doubling time,108.001251279144,212
22139,2020-08-21,Western Australia,Total cases,651.0,212
22140,2020-08-21,Western Australia,Total cases per million,251.44843568945538,212
22141,2020-08-21,Western Australia,New cases,0.0,212
22142,2020-08-21,Western Australia,css_per_prsn,0.0,212
22143,2020-08-21,Western Australia,New cases per week,5.0,212
22144,2020-08-21,Western Australia,log10(Total cases),2.813580988568192,212
22145,2020-08-21,Western Australia,log10(New cases per week),0.6989700043360189,212
22146,2020-08-21,Western Australia,Slope of power-law,0.0,212
22147,2020-08-21,Western Australia,Acceleration of power-law,0.0,212
22148,2020-08-21,Western Australia,Growth Rate,0.1539882968894364,212
22149,2020-08-21,Western Australia,Days since first case,212.0,212
22150,2020-08-21,Western Australia,Average Growth Rate,5.613086464794915,212
22151,2020-08-21,Western Australia,Doubling time,1189.9743305365218,212
22152,2020-08-22,Australian Capital Territory,Total cases,113.0,213
22153,2020-08-22,Australian Capital Territory,Total cases per million,297.36842105263156,213
22154,2020-08-22,Australian Capital Territory,New cases,0.0,213
22155,2020-08-22,Australian Capital Territory,css_per_prsn,0.0,213
22156,2020-08-22,Australian Capital Territory,New cases per week,0.0,213
22157,2020-08-22,Australian Capital Territory,log10(Total cases),2.0530784434834195,213
22158,2020-08-22,Australian Capital Territory,log10(New cases per week),0.0,213
22159,2020-08-22,Australian Capital Territory,Slope of power-law,0.0,213
22160,2020-08-22,Australian Capital Territory,Acceleration of power-law,0.0,213
22161,2020-08-22,Australian Capital Territory,Growth Rate,0.0,213
22162,2020-08-22,Australian Capital Territory,Days since first case,213.0,213
22163,2020-08-22,Australian Capital Territory,Average Growth Rate,inf,213
22164,2020-08-22,Australian Capital Territory,Doubling time,inf,213
22165,2020-08-22,New South Wales,Total cases,3985.0,213
22166,2020-08-22,New South Wales,Total cases per million,528.2343584305409,213
22167,2020-08-22,New South Wales,New cases,4.0,213
22168,2020-08-22,New South Wales,css_per_prsn,0.5302226935312832,213
22169,2020-08-22,New South Wales,New cases per week,35.0,213
22170,2020-08-22,New South Wales,log10(Total cases),3.600428325732131,213
22171,2020-08-22,New South Wales,log10(New cases per week),1.5440680443502757,213
22172,2020-08-22,New South Wales,Slope of power-law,-68.10533262642184,213
22173,2020-08-22,New South Wales,Acceleration of power-law,-23069.308084566044,213
22174,2020-08-22,New South Wales,Growth Rate,0.13081761006289308,213
22175,2020-08-22,New South Wales,Days since first case,213.0,213
22176,2020-08-22,New South Wales,Average Growth Rate,5.367524445814825,213
22177,2020-08-22,New South Wales,Doubling time,1143.2827069585576,213
22178,2020-08-22,Northern Territory,Total cases,33.0,213
22179,2020-08-22,Northern Territory,Total cases per million,135.07981989357347,213
22180,2020-08-22,Northern Territory,New cases,0.0,213
22181,2020-08-22,Northern Territory,css_per_prsn,0.0,213
22182,2020-08-22,Northern Territory,New cases per week,0.0,213
22183,2020-08-22,Northern Territory,log10(Total cases),1.5185139398778875,213
22184,2020-08-22,Northern Territory,log10(New cases per week),0.0,213
22185,2020-08-22,Northern Territory,Slope of power-law,0.0,213
22186,2020-08-22,Northern Territory,Acceleration of power-law,0.0,213
22187,2020-08-22,Northern Territory,Growth Rate,0.0,213
22188,2020-08-22,Northern Territory,Days since first case,213.0,213
22189,2020-08-22,Northern Territory,Average Growth Rate,inf,213
22190,2020-08-22,Northern Territory,Doubling time,inf,213
22191,2020-08-22,Queensland,Total cases,1105.0,213
22192,2020-08-22,Queensland,Total cases per million,217.9057385131138,213
22193,2020-08-22,Queensland,New cases,2.0,213
22194,2020-08-22,Queensland,css_per_prsn,0.39439952672056794,213
22195,2020-08-22,Queensland,New cases per week,14.0,213
22196,2020-08-22,Queensland,log10(Total cases),3.0433622780211294,213
22197,2020-08-22,Queensland,log10(New cases per week),1.146128035678238,213
22198,2020-08-22,Queensland,Slope of power-law,180.9371605108776,213
22199,2020-08-22,Queensland,Acceleration of power-law,-17276.920439779522,213
22200,2020-08-22,Queensland,Growth Rate,0.2551485328959358,213
22201,2020-08-22,Queensland,Days since first case,213.0,213
22202,2020-08-22,Queensland,Average Growth Rate,5.9312941818589495,213
22203,2020-08-22,Queensland,Doubling time,1263.3656607359562,213
22204,2020-08-22,South Australia,Total cases,462.0,213
22205,2020-08-22,South Australia,Total cases per million,275.4919499105546,213
22206,2020-08-22,South Australia,New cases,0.0,213
22207,2020-08-22,South Australia,css_per_prsn,0.0,213
22208,2020-08-22,South Australia,New cases per week,2.0,213
22209,2020-08-22,South Australia,log10(Total cases),2.6646419755561257,213
22210,2020-08-22,South Australia,log10(New cases per week),0.3010299956639812,213
22211,2020-08-22,South Australia,Slope of power-law,-62.23867397176291,213
22212,2020-08-22,South Australia,Acceleration of power-law,-inf,213
22213,2020-08-22,South Australia,Growth Rate,0.0,213
22214,2020-08-22,South Australia,Days since first case,213.0,213
22215,2020-08-22,South Australia,Average Growth Rate,11.424189934844973,213
22216,2020-08-22,South Australia,Doubling time,2433.3524561219792,213
22217,2020-08-22,Tasmania,Total cases,230.0,213
22218,2020-08-22,Tasmania,Total cases per million,446.6019417475728,213
22219,2020-08-22,Tasmania,New cases,0.0,213
22220,2020-08-22,Tasmania,css_per_prsn,0.0,213
22221,2020-08-22,Tasmania,New cases per week,0.0,213
22222,2020-08-22,Tasmania,log10(Total cases),2.361727836017593,213
22223,2020-08-22,Tasmania,log10(New cases per week),0.0,213
22224,2020-08-22,Tasmania,Slope of power-law,0.0,213
22225,2020-08-22,Tasmania,Acceleration of power-law,0.0,213
22226,2020-08-22,Tasmania,Growth Rate,0.0,213
22227,2020-08-22,Tasmania,Days since first case,213.0,213
22228,2020-08-22,Tasmania,Average Growth Rate,818795379431522.5,213
22229,2020-08-22,Tasmania,Doubling time,1.744034158189143e+17,213
22230,2020-08-22,Victoria,Total cases,18231.0,213
22231,2020-08-22,Victoria,Total cases per million,2866.9602138701052,213
22232,2020-08-22,Victoria,New cases,202.0,213
22233,2020-08-22,Victoria,css_per_prsn,31.766000943544583,213
22234,2020-08-22,Victoria,New cases per week,1467.0,213
22235,2020-08-22,Victoria,log10(Total cases),4.260810491066978,213
22236,2020-08-22,Victoria,log10(New cases per week),3.166430113843283,213
22237,2020-08-22,Victoria,Slope of power-law,-3.5199577157865125,213
22238,2020-08-22,Victoria,Acceleration of power-law,68.93536743145738,213
22239,2020-08-22,Victoria,Growth Rate,1.112717248798198,213
22240,2020-08-22,Victoria,Days since first case,213.0,213
22241,2020-08-22,Victoria,Average Growth Rate,0.5523484295806758,213
22242,2020-08-22,Victoria,Doubling time,117.65021550068394,213
22243,2020-08-22,Western Australia,Total cases,652.0,213
22244,2020-08-22,Western Australia,Total cases per million,251.83468520664348,213
22245,2020-08-22,Western Australia,New cases,1.0,213
22246,2020-08-22,Western Australia,css_per_prsn,0.3862495171881035,213
22247,2020-08-22,Western Australia,New cases per week,6.0,213
22248,2020-08-22,Western Australia,log10(Total cases),2.81424759573192,213
22249,2020-08-22,Western Australia,log10(New cases per week),0.7781512503836436,213
22250,2020-08-22,Western Australia,Slope of power-law,0.0,213
22251,2020-08-22,Western Australia,Acceleration of power-law,0.0,213
22252,2020-08-22,Western Australia,Growth Rate,0.15375153751537515,213
22253,2020-08-22,Western Australia,Days since first case,213.0,213
22254,2020-08-22,Western Australia,Average Growth Rate,5.109362560528329,213
22255,2020-08-22,Western Australia,Doubling time,1088.294225392534,213
22256,2020-08-23,Australian Capital Territory,Total cases,113.0,214
22257,2020-08-23,Australian Capital Territory,Total cases per million,297.36842105263156,214
22258,2020-08-23,Australian Capital Territory,New cases,0.0,214
22259,2020-08-23,Australian Capital Territory,css_per_prsn,0.0,214
22260,2020-08-23,Australian Capital Territory,New cases per week,0.0,214
22261,2020-08-23,Australian Capital Territory,log10(Total cases),2.0530784434834195,214
22262,2020-08-23,Australian Capital Territory,log10(New cases per week),0.0,214
22263,2020-08-23,Australian Capital Territory,Slope of power-law,0.0,214
22264,2020-08-23,Australian Capital Territory,Acceleration of power-law,0.0,214
22265,2020-08-23,Australian Capital Territory,Growth Rate,0.0,214
22266,2020-08-23,Australian Capital Territory,Days since first case,214.0,214
22267,2020-08-23,Australian Capital Territory,Average Growth Rate,inf,214
22268,2020-08-23,Australian Capital Territory,Doubling time,inf,214
22269,2020-08-23,New South Wales,Total cases,3988.0,214
22270,2020-08-23,New South Wales,Total cases per million,528.6320254506893,214
22271,2020-08-23,New South Wales,New cases,3.0,214
22272,2020-08-23,New South Wales,css_per_prsn,0.3976670201484624,214
22273,2020-08-23,New South Wales,New cases per week,31.0,214
22274,2020-08-23,New South Wales,log10(Total cases),3.600755149639618,214
22275,2020-08-23,New South Wales,log10(New cases per week),1.4913616938342726,214
22276,2020-08-23,New South Wales,Slope of power-law,-84.51949100206296,214
22277,2020-08-23,New South Wales,Acceleration of power-law,-50223.24866578651,214
22278,2020-08-23,New South Wales,Growth Rate,0.11056943257777554,214
22279,2020-08-23,New South Wales,Days since first case,214.0,214
22280,2020-08-23,New South Wales,Average Growth Rate,5.732618764246829,214
22281,2020-08-23,New South Wales,Doubling time,1226.7804155488213,214
22282,2020-08-23,Northern Territory,Total cases,33.0,214
22283,2020-08-23,Northern Territory,Total cases per million,135.07981989357347,214
22284,2020-08-23,Northern Territory,New cases,0.0,214
22285,2020-08-23,Northern Territory,css_per_prsn,0.0,214
22286,2020-08-23,Northern Territory,New cases per week,0.0,214
22287,2020-08-23,Northern Territory,log10(Total cases),1.5185139398778875,214
22288,2020-08-23,Northern Territory,log10(New cases per week),0.0,214
22289,2020-08-23,Northern Territory,Slope of power-law,0.0,214
22290,2020-08-23,Northern Territory,Acceleration of power-law,0.0,214
22291,2020-08-23,Northern Territory,Growth Rate,0.0,214
22292,2020-08-23,Northern Territory,Days since first case,214.0,214
22293,2020-08-23,Northern Territory,Average Growth Rate,inf,214
22294,2020-08-23,Northern Territory,Doubling time,inf,214
22295,2020-08-23,Queensland,Total cases,1106.0,214
22296,2020-08-23,Queensland,Total cases per million,218.10293827647408,214
22297,2020-08-23,Queensland,New cases,1.0,214
22298,2020-08-23,Queensland,css_per_prsn,0.19719976336028397,214
22299,2020-08-23,Queensland,New cases per week,15.0,214
22300,2020-08-23,Queensland,log10(Total cases),3.0437551269686796,214
22301,2020-08-23,Queensland,log10(New cases per week),1.1760912590556813,214
22302,2020-08-23,Queensland,Slope of power-law,96.79508194976047,214
22303,2020-08-23,Queensland,Acceleration of power-law,-214184.30438931938,214
22304,2020-08-23,Queensland,Growth Rate,0.25449918196691507,214
22305,2020-08-23,Queensland,Days since first case,214.0,214
22306,2020-08-23,Queensland,Average Growth Rate,4.224012228539262,214
22307,2020-08-23,Queensland,Doubling time,903.9386169074021,214
22308,2020-08-23,South Australia,Total cases,463.0,214
22309,2020-08-23,South Australia,Total cases per million,276.08825283243885,214
22310,2020-08-23,South Australia,New cases,1.0,214
22311,2020-08-23,South Australia,css_per_prsn,0.5963029218843172,214
22312,2020-08-23,South Australia,New cases per week,2.0,214
22313,2020-08-23,South Australia,log10(Total cases),2.6655809910179533,214
22314,2020-08-23,South Australia,log10(New cases per week),0.3010299956639812,214
22315,2020-08-23,South Australia,Slope of power-law,106.62876578905271,214
22316,2020-08-23,South Australia,Acceleration of power-law,179834.56782718626,214
22317,2020-08-23,South Australia,Growth Rate,0.04327131112072696,214
22318,2020-08-23,South Australia,Days since first case,214.0,214
22319,2020-08-23,South Australia,Average Growth Rate,13.336338943693264,214
22320,2020-08-23,South Australia,Doubling time,2853.9765339503583,214
22321,2020-08-23,Tasmania,Total cases,230.0,214
22322,2020-08-23,Tasmania,Total cases per million,446.6019417475728,214
22323,2020-08-23,Tasmania,New cases,0.0,214
22324,2020-08-23,Tasmania,css_per_prsn,0.0,214
22325,2020-08-23,Tasmania,New cases per week,0.0,214
22326,2020-08-23,Tasmania,log10(Total cases),2.361727836017593,214
22327,2020-08-23,Tasmania,log10(New cases per week),0.0,214
22328,2020-08-23,Tasmania,Slope of power-law,0.0,214
22329,2020-08-23,Tasmania,Acceleration of power-law,0.0,214
22330,2020-08-23,Tasmania,Growth Rate,0.0,214
22331,2020-08-23,Tasmania,Days since first case,214.0,214
22332,2020-08-23,Tasmania,Average Growth Rate,818795379431522.5,214
22333,2020-08-23,Tasmania,Doubling time,1.7522221119834582e+17,214
22334,2020-08-23,Victoria,Total cases,18330.0,214
22335,2020-08-23,Victoria,Total cases per million,2882.5286994810504,214
22336,2020-08-23,Victoria,New cases,99.0,214
22337,2020-08-23,Victoria,css_per_prsn,15.568485610945118,214
22338,2020-08-23,Victoria,New cases per week,1303.0,214
22339,2020-08-23,Victoria,log10(Total cases),4.263162464962217,214
22340,2020-08-23,Victoria,log10(New cases per week),3.1149444157125847,214
22341,2020-08-23,Victoria,Slope of power-law,-4.915983448421287,214
22342,2020-08-23,Victoria,Acceleration of power-law,-593.554943556623,214
22343,2020-08-23,Victoria,Growth Rate,0.9808599167822469,214
22344,2020-08-23,Victoria,Days since first case,214.0,214
22345,2020-08-23,Victoria,Average Growth Rate,0.5945280714949502,214
22346,2020-08-23,Victoria,Doubling time,127.22900729991935,214
22347,2020-08-23,Western Australia,Total cases,652.0,214
22348,2020-08-23,Western Australia,Total cases per million,251.83468520664348,214
22349,2020-08-23,Western Australia,New cases,0.0,214
22350,2020-08-23,Western Australia,css_per_prsn,0.0,214
22351,2020-08-23,Western Australia,New cases per week,6.0,214
22352,2020-08-23,Western Australia,log10(Total cases),2.81424759573192,214
22353,2020-08-23,Western Australia,log10(New cases per week),0.7781512503836436,214
22354,2020-08-23,Western Australia,Slope of power-law,64.21451172874896,214
22355,2020-08-23,Western Australia,Acceleration of power-law,0.0,214
22356,2020-08-23,Western Australia,Growth Rate,0.1535155050660117,214
22357,2020-08-23,Western Australia,Days since first case,214.0,214
22358,2020-08-23,Western Australia,Average Growth Rate,4.5012764431747145,214
22359,2020-08-23,Western Australia,Doubling time,963.2731588393889,214
22360,2020-08-24,Australian Capital Territory,Total cases,113.0,215
22361,2020-08-24,Australian Capital Territory,Total cases per million,297.36842105263156,215
22362,2020-08-24,Australian Capital Territory,New cases,0.0,215
22363,2020-08-24,Australian Capital Territory,css_per_prsn,0.0,215
22364,2020-08-24,Australian Capital Territory,New cases per week,0.0,215
22365,2020-08-24,Australian Capital Territory,log10(Total cases),2.0530784434834195,215
22366,2020-08-24,Australian Capital Territory,log10(New cases per week),0.0,215
22367,2020-08-24,Australian Capital Territory,Slope of power-law,0.0,215
22368,2020-08-24,Australian Capital Territory,Acceleration of power-law,0.0,215
22369,2020-08-24,Australian Capital Territory,Growth Rate,0.0,215
22370,2020-08-24,Australian Capital Territory,Days since first case,215.0,215
22371,2020-08-24,Australian Capital Territory,Average Growth Rate,inf,215
22372,2020-08-24,Australian Capital Territory,Doubling time,inf,215
22373,2020-08-24,New South Wales,Total cases,3991.0,215
22374,2020-08-24,New South Wales,Total cases per million,529.0296924708377,215
22375,2020-08-24,New South Wales,New cases,3.0,215
22376,2020-08-24,New South Wales,css_per_prsn,0.3976670201484624,215
22377,2020-08-24,New South Wales,New cases per week,32.0,215
22378,2020-08-24,New South Wales,log10(Total cases),3.6010817277840235,215
22379,2020-08-24,New South Wales,log10(New cases per week),1.505149978319906,215
22380,2020-08-24,New South Wales,Slope of power-law,-92.95012495299248,215
22381,2020-08-24,New South Wales,Acceleration of power-law,-25815.05864783551,215
22382,2020-08-24,New South Wales,Growth Rate,0.10041672942712254,215
22383,2020-08-24,New South Wales,Days since first case,215.0,215
22384,2020-08-24,New South Wales,Average Growth Rate,6.0411546921597745,215
22385,2020-08-24,New South Wales,Doubling time,1298.8482588143515,215
22386,2020-08-24,Northern Territory,Total cases,33.0,215
22387,2020-08-24,Northern Territory,Total cases per million,135.07981989357347,215
22388,2020-08-24,Northern Territory,New cases,0.0,215
22389,2020-08-24,Northern Territory,css_per_prsn,0.0,215
22390,2020-08-24,Northern Territory,New cases per week,0.0,215
22391,2020-08-24,Northern Territory,log10(Total cases),1.5185139398778875,215
22392,2020-08-24,Northern Territory,log10(New cases per week),0.0,215
22393,2020-08-24,Northern Territory,Slope of power-law,0.0,215
22394,2020-08-24,Northern Territory,Acceleration of power-law,0.0,215
22395,2020-08-24,Northern Territory,Growth Rate,0.0,215
22396,2020-08-24,Northern Territory,Days since first case,215.0,215
22397,2020-08-24,Northern Territory,Average Growth Rate,inf,215
22398,2020-08-24,Northern Territory,Doubling time,inf,215
22399,2020-08-24,Queensland,Total cases,1106.0,215
22400,2020-08-24,Queensland,Total cases per million,218.10293827647408,215
22401,2020-08-24,Queensland,New cases,0.0,215
22402,2020-08-24,Queensland,css_per_prsn,0.0,215
22403,2020-08-24,Queensland,New cases per week,15.0,215
22404,2020-08-24,Queensland,log10(Total cases),3.0437551269686796,215
22405,2020-08-24,Queensland,log10(New cases per week),1.1760912590556813,215
22406,2020-08-24,Queensland,Slope of power-law,117.86267169373282,215
22407,2020-08-24,Queensland,Acceleration of power-law,inf,215
22408,2020-08-24,Queensland,Growth Rate,0.2357635110627494,215
22409,2020-08-24,Queensland,Days since first case,215.0,215
22410,2020-08-24,Queensland,Average Growth Rate,3.399098627203263,215
22411,2020-08-24,Queensland,Doubling time,730.8062048487016,215
22412,2020-08-24,South Australia,Total cases,463.0,215
22413,2020-08-24,South Australia,Total cases per million,276.08825283243885,215
22414,2020-08-24,South Australia,New cases,0.0,215
22415,2020-08-24,South Australia,css_per_prsn,0.0,215
22416,2020-08-24,South Australia,New cases per week,1.0,215
22417,2020-08-24,South Australia,log10(Total cases),2.6655809910179533,215
22418,2020-08-24,South Australia,log10(New cases per week),0.0,215
22419,2020-08-24,South Australia,Slope of power-law,0.0,215
22420,2020-08-24,South Australia,Acceleration of power-law,-inf,215
22421,2020-08-24,South Australia,Growth Rate,0.043252595155709346,215
22422,2020-08-24,South Australia,Days since first case,215.0,215
22423,2020-08-24,South Australia,Average Growth Rate,16.01308208552815,215
22424,2020-08-24,South Australia,Doubling time,3442.8126483885526,215
22425,2020-08-24,Tasmania,Total cases,230.0,215
22426,2020-08-24,Tasmania,Total cases per million,446.6019417475728,215
22427,2020-08-24,Tasmania,New cases,0.0,215
22428,2020-08-24,Tasmania,css_per_prsn,0.0,215
22429,2020-08-24,Tasmania,New cases per week,0.0,215
22430,2020-08-24,Tasmania,log10(Total cases),2.361727836017593,215
22431,2020-08-24,Tasmania,log10(New cases per week),0.0,215
22432,2020-08-24,Tasmania,Slope of power-law,0.0,215
22433,2020-08-24,Tasmania,Acceleration of power-law,0.0,215
22434,2020-08-24,Tasmania,Growth Rate,0.0,215
22435,2020-08-24,Tasmania,Days since first case,215.0,215
22436,2020-08-24,Tasmania,Average Growth Rate,818795379431522.5,215
22437,2020-08-24,Tasmania,Doubling time,1.7604100657777734e+17,215
22438,2020-08-24,Victoria,Total cases,18464.0,215
22439,2020-08-24,Victoria,Total cases per million,2903.601195156471,215
22440,2020-08-24,Victoria,New cases,134.0,215
22441,2020-08-24,Victoria,css_per_prsn,21.072495675420665,215
22442,2020-08-24,Victoria,New cases per week,1226.0,215
22443,2020-08-24,Victoria,log10(Total cases),4.266325791475637,215
22444,2020-08-24,Victoria,log10(New cases per week),3.0884904701823963,215
22445,2020-08-24,Victoria,Slope of power-law,-5.384744918195445,215
22446,2020-08-24,Victoria,Acceleration of power-law,-148.18624248411194,215
22447,2020-08-24,Victoria,Growth Rate,0.8591292103931533,215
22448,2020-08-24,Victoria,Days since first case,215.0,215
22449,2020-08-24,Victoria,Average Growth Rate,0.6495991636498797,215
22450,2020-08-24,Victoria,Doubling time,139.66382018472413,215
22451,2020-08-24,Western Australia,Total cases,653.0,215
22452,2020-08-24,Western Australia,Total cases per million,252.2209347238316,215
22453,2020-08-24,Western Australia,New cases,1.0,215
22454,2020-08-24,Western Australia,css_per_prsn,0.3862495171881035,215
22455,2020-08-24,Western Australia,New cases per week,6.0,215
22456,2020-08-24,Western Australia,log10(Total cases),2.814913181275074,215
22457,2020-08-24,Western Australia,log10(New cases per week),0.7781512503836436,215
22458,2020-08-24,Western Australia,Slope of power-law,37.62100551186666,215
22459,2020-08-24,Western Australia,Acceleration of power-law,-39955.05384759072,215
22460,2020-08-24,Western Australia,Growth Rate,0.06136851795029151,215
22461,2020-08-24,Western Australia,Days since first case,215.0,215
22462,2020-08-24,Western Australia,Average Growth Rate,5.120392591858918,215
22463,2020-08-24,Western Australia,Doubling time,1100.8844072496674,215
22464,2020-08-25,Australian Capital Territory,Total cases,113.0,216
22465,2020-08-25,Australian Capital Territory,Total cases per million,297.36842105263156,216
22466,2020-08-25,Australian Capital Territory,New cases,0.0,216
22467,2020-08-25,Australian Capital Territory,css_per_prsn,0.0,216
22468,2020-08-25,Australian Capital Territory,New cases per week,0.0,216
22469,2020-08-25,Australian Capital Territory,log10(Total cases),2.0530784434834195,216
22470,2020-08-25,Australian Capital Territory,log10(New cases per week),0.0,216
22471,2020-08-25,Australian Capital Territory,Slope of power-law,0.0,216
22472,2020-08-25,Australian Capital Territory,Acceleration of power-law,0.0,216
22473,2020-08-25,Australian Capital Territory,Growth Rate,0.0,216
22474,2020-08-25,Australian Capital Territory,Days since first case,216.0,216
22475,2020-08-25,Australian Capital Territory,Average Growth Rate,inf,216
22476,2020-08-25,Australian Capital Territory,Doubling time,inf,216
22477,2020-08-25,New South Wales,Total cases,3997.0,216
22478,2020-08-25,New South Wales,Total cases per million,529.8250265111348,216
22479,2020-08-25,New South Wales,New cases,6.0,216
22480,2020-08-25,New South Wales,css_per_prsn,0.7953340402969248,216
22481,2020-08-25,New South Wales,New cases per week,31.0,216
22482,2020-08-25,New South Wales,log10(Total cases),3.601734148260105,216
22483,2020-08-25,New South Wales,log10(New cases per week),1.4913616938342726,216
22484,2020-08-25,New South Wales,Slope of power-law,-89.16169357713018,216
22485,2020-08-25,New South Wales,Acceleration of power-law,5806.732796946185,216
22486,2020-08-25,New South Wales,Growth Rate,0.12536355430749171,216
22487,2020-08-25,New South Wales,Days since first case,216.0,216
22488,2020-08-25,New South Wales,Average Growth Rate,5.893304675997794,216
22489,2020-08-25,New South Wales,Doubling time,1272.9538100155235,216
22490,2020-08-25,Northern Territory,Total cases,33.0,216
22491,2020-08-25,Northern Territory,Total cases per million,135.07981989357347,216
22492,2020-08-25,Northern Territory,New cases,0.0,216
22493,2020-08-25,Northern Territory,css_per_prsn,0.0,216
22494,2020-08-25,Northern Territory,New cases per week,0.0,216
22495,2020-08-25,Northern Territory,log10(Total cases),1.5185139398778875,216
22496,2020-08-25,Northern Territory,log10(New cases per week),0.0,216
22497,2020-08-25,Northern Territory,Slope of power-law,0.0,216
22498,2020-08-25,Northern Territory,Acceleration of power-law,0.0,216
22499,2020-08-25,Northern Territory,Growth Rate,0.0,216
22500,2020-08-25,Northern Territory,Days since first case,216.0,216
22501,2020-08-25,Northern Territory,Average Growth Rate,inf,216
22502,2020-08-25,Northern Territory,Doubling time,inf,216
22503,2020-08-25,Queensland,Total cases,1107.0,216
22504,2020-08-25,Queensland,Total cases per million,218.30013803983437,216
22505,2020-08-25,Queensland,New cases,1.0,216
22506,2020-08-25,Queensland,css_per_prsn,0.19719976336028397,216
22507,2020-08-25,Queensland,New cases per week,15.0,216
22508,2020-08-25,Queensland,log10(Total cases),3.044147620878723,216
22509,2020-08-25,Queensland,log10(New cases per week),1.1760912590556813,216
22510,2020-08-25,Queensland,Slope of power-law,110.54631397379136,216
22511,2020-08-25,Queensland,Acceleration of power-law,-18640.691059729128,216
22512,2020-08-25,Queensland,Growth Rate,0.23520897412701286,216
22513,2020-08-25,Queensland,Days since first case,216.0,216
22514,2020-08-25,Queensland,Average Growth Rate,2.888406000572364,216
22515,2020-08-25,Queensland,Doubling time,623.8956961236306,216
22516,2020-08-25,South Australia,Total cases,463.0,216
22517,2020-08-25,South Australia,Total cases per million,276.08825283243885,216
22518,2020-08-25,South Australia,New cases,0.0,216
22519,2020-08-25,South Australia,css_per_prsn,0.0,216
22520,2020-08-25,South Australia,New cases per week,1.0,216
22521,2020-08-25,South Australia,log10(Total cases),2.6655809910179533,216
22522,2020-08-25,South Australia,log10(New cases per week),0.0,216
22523,2020-08-25,South Australia,Slope of power-law,0.0,216
22524,2020-08-25,South Australia,Acceleration of power-law,0.0,216
22525,2020-08-25,South Australia,Growth Rate,0.043233895373973194,216
22526,2020-08-25,South Australia,Days since first case,216.0,216
22527,2020-08-25,South Australia,Average Growth Rate,20.027616662847194,216
22528,2020-08-25,South Australia,Doubling time,4325.965199174994,216
22529,2020-08-25,Tasmania,Total cases,230.0,216
22530,2020-08-25,Tasmania,Total cases per million,446.6019417475728,216
22531,2020-08-25,Tasmania,New cases,0.0,216
22532,2020-08-25,Tasmania,css_per_prsn,0.0,216
22533,2020-08-25,Tasmania,New cases per week,0.0,216
22534,2020-08-25,Tasmania,log10(Total cases),2.361727836017593,216
22535,2020-08-25,Tasmania,log10(New cases per week),0.0,216
22536,2020-08-25,Tasmania,Slope of power-law,0.0,216
22537,2020-08-25,Tasmania,Acceleration of power-law,0.0,216
22538,2020-08-25,Tasmania,Growth Rate,0.0,216
22539,2020-08-25,Tasmania,Days since first case,216.0,216
22540,2020-08-25,Tasmania,Average Growth Rate,818795379431522.5,216
22541,2020-08-25,Tasmania,Doubling time,1.7685980195720886e+17,216
22542,2020-08-25,Victoria,Total cases,18608.0,216
22543,2020-08-25,Victoria,Total cases per million,2926.246265136028,216
22544,2020-08-25,Victoria,New cases,144.0,216
22545,2020-08-25,Victoria,css_per_prsn,22.645069979556535,216
22546,2020-08-25,Victoria,New cases per week,1162.0,216
22547,2020-08-25,Victoria,log10(Total cases),4.2696996973843735,216
22548,2020-08-25,Victoria,log10(New cases per week),3.065206128054312,216
22549,2020-08-25,Victoria,Slope of power-law,-5.693608283787012,216
22550,2020-08-25,Victoria,Acceleration of power-law,-91.54474782233919,216
22551,2020-08-25,Victoria,Growth Rate,0.8247692609805589,216
22552,2020-08-25,Victoria,Days since first case,216.0,216
22553,2020-08-25,Victoria,Average Growth Rate,0.7054341311633454,216
22554,2020-08-25,Victoria,Doubling time,152.37377233128262,216
22555,2020-08-25,Western Australia,Total cases,653.0,216
22556,2020-08-25,Western Australia,Total cases per million,252.2209347238316,216
22557,2020-08-25,Western Australia,New cases,0.0,216
22558,2020-08-25,Western Australia,css_per_prsn,0.0,216
22559,2020-08-25,Western Australia,New cases per week,6.0,216
22560,2020-08-25,Western Australia,log10(Total cases),2.814913181275074,216
22561,2020-08-25,Western Australia,log10(New cases per week),0.7781512503836436,216
22562,2020-08-25,Western Australia,Slope of power-law,37.62100551186666,216
22563,2020-08-25,Western Australia,Acceleration of power-law,0.0,216
22564,2020-08-25,Western Australia,Growth Rate,0.06133088009812941,216
22565,2020-08-25,Western Australia,Days since first case,216.0,216
22566,2020-08-25,Western Australia,Average Growth Rate,5.934939268620246,216
22567,2020-08-25,Western Australia,Doubling time,1281.9468820219731,216
22568,2020-08-26,Australian Capital Territory,Total cases,113.0,217
22569,2020-08-26,Australian Capital Territory,Total cases per million,297.36842105263156,217
22570,2020-08-26,Australian Capital Territory,New cases,0.0,217
22571,2020-08-26,Australian Capital Territory,css_per_prsn,0.0,217
22572,2020-08-26,Australian Capital Territory,New cases per week,0.0,217
22573,2020-08-26,Australian Capital Territory,log10(Total cases),2.0530784434834195,217
22574,2020-08-26,Australian Capital Territory,log10(New cases per week),0.0,217
22575,2020-08-26,Australian Capital Territory,Slope of power-law,0.0,217
22576,2020-08-26,Australian Capital Territory,Acceleration of power-law,0.0,217
22577,2020-08-26,Australian Capital Territory,Growth Rate,0.0,217
22578,2020-08-26,Australian Capital Territory,Days since first case,217.0,217
22579,2020-08-26,Australian Capital Territory,Average Growth Rate,inf,217
22580,2020-08-26,Australian Capital Territory,Doubling time,inf,217
22581,2020-08-26,New South Wales,Total cases,4006.0,217
22582,2020-08-26,New South Wales,Total cases per million,531.0180275715801,217
22583,2020-08-26,New South Wales,New cases,9.0,217
22584,2020-08-26,New South Wales,css_per_prsn,1.1930010604453871,217
22585,2020-08-26,New South Wales,New cases per week,35.0,217
22586,2020-08-26,New South Wales,log10(Total cases),3.6027109449575576,217
22587,2020-08-26,New South Wales,log10(New cases per week),1.5440680443502757,217
22588,2020-08-26,New South Wales,Slope of power-law,-69.17737941954022,217
22589,2020-08-26,New South Wales,Acceleration of power-law,20459.031249500007,217
22590,2020-08-26,New South Wales,Growth Rate,0.12520659087494365,217
22591,2020-08-26,New South Wales,Days since first case,217.0,217
22592,2020-08-26,New South Wales,Average Growth Rate,5.850588288707158,217
22593,2020-08-26,New South Wales,Doubling time,1269.5776586494533,217
22594,2020-08-26,Northern Territory,Total cases,33.0,217
22595,2020-08-26,Northern Territory,Total cases per million,135.07981989357347,217
22596,2020-08-26,Northern Territory,New cases,0.0,217
22597,2020-08-26,Northern Territory,css_per_prsn,0.0,217
22598,2020-08-26,Northern Territory,New cases per week,0.0,217
22599,2020-08-26,Northern Territory,log10(Total cases),1.5185139398778875,217
22600,2020-08-26,Northern Territory,log10(New cases per week),0.0,217
22601,2020-08-26,Northern Territory,Slope of power-law,0.0,217
22602,2020-08-26,Northern Territory,Acceleration of power-law,0.0,217
22603,2020-08-26,Northern Territory,Growth Rate,0.0,217
22604,2020-08-26,Northern Territory,Days since first case,217.0,217
22605,2020-08-26,Northern Territory,Average Growth Rate,inf,217
22606,2020-08-26,Northern Territory,Doubling time,inf,217
22607,2020-08-26,Queensland,Total cases,1110.0,217
22608,2020-08-26,Queensland,Total cases per million,218.8917373299152,217
22609,2020-08-26,Queensland,New cases,3.0,217
22610,2020-08-26,Queensland,css_per_prsn,0.5915992900808519,217
22611,2020-08-26,Queensland,New cases per week,17.0,217
22612,2020-08-26,Queensland,log10(Total cases),3.0453229787866576,217
22613,2020-08-26,Queensland,log10(New cases per week),1.2304489213782739,217
22614,2020-08-26,Queensland,Slope of power-law,123.95180583101643,217
22615,2020-08-26,Queensland,Acceleration of power-law,11405.455110077875,217
22616,2020-08-26,Queensland,Growth Rate,0.1264907842428623,217
22617,2020-08-26,Queensland,Days since first case,217.0,217
22618,2020-08-26,Queensland,Average Growth Rate,3.1304322258217363,217
22619,2020-08-26,Queensland,Doubling time,679.3037930033167,217
22620,2020-08-26,South Australia,Total cases,463.0,217
22621,2020-08-26,South Australia,Total cases per million,276.08825283243885,217
22622,2020-08-26,South Australia,New cases,0.0,217
22623,2020-08-26,South Australia,css_per_prsn,0.0,217
22624,2020-08-26,South Australia,New cases per week,1.0,217
22625,2020-08-26,South Australia,log10(Total cases),2.6655809910179533,217
22626,2020-08-26,South Australia,log10(New cases per week),0.0,217
22627,2020-08-26,South Australia,Slope of power-law,-160.1167486559099,217
22628,2020-08-26,South Australia,Acceleration of power-law,-inf,217
22629,2020-08-26,South Australia,Growth Rate,0.043215211754537596,217
22630,2020-08-26,South Australia,Days since first case,217.0,217
22631,2020-08-26,South Australia,Average Growth Rate,20.036281004630332,217
22632,2020-08-26,South Australia,Doubling time,4347.872978004782,217
22633,2020-08-26,Tasmania,Total cases,230.0,217
22634,2020-08-26,Tasmania,Total cases per million,446.6019417475728,217
22635,2020-08-26,Tasmania,New cases,0.0,217
22636,2020-08-26,Tasmania,css_per_prsn,0.0,217
22637,2020-08-26,Tasmania,New cases per week,0.0,217
22638,2020-08-26,Tasmania,log10(Total cases),2.361727836017593,217
22639,2020-08-26,Tasmania,log10(New cases per week),0.0,217
22640,2020-08-26,Tasmania,Slope of power-law,0.0,217
22641,2020-08-26,Tasmania,Acceleration of power-law,0.0,217
22642,2020-08-26,Tasmania,Growth Rate,0.0,217
22643,2020-08-26,Tasmania,Days since first case,217.0,217
22644,2020-08-26,Tasmania,Average Growth Rate,818795379431522.5,217
22645,2020-08-26,Tasmania,Doubling time,1.776785973366404e+17,217
22646,2020-08-26,Victoria,Total cases,18714.0,217
22647,2020-08-26,Victoria,Total cases per million,2942.9155527598678,217
22648,2020-08-26,Victoria,New cases,106.0,217
22649,2020-08-26,Victoria,css_per_prsn,16.669287623840226,217
22650,2020-08-26,Victoria,New cases per week,1031.0,217
22651,2020-08-26,Victoria,log10(Total cases),4.2721666251407875,217
22652,2020-08-26,Victoria,log10(New cases per week),3.0132586652835167,217
22653,2020-08-26,Victoria,Slope of power-law,-7.378085002202554,217
22654,2020-08-26,Victoria,Acceleration of power-law,-682.8236919528408,217
22655,2020-08-26,Victoria,Growth Rate,0.7417674640215708,217
22656,2020-08-26,Victoria,Days since first case,217.0,217
22657,2020-08-26,Victoria,Average Growth Rate,0.766884149704495,217
22658,2020-08-26,Victoria,Doubling time,166.41386048587543,217
22659,2020-08-26,Western Australia,Total cases,653.0,217
22660,2020-08-26,Western Australia,Total cases per million,252.2209347238316,217
22661,2020-08-26,Western Australia,New cases,0.0,217
22662,2020-08-26,Western Australia,css_per_prsn,0.0,217
22663,2020-08-26,Western Australia,New cases per week,2.0,217
22664,2020-08-26,Western Australia,log10(Total cases),2.814913181275074,217
22665,2020-08-26,Western Australia,log10(New cases per week),0.3010299956639812,217
22666,2020-08-26,Western Australia,Slope of power-law,-64.31353371453137,217
22667,2020-08-26,Western Australia,Acceleration of power-law,-inf,217
22668,2020-08-26,Western Australia,Growth Rate,0.061293288384921846,217
22669,2020-08-26,Western Australia,Days since first case,217.0,217
22670,2020-08-26,Western Australia,Average Growth Rate,7.0547934180370975,217
22671,2020-08-26,Western Australia,Doubling time,1530.8901717140502,217
22672,2020-08-27,Australian Capital Territory,Total cases,113.0,218
22673,2020-08-27,Australian Capital Territory,Total cases per million,297.36842105263156,218
22674,2020-08-27,Australian Capital Territory,New cases,0.0,218
22675,2020-08-27,Australian Capital Territory,css_per_prsn,0.0,218
22676,2020-08-27,Australian Capital Territory,New cases per week,0.0,218
22677,2020-08-27,Australian Capital Territory,log10(Total cases),2.0530784434834195,218
22678,2020-08-27,Australian Capital Territory,log10(New cases per week),0.0,218
22679,2020-08-27,Australian Capital Territory,Slope of power-law,0.0,218
22680,2020-08-27,Australian Capital Territory,Acceleration of power-law,0.0,218
22681,2020-08-27,Australian Capital Territory,Growth Rate,0.0,218
22682,2020-08-27,Australian Capital Territory,Days since first case,218.0,218
22683,2020-08-27,Australian Capital Territory,Average Growth Rate,inf,218
22684,2020-08-27,Australian Capital Territory,Doubling time,inf,218
22685,2020-08-27,New South Wales,Total cases,4019.0,218
22686,2020-08-27,New South Wales,Total cases per million,532.7412513255567,218
22687,2020-08-27,New South Wales,New cases,13.0,218
22688,2020-08-27,New South Wales,css_per_prsn,1.7232237539766704,218
22689,2020-08-27,New South Wales,New cases per week,47.0,218
22690,2020-08-27,New South Wales,log10(Total cases),3.604118006192035,218
22691,2020-08-27,New South Wales,log10(New cases per week),1.6720978579357175,218
22692,2020-08-27,New South Wales,Slope of power-law,-18.41465745190687,218
22693,2020-08-27,New South Wales,Acceleration of power-law,36077.12352795105,218
22694,2020-08-27,New South Wales,Growth Rate,0.16999150042497876,218
22695,2020-08-27,New South Wales,Days since first case,218.0,218
22696,2020-08-27,New South Wales,Average Growth Rate,5.487685747659605,218
22697,2020-08-27,New South Wales,Doubling time,1196.315492989794,218
22698,2020-08-27,Northern Territory,Total cases,33.0,218
22699,2020-08-27,Northern Territory,Total cases per million,135.07981989357347,218
22700,2020-08-27,Northern Territory,New cases,0.0,218
22701,2020-08-27,Northern Territory,css_per_prsn,0.0,218
22702,2020-08-27,Northern Territory,New cases per week,0.0,218
22703,2020-08-27,Northern Territory,log10(Total cases),1.5185139398778875,218
22704,2020-08-27,Northern Territory,log10(New cases per week),0.0,218
22705,2020-08-27,Northern Territory,Slope of power-law,0.0,218
22706,2020-08-27,Northern Territory,Acceleration of power-law,0.0,218
22707,2020-08-27,Northern Territory,Growth Rate,0.0,218
22708,2020-08-27,Northern Territory,Days since first case,218.0,218
22709,2020-08-27,Northern Territory,Average Growth Rate,inf,218
22710,2020-08-27,Northern Territory,Doubling time,inf,218
22711,2020-08-27,Queensland,Total cases,1113.0,218
22712,2020-08-27,Queensland,Total cases per million,219.48333661999607,218
22713,2020-08-27,Queensland,New cases,3.0,218
22714,2020-08-27,Queensland,css_per_prsn,0.5915992900808519,218
22715,2020-08-27,Queensland,New cases per week,19.0,218
22716,2020-08-27,Queensland,log10(Total cases),3.0464951643347082,218
22717,2020-08-27,Queensland,log10(New cases per week),1.2787536009528289,218
22718,2020-08-27,Queensland,Slope of power-law,112.76550737830544,218
22719,2020-08-27,Queensland,Acceleration of power-law,-9543.112411950333,218
22720,2020-08-27,Queensland,Growth Rate,0.1443522194153735,218
22721,2020-08-27,Queensland,Days since first case,218.0,218
22722,2020-08-27,Queensland,Average Growth Rate,3.4785555249980047,218
22723,2020-08-27,Queensland,Doubling time,758.3251044495651,218
22724,2020-08-27,South Australia,Total cases,463.0,218
22725,2020-08-27,South Australia,Total cases per million,276.08825283243885,218
22726,2020-08-27,South Australia,New cases,0.0,218
22727,2020-08-27,South Australia,css_per_prsn,0.0,218
22728,2020-08-27,South Australia,New cases per week,1.0,218
22729,2020-08-27,South Australia,log10(Total cases),2.6655809910179533,218
22730,2020-08-27,South Australia,log10(New cases per week),0.0,218
22731,2020-08-27,South Australia,Slope of power-law,-508.10798556078566,218
22732,2020-08-27,South Australia,Acceleration of power-law,-inf,218
22733,2020-08-27,South Australia,Growth Rate,0.04319654427645789,218
22734,2020-08-27,South Australia,Days since first case,218.0,218
22735,2020-08-27,South Australia,Average Growth Rate,16.032488292857515,218
22736,2020-08-27,South Australia,Doubling time,3495.082447842938,218
22737,2020-08-27,Tasmania,Total cases,230.0,218
22738,2020-08-27,Tasmania,Total cases per million,446.6019417475728,218
22739,2020-08-27,Tasmania,New cases,0.0,218
22740,2020-08-27,Tasmania,css_per_prsn,0.0,218
22741,2020-08-27,Tasmania,New cases per week,0.0,218
22742,2020-08-27,Tasmania,log10(Total cases),2.361727836017593,218
22743,2020-08-27,Tasmania,log10(New cases per week),0.0,218
22744,2020-08-27,Tasmania,Slope of power-law,0.0,218
22745,2020-08-27,Tasmania,Acceleration of power-law,0.0,218
22746,2020-08-27,Tasmania,Growth Rate,0.0,218
22747,2020-08-27,Tasmania,Days since first case,218.0,218
22748,2020-08-27,Tasmania,Average Growth Rate,818795379431522.5,218
22749,2020-08-27,Tasmania,Doubling time,1.784973927160719e+17,218
22750,2020-08-27,Victoria,Total cases,18822.0,218
22751,2020-08-27,Victoria,Total cases per million,2959.8993552445354,218
22752,2020-08-27,Victoria,New cases,108.0,218
22753,2020-08-27,Victoria,css_per_prsn,16.9838024846674,218
22754,2020-08-27,Victoria,New cases per week,970.0,218
22755,2020-08-27,Victoria,log10(Total cases),4.2746657690813885,218
22756,2020-08-27,Victoria,log10(New cases per week),2.9867717342662448,218
22757,2020-08-27,Victoria,Slope of power-law,-8.15702370530719,218
22758,2020-08-27,Victoria,Acceleration of power-law,-311.68220863553256,218
22759,2020-08-27,Victoria,Growth Rate,0.6359078095074135,218
22760,2020-08-27,Victoria,Days since first case,218.0,218
22761,2020-08-27,Victoria,Average Growth Rate,0.8573389677729686,218
22762,2020-08-27,Victoria,Doubling time,186.89989497450716,218
22763,2020-08-27,Western Australia,Total cases,655.0,218
22764,2020-08-27,Western Australia,Total cases per million,252.9934337582078,218
22765,2020-08-27,Western Australia,New cases,2.0,218
22766,2020-08-27,Western Australia,css_per_prsn,0.772499034376207,218
22767,2020-08-27,Western Australia,New cases per week,4.0,218
22768,2020-08-27,Western Australia,log10(Total cases),2.816241299991783,218
22769,2020-08-27,Western Australia,log10(New cases per week),0.6020599913279624,218
22770,2020-08-27,Western Australia,Slope of power-law,-18.158077972272004,218
22771,2020-08-27,Western Australia,Acceleration of power-law,34752.50755942796,218
22772,2020-08-27,Western Australia,Growth Rate,0.09185548071034905,218
22773,2020-08-27,Western Australia,Days since first case,218.0,218
22774,2020-08-27,Western Australia,Average Growth Rate,8.071795839092625,218
22775,2020-08-27,Western Australia,Doubling time,1759.6514929221921,218
22776,2020-08-28,Australian Capital Territory,Total cases,113.0,219
22777,2020-08-28,Australian Capital Territory,Total cases per million,297.36842105263156,219
22778,2020-08-28,Australian Capital Territory,New cases,0.0,219
22779,2020-08-28,Australian Capital Territory,css_per_prsn,0.0,219
22780,2020-08-28,Australian Capital Territory,New cases per week,0.0,219
22781,2020-08-28,Australian Capital Territory,log10(Total cases),2.0530784434834195,219
22782,2020-08-28,Australian Capital Territory,log10(New cases per week),0.0,219
22783,2020-08-28,Australian Capital Territory,Slope of power-law,0.0,219
22784,2020-08-28,Australian Capital Territory,Acceleration of power-law,0.0,219
22785,2020-08-28,Australian Capital Territory,Growth Rate,0.0,219
22786,2020-08-28,Australian Capital Territory,Days since first case,219.0,219
22787,2020-08-28,Australian Capital Territory,Average Growth Rate,inf,219
22788,2020-08-28,Australian Capital Territory,Doubling time,inf,219
22789,2020-08-28,New South Wales,Total cases,4033.0,219
22790,2020-08-28,New South Wales,Total cases per million,534.5970307529162,219
22791,2020-08-28,New South Wales,New cases,14.0,219
22792,2020-08-28,New South Wales,css_per_prsn,1.8557794273594912,219
22793,2020-08-28,New South Wales,New cases per week,52.0,219
22794,2020-08-28,New South Wales,log10(Total cases),3.605628222007619,219
22795,2020-08-28,New South Wales,log10(New cases per week),1.7160033436347992,219
22796,2020-08-28,New South Wales,Slope of power-law,1.1591166884910393,219
22797,2020-08-28,New South Wales,Acceleration of power-law,12960.911903065982,219
22798,2020-08-28,New South Wales,Growth Rate,0.224483687518707,219
22799,2020-08-28,New South Wales,Days since first case,219.0,219
22800,2020-08-28,New South Wales,Average Growth Rate,4.649111037159206,219
22801,2020-08-28,New South Wales,Doubling time,1018.1553171378661,219
22802,2020-08-28,Northern Territory,Total cases,33.0,219
22803,2020-08-28,Northern Territory,Total cases per million,135.07981989357347,219
22804,2020-08-28,Northern Territory,New cases,0.0,219
22805,2020-08-28,Northern Territory,css_per_prsn,0.0,219
22806,2020-08-28,Northern Territory,New cases per week,0.0,219
22807,2020-08-28,Northern Territory,log10(Total cases),1.5185139398778875,219
22808,2020-08-28,Northern Territory,log10(New cases per week),0.0,219
22809,2020-08-28,Northern Territory,Slope of power-law,0.0,219
22810,2020-08-28,Northern Territory,Acceleration of power-law,0.0,219
22811,2020-08-28,Northern Territory,Growth Rate,0.0,219
22812,2020-08-28,Northern Territory,Days since first case,219.0,219
22813,2020-08-28,Northern Territory,Average Growth Rate,inf,219
22814,2020-08-28,Northern Territory,Doubling time,inf,219
22815,2020-08-28,Queensland,Total cases,1117.0,219
22816,2020-08-28,Queensland,Total cases per million,220.2721356734372,219
22817,2020-08-28,Queensland,New cases,4.0,219
22818,2020-08-28,Queensland,css_per_prsn,0.7887990534411359,219
22819,2020-08-28,Queensland,New cases per week,14.0,219
22820,2020-08-28,Queensland,log10(Total cases),3.048053173115609,219
22821,2020-08-28,Queensland,log10(New cases per week),1.146128035678238,219
22822,2020-08-28,Queensland,Slope of power-law,68.05395618689013,219
22823,2020-08-28,Queensland,Acceleration of power-law,-28697.881385218752,219
22824,2020-08-28,Queensland,Growth Rate,0.19809112191608141,219
22825,2020-08-28,Queensland,Days since first case,219.0,219
22826,2020-08-28,Queensland,Average Growth Rate,3.6873194241951155,219
22827,2020-08-28,Queensland,Doubling time,807.5229538987303,219
22828,2020-08-28,South Australia,Total cases,463.0,219
22829,2020-08-28,South Australia,Total cases per million,276.08825283243885,219
22830,2020-08-28,South Australia,New cases,0.0,219
22831,2020-08-28,South Australia,css_per_prsn,0.0,219
22832,2020-08-28,South Australia,New cases per week,1.0,219
22833,2020-08-28,South Australia,log10(Total cases),2.6655809910179533,219
22834,2020-08-28,South Australia,log10(New cases per week),0.0,219
22835,2020-08-28,South Australia,Slope of power-law,-508.10798556078566,219
22836,2020-08-28,South Australia,Acceleration of power-law,0.0,219
22837,2020-08-28,South Australia,Growth Rate,0.0,219
22838,2020-08-28,South Australia,Days since first case,219.0,219
22839,2020-08-28,South Australia,Average Growth Rate,20.044945346411723,219
22840,2020-08-28,South Australia,Doubling time,4389.843030864167,219
22841,2020-08-28,Tasmania,Total cases,230.0,219
22842,2020-08-28,Tasmania,Total cases per million,446.6019417475728,219
22843,2020-08-28,Tasmania,New cases,0.0,219
22844,2020-08-28,Tasmania,css_per_prsn,0.0,219
22845,2020-08-28,Tasmania,New cases per week,0.0,219
22846,2020-08-28,Tasmania,log10(Total cases),2.361727836017593,219
22847,2020-08-28,Tasmania,log10(New cases per week),0.0,219
22848,2020-08-28,Tasmania,Slope of power-law,0.0,219
22849,2020-08-28,Tasmania,Acceleration of power-law,0.0,219
22850,2020-08-28,Tasmania,Growth Rate,0.0,219
22851,2020-08-28,Tasmania,Days since first case,219.0,219
22852,2020-08-28,Tasmania,Average Growth Rate,818795379431522.5,219
22853,2020-08-28,Tasmania,Doubling time,1.7931618809550342e+17,219
22854,2020-08-28,Victoria,Total cases,18903.0,219
22855,2020-08-28,Victoria,Total cases per million,2972.637207108036,219
22856,2020-08-28,Victoria,New cases,81.0,219
22857,2020-08-28,Victoria,css_per_prsn,12.73785186350055,219
22858,2020-08-28,Victoria,New cases per week,874.0,219
22859,2020-08-28,Victoria,log10(Total cases),4.27653073433479,219
22860,2020-08-28,Victoria,log10(New cases per week),2.941511432634403,219
22861,2020-08-28,Victoria,Slope of power-law,-9.007098540660406,219
22862,2020-08-28,Victoria,Acceleration of power-law,-455.81269345526107,219
22863,2020-08-28,Victoria,Growth Rate,0.6127621349359967,219
22864,2020-08-28,Victoria,Days since first case,219.0,219
22865,2020-08-28,Victoria,Average Growth Rate,0.9432278420207504,219
22866,2020-08-28,Victoria,Doubling time,206.56689740254433,219
22867,2020-08-28,Western Australia,Total cases,655.0,219
22868,2020-08-28,Western Australia,Total cases per million,252.9934337582078,219
22869,2020-08-28,Western Australia,New cases,0.0,219
22870,2020-08-28,Western Australia,css_per_prsn,0.0,219
22871,2020-08-28,Western Australia,New cases per week,4.0,219
22872,2020-08-28,Western Australia,log10(Total cases),2.816241299991783,219
22873,2020-08-28,Western Australia,log10(New cases per week),0.6020599913279624,219
22874,2020-08-28,Western Australia,Slope of power-law,-18.158077972272004,219
22875,2020-08-28,Western Australia,Acceleration of power-law,0.0,219
22876,2020-08-28,Western Australia,Growth Rate,0.09177118384827165,219
22877,2020-08-28,Western Australia,Days since first case,219.0,219
22878,2020-08-28,Western Australia,Average Growth Rate,9.427512162915477,219
22879,2020-08-28,Western Australia,Doubling time,2064.6251636784896,219
22880,2020-08-29,Australian Capital Territory,Total cases,113.0,220
22881,2020-08-29,Australian Capital Territory,Total cases per million,297.36842105263156,220
22882,2020-08-29,Australian Capital Territory,New cases,0.0,220
22883,2020-08-29,Australian Capital Territory,css_per_prsn,0.0,220
22884,2020-08-29,Australian Capital Territory,New cases per week,0.0,220
22885,2020-08-29,Australian Capital Territory,log10(Total cases),2.0530784434834195,220
22886,2020-08-29,Australian Capital Territory,log10(New cases per week),0.0,220
22887,2020-08-29,Australian Capital Territory,Slope of power-law,0.0,220
22888,2020-08-29,Australian Capital Territory,Acceleration of power-law,0.0,220
22889,2020-08-29,Australian Capital Territory,Growth Rate,0.0,220
22890,2020-08-29,Australian Capital Territory,Days since first case,220.0,220
22891,2020-08-29,Australian Capital Territory,Average Growth Rate,inf,220
22892,2020-08-29,Australian Capital Territory,Doubling time,inf,220
22893,2020-08-29,New South Wales,Total cases,4040.0,220
22894,2020-08-29,New South Wales,Total cases per million,535.524920466596,220
22895,2020-08-29,New South Wales,New cases,7.0,220
22896,2020-08-29,New South Wales,css_per_prsn,0.9278897136797456,220
22897,2020-08-29,New South Wales,New cases per week,55.0,220
22898,2020-08-29,New South Wales,log10(Total cases),3.606381365110605,220
22899,2020-08-29,New South Wales,log10(New cases per week),1.7403626894942439,220
22900,2020-08-29,New South Wales,Slope of power-law,12.953324517274595,220
22901,2020-08-29,New South Wales,Acceleration of power-law,15659.982521272936,220
22902,2020-08-29,New South Wales,Growth Rate,0.2438417516795223,220
22903,2020-08-29,New South Wales,Days since first case,220.0,220
22904,2020-08-29,New South Wales,Average Growth Rate,3.89896080395581,220
22905,2020-08-29,New South Wales,Doubling time,857.7713768702782,220
22906,2020-08-29,Northern Territory,Total cases,33.0,220
22907,2020-08-29,Northern Territory,Total cases per million,135.07981989357347,220
22908,2020-08-29,Northern Territory,New cases,0.0,220
22909,2020-08-29,Northern Territory,css_per_prsn,0.0,220
22910,2020-08-29,Northern Territory,New cases per week,0.0,220
22911,2020-08-29,Northern Territory,log10(Total cases),1.5185139398778875,220
22912,2020-08-29,Northern Territory,log10(New cases per week),0.0,220
22913,2020-08-29,Northern Territory,Slope of power-law,0.0,220
22914,2020-08-29,Northern Territory,Acceleration of power-law,0.0,220
22915,2020-08-29,Northern Territory,Growth Rate,0.0,220
22916,2020-08-29,Northern Territory,Days since first case,220.0,220
22917,2020-08-29,Northern Territory,Average Growth Rate,inf,220
22918,2020-08-29,Northern Territory,Doubling time,inf,220
22919,2020-08-29,Queensland,Total cases,1121.0,220
22920,2020-08-29,Queensland,Total cases per million,221.06093472687834,220
22921,2020-08-29,Queensland,New cases,4.0,220
22922,2020-08-29,Queensland,css_per_prsn,0.7887990534411359,220
22923,2020-08-29,Queensland,New cases per week,16.0,220
22924,2020-08-29,Queensland,log10(Total cases),3.049605612594973,220
22925,2020-08-29,Queensland,log10(New cases per week),1.2041199826559248,220
22926,2020-08-29,Queensland,Slope of power-law,54.80521562282729,220
22927,2020-08-29,Queensland,Acceleration of power-law,-8534.143031127101,220
22928,2020-08-29,Queensland,Growth Rate,0.26939655172413796,220
22929,2020-08-29,Queensland,Days since first case,220.0,220
22930,2020-08-29,Queensland,Average Growth Rate,3.5599329700903453,220
22931,2020-08-29,Queensland,Doubling time,783.185253419876,220
22932,2020-08-29,South Australia,Total cases,463.0,220
22933,2020-08-29,South Australia,Total cases per million,276.08825283243885,220
22934,2020-08-29,South Australia,New cases,0.0,220
22935,2020-08-29,South Australia,css_per_prsn,0.0,220
22936,2020-08-29,South Australia,New cases per week,1.0,220
22937,2020-08-29,South Australia,log10(Total cases),2.6655809910179533,220
22938,2020-08-29,South Australia,log10(New cases per week),0.0,220
22939,2020-08-29,South Australia,Slope of power-law,-508.10798556078566,220
22940,2020-08-29,South Australia,Acceleration of power-law,0.0,220
22941,2020-08-29,South Australia,Growth Rate,0.0,220
22942,2020-08-29,South Australia,Days since first case,220.0,220
22943,2020-08-29,South Australia,Average Growth Rate,26.732372935311673,220
22944,2020-08-29,South Australia,Doubling time,5881.122045768569,220
22945,2020-08-29,Tasmania,Total cases,230.0,220
22946,2020-08-29,Tasmania,Total cases per million,446.6019417475728,220
22947,2020-08-29,Tasmania,New cases,0.0,220
22948,2020-08-29,Tasmania,css_per_prsn,0.0,220
22949,2020-08-29,Tasmania,New cases per week,0.0,220
22950,2020-08-29,Tasmania,log10(Total cases),2.361727836017593,220
22951,2020-08-29,Tasmania,log10(New cases per week),0.0,220
22952,2020-08-29,Tasmania,Slope of power-law,0.0,220
22953,2020-08-29,Tasmania,Acceleration of power-law,0.0,220
22954,2020-08-29,Tasmania,Growth Rate,0.0,220
22955,2020-08-29,Tasmania,Days since first case,220.0,220
22956,2020-08-29,Tasmania,Average Growth Rate,818795379431522.5,220
22957,2020-08-29,Tasmania,Doubling time,1.8013498347493494e+17,220
22958,2020-08-29,Victoria,Total cases,19015.0,220
22959,2020-08-29,Victoria,Total cases per million,2990.2500393143578,220
22960,2020-08-29,Victoria,New cases,112.0,220
22961,2020-08-29,Victoria,css_per_prsn,17.612832206321748,220
22962,2020-08-29,Victoria,New cases per week,784.0,220
22963,2020-08-29,Victoria,log10(Total cases),4.279096329747602,220
22964,2020-08-29,Victoria,log10(New cases per week),2.8943160626844384,220
22965,2020-08-29,Victoria,Slope of power-law,-11.596413632466172,220
22966,2020-08-29,Victoria,Acceleration of power-law,-1009.2452920968054,220
22967,2020-08-29,Victoria,Growth Rate,0.5857838446981778,220
22968,2020-08-29,Victoria,Days since first case,220.0,220
22969,2020-08-29,Victoria,Average Growth Rate,1.0190372153014502,220
22970,2020-08-29,Victoria,Doubling time,224.18818736631906,220
22971,2020-08-29,Western Australia,Total cases,655.0,220
22972,2020-08-29,Western Australia,Total cases per million,252.9934337582078,220
22973,2020-08-29,Western Australia,New cases,0.0,220
22974,2020-08-29,Western Australia,css_per_prsn,0.0,220
22975,2020-08-29,Western Australia,New cases per week,3.0,220
22976,2020-08-29,Western Australia,log10(Total cases),2.816241299991783,220
22977,2020-08-29,Western Australia,log10(New cases per week),0.47712125471966244,220
22978,2020-08-29,Western Australia,Slope of power-law,-138.32094319163613,220
22979,2020-08-29,Western Australia,Acceleration of power-law,-inf,220
22980,2020-08-29,Western Australia,Growth Rate,0.06114338122898196,220
22981,2020-08-29,Western Australia,Days since first case,220.0,220
22982,2020-08-29,Western Australia,Average Growth Rate,9.433289279418736,220
22983,2020-08-29,Western Australia,Doubling time,2075.323641472122,220
22984,2020-08-30,Australian Capital Territory,Total cases,113.0,221
22985,2020-08-30,Australian Capital Territory,Total cases per million,297.36842105263156,221
22986,2020-08-30,Australian Capital Territory,New cases,0.0,221
22987,2020-08-30,Australian Capital Territory,css_per_prsn,0.0,221
22988,2020-08-30,Australian Capital Territory,New cases per week,0.0,221
22989,2020-08-30,Australian Capital Territory,log10(Total cases),2.0530784434834195,221
22990,2020-08-30,Australian Capital Territory,log10(New cases per week),0.0,221
22991,2020-08-30,Australian Capital Territory,Slope of power-law,0.0,221
22992,2020-08-30,Australian Capital Territory,Acceleration of power-law,0.0,221
22993,2020-08-30,Australian Capital Territory,Growth Rate,0.0,221
22994,2020-08-30,Australian Capital Territory,Days since first case,221.0,221
22995,2020-08-30,Australian Capital Territory,Average Growth Rate,inf,221
22996,2020-08-30,Australian Capital Territory,Doubling time,inf,221
22997,2020-08-30,New South Wales,Total cases,4050.0,221
22998,2020-08-30,New South Wales,Total cases per million,536.8504772004242,221
22999,2020-08-30,New South Wales,New cases,10.0,221
23000,2020-08-30,New South Wales,css_per_prsn,1.325556733828208,221
23001,2020-08-30,New South Wales,New cases per week,62.0,221
23002,2020-08-30,New South Wales,log10(Total cases),3.6074550232146687,221
23003,2020-08-30,New South Wales,log10(New cases per week),1.792391689498254,221
23004,2020-08-30,New South Wales,Slope of power-law,27.953497951825074,221
23005,2020-08-30,New South Wales,Acceleration of power-law,13971.08947231712,221
23006,2020-08-30,New South Wales,Growth Rate,0.2630534048044471,221
23007,2020-08-30,New South Wales,Days since first case,221.0,221
23008,2020-08-30,New South Wales,Average Growth Rate,3.376011854170645,221
23009,2020-08-30,New South Wales,Doubling time,746.0986197717125,221
23010,2020-08-30,Northern Territory,Total cases,33.0,221
23011,2020-08-30,Northern Territory,Total cases per million,135.07981989357347,221
23012,2020-08-30,Northern Territory,New cases,0.0,221
23013,2020-08-30,Northern Territory,css_per_prsn,0.0,221
23014,2020-08-30,Northern Territory,New cases per week,0.0,221
23015,2020-08-30,Northern Territory,log10(Total cases),1.5185139398778875,221
23016,2020-08-30,Northern Territory,log10(New cases per week),0.0,221
23017,2020-08-30,Northern Territory,Slope of power-law,0.0,221
23018,2020-08-30,Northern Territory,Acceleration of power-law,0.0,221
23019,2020-08-30,Northern Territory,Growth Rate,0.0,221
23020,2020-08-30,Northern Territory,Days since first case,221.0,221
23021,2020-08-30,Northern Territory,Average Growth Rate,inf,221
23022,2020-08-30,Northern Territory,Doubling time,inf,221
23023,2020-08-30,Queensland,Total cases,1122.0,221
23024,2020-08-30,Queensland,Total cases per million,221.25813449023863,221
23025,2020-08-30,Queensland,New cases,1.0,221
23026,2020-08-30,Queensland,css_per_prsn,0.19719976336028397,221
23027,2020-08-30,Queensland,New cases per week,16.0,221
23028,2020-08-30,Queensland,log10(Total cases),3.0499928569201424,221
23029,2020-08-30,Queensland,log10(New cases per week),1.2041199826559248,221
23030,2020-08-30,Queensland,Slope of power-law,66.23811350011296,221
23031,2020-08-30,Queensland,Acceleration of power-law,29523.7325228355,221
23032,2020-08-30,Queensland,Growth Rate,0.2686727565824826,221
23033,2020-08-30,Queensland,Days since first case,221.0,221
23034,2020-08-30,Queensland,Average Growth Rate,3.4416326560506567,221
23035,2020-08-30,Queensland,Doubling time,760.6008169871951,221
23036,2020-08-30,South Australia,Total cases,463.0,221
23037,2020-08-30,South Australia,Total cases per million,276.08825283243885,221
23038,2020-08-30,South Australia,New cases,0.0,221
23039,2020-08-30,South Australia,css_per_prsn,0.0,221
23040,2020-08-30,South Australia,New cases per week,0.0,221
23041,2020-08-30,South Australia,log10(Total cases),2.6655809910179533,221
23042,2020-08-30,South Australia,log10(New cases per week),0.0,221
23043,2020-08-30,South Australia,Slope of power-law,-320.58044611755616,221
23044,2020-08-30,South Australia,Acceleration of power-law,inf,221
23045,2020-08-30,South Australia,Growth Rate,0.0,221
23046,2020-08-30,South Australia,Days since first case,221.0,221
23047,2020-08-30,South Australia,Average Growth Rate,40.10722686338591,221
23048,2020-08-30,South Australia,Doubling time,8863.697136808287,221
23049,2020-08-30,Tasmania,Total cases,230.0,221
23050,2020-08-30,Tasmania,Total cases per million,446.6019417475728,221
23051,2020-08-30,Tasmania,New cases,0.0,221
23052,2020-08-30,Tasmania,css_per_prsn,0.0,221
23053,2020-08-30,Tasmania,New cases per week,0.0,221
23054,2020-08-30,Tasmania,log10(Total cases),2.361727836017593,221
23055,2020-08-30,Tasmania,log10(New cases per week),0.0,221
23056,2020-08-30,Tasmania,Slope of power-law,0.0,221
23057,2020-08-30,Tasmania,Acceleration of power-law,0.0,221
23058,2020-08-30,Tasmania,Growth Rate,0.0,221
23059,2020-08-30,Tasmania,Days since first case,221.0,221
23060,2020-08-30,Tasmania,Average Growth Rate,818795379431522.5,221
23061,2020-08-30,Tasmania,Doubling time,1.8095377885436646e+17,221
23062,2020-08-30,Victoria,Total cases,19080.0,221
23063,2020-08-30,Victoria,Total cases per million,3000.4717722912405,221
23064,2020-08-30,Victoria,New cases,65.0,221
23065,2020-08-30,Victoria,css_per_prsn,10.221732976883159,221
23066,2020-08-30,Victoria,New cases per week,750.0,221
23067,2020-08-30,Victoria,log10(Total cases),4.280578370368076,221
23068,2020-08-30,Victoria,log10(New cases per week),2.8750612633917,221
23069,2020-08-30,Victoria,Slope of power-law,-11.557632661471242,221
23070,2020-08-30,Victoria,Acceleration of power-law,26.16727939786068,221
23071,2020-08-30,Victoria,Growth Rate,0.4992912602873041,221
23072,2020-08-30,Victoria,Days since first case,221.0,221
23073,2020-08-30,Victoria,Average Growth Rate,1.1268807678858683,221
23074,2020-08-30,Victoria,Doubling time,249.0406497027769,221
23075,2020-08-30,Western Australia,Total cases,655.0,221
23076,2020-08-30,Western Australia,Total cases per million,252.9934337582078,221
23077,2020-08-30,Western Australia,New cases,0.0,221
23078,2020-08-30,Western Australia,css_per_prsn,0.0,221
23079,2020-08-30,Western Australia,New cases per week,3.0,221
23080,2020-08-30,Western Australia,log10(Total cases),2.816241299991783,221
23081,2020-08-30,Western Australia,log10(New cases per week),0.47712125471966244,221
23082,2020-08-30,Western Australia,Slope of power-law,-113.15592339848536,221
23083,2020-08-30,Western Australia,Acceleration of power-law,inf,221
23084,2020-08-30,Western Australia,Growth Rate,0.061106018942865874,221
23085,2020-08-30,Western Australia,Days since first case,221.0,221
23086,2020-08-30,Western Australia,Average Growth Rate,9.43906639645562,221
23087,2020-08-30,Western Australia,Doubling time,2086.0336736166923,221
23088,2020-08-31,Australian Capital Territory,Total cases,113.0,222
23089,2020-08-31,Australian Capital Territory,Total cases per million,297.36842105263156,222
23090,2020-08-31,Australian Capital Territory,New cases,0.0,222
23091,2020-08-31,Australian Capital Territory,css_per_prsn,0.0,222
23092,2020-08-31,Australian Capital Territory,New cases per week,0.0,222
23093,2020-08-31,Australian Capital Territory,log10(Total cases),2.0530784434834195,222
23094,2020-08-31,Australian Capital Territory,log10(New cases per week),0.0,222
23095,2020-08-31,Australian Capital Territory,Slope of power-law,0.0,222
23096,2020-08-31,Australian Capital Territory,Acceleration of power-law,0.0,222
23097,2020-08-31,Australian Capital Territory,Growth Rate,0.0,222
23098,2020-08-31,Australian Capital Territory,Days since first case,222.0,222
23099,2020-08-31,Australian Capital Territory,Average Growth Rate,inf,222
23100,2020-08-31,Australian Capital Territory,Doubling time,inf,222
23101,2020-08-31,New South Wales,Total cases,4063.0,222
23102,2020-08-31,New South Wales,Total cases per million,538.5737009544009,222
23103,2020-08-31,New South Wales,New cases,13.0,222
23104,2020-08-31,New South Wales,css_per_prsn,1.7232237539766704,222
23105,2020-08-31,New South Wales,New cases per week,72.0,222
23106,2020-08-31,New South Wales,log10(Total cases),3.6088468223264116,222
23107,2020-08-31,New South Wales,log10(New cases per week),1.8573324964312685,222
23108,2020-08-31,New South Wales,Slope of power-law,33.99684622302797,222
23109,2020-08-31,New South Wales,Acceleration of power-law,4342.1124645172,222
23110,2020-08-31,New South Wales,Growth Rate,0.28210838901262064,222
23111,2020-08-31,New South Wales,Days since first case,222.0,222
23112,2020-08-31,New South Wales,Average Growth Rate,2.928431077696793,222
23113,2020-08-31,New South Wales,Doubling time,650.111699248688,222
23114,2020-08-31,Northern Territory,Total cases,33.0,222
23115,2020-08-31,Northern Territory,Total cases per million,135.07981989357347,222
23116,2020-08-31,Northern Territory,New cases,0.0,222
23117,2020-08-31,Northern Territory,css_per_prsn,0.0,222
23118,2020-08-31,Northern Territory,New cases per week,0.0,222
23119,2020-08-31,Northern Territory,log10(Total cases),1.5185139398778875,222
23120,2020-08-31,Northern Territory,log10(New cases per week),0.0,222
23121,2020-08-31,Northern Territory,Slope of power-law,0.0,222
23122,2020-08-31,Northern Territory,Acceleration of power-law,0.0,222
23123,2020-08-31,Northern Territory,Growth Rate,0.0,222
23124,2020-08-31,Northern Territory,Days since first case,222.0,222
23125,2020-08-31,Northern Territory,Average Growth Rate,inf,222
23126,2020-08-31,Northern Territory,Doubling time,inf,222
23127,2020-08-31,Queensland,Total cases,1124.0,222
23128,2020-08-31,Queensland,Total cases per million,221.65253401695918,222
23129,2020-08-31,Queensland,New cases,2.0,222
23130,2020-08-31,Queensland,css_per_prsn,0.39439952672056794,222
23131,2020-08-31,Queensland,New cases per week,18.0,222
23132,2020-08-31,Queensland,log10(Total cases),3.0507663112330423,222
23133,2020-08-31,Queensland,log10(New cases per week),1.255272505103306,222
23134,2020-08-31,Queensland,Slope of power-law,21.49866740828236,222
23135,2020-08-31,Queensland,Acceleration of power-law,-57843.6830018969,222
23136,2020-08-31,Queensland,Growth Rate,0.25013400035733424,222
23137,2020-08-31,Queensland,Days since first case,222.0,222
23138,2020-08-31,Queensland,Average Growth Rate,3.06526880242722,222
23139,2020-08-31,Queensland,Doubling time,680.4896741388428,222
23140,2020-08-31,South Australia,Total cases,463.0,222
23141,2020-08-31,South Australia,Total cases per million,276.08825283243885,222
23142,2020-08-31,South Australia,New cases,0.0,222
23143,2020-08-31,South Australia,css_per_prsn,0.0,222
23144,2020-08-31,South Australia,New cases per week,0.0,222
23145,2020-08-31,South Australia,log10(Total cases),2.6655809910179533,222
23146,2020-08-31,South Australia,log10(New cases per week),0.0,222
23147,2020-08-31,South Australia,Slope of power-law,-320.58044611755616,222
23148,2020-08-31,South Australia,Acceleration of power-law,0.0,222
23149,2020-08-31,South Australia,Growth Rate,0.0,222
23150,2020-08-31,South Australia,Days since first case,222.0,222
23151,2020-08-31,South Australia,Average Growth Rate,80.23178614976574,222
23152,2020-08-31,South Australia,Doubling time,17811.456525247995,222
23153,2020-08-31,Tasmania,Total cases,230.0,222
23154,2020-08-31,Tasmania,Total cases per million,446.6019417475728,222
23155,2020-08-31,Tasmania,New cases,0.0,222
23156,2020-08-31,Tasmania,css_per_prsn,0.0,222
23157,2020-08-31,Tasmania,New cases per week,0.0,222
23158,2020-08-31,Tasmania,log10(Total cases),2.361727836017593,222
23159,2020-08-31,Tasmania,log10(New cases per week),0.0,222
23160,2020-08-31,Tasmania,Slope of power-law,0.0,222
23161,2020-08-31,Tasmania,Acceleration of power-law,0.0,222
23162,2020-08-31,Tasmania,Growth Rate,0.0,222
23163,2020-08-31,Tasmania,Days since first case,222.0,222
23164,2020-08-31,Tasmania,Average Growth Rate,818795379431522.5,222
23165,2020-08-31,Tasmania,Doubling time,1.8177257423379798e+17,222
23166,2020-08-31,Victoria,Total cases,19138.0,222
23167,2020-08-31,Victoria,Total cases per million,3009.592703255229,222
23168,2020-08-31,Victoria,New cases,58.0,222
23169,2020-08-31,Victoria,css_per_prsn,9.120930963988048,222
23170,2020-08-31,Victoria,New cases per week,674.0,222
23171,2020-08-31,Victoria,log10(Total cases),4.28189655024606,222
23172,2020-08-31,Victoria,log10(New cases per week),2.82865989653532,222
23173,2020-08-31,Victoria,Slope of power-law,-13.534931233814422,222
23174,2020-08-31,Victoria,Acceleration of power-law,-1500.0218144485968,222
23175,2020-08-31,Victoria,Growth Rate,0.4465131953073991,222
23176,2020-08-31,Victoria,Days since first case,222.0,222
23177,2020-08-31,Victoria,Average Growth Rate,1.2465517940145066,222
23178,2020-08-31,Victoria,Doubling time,276.73449827122045,222
23179,2020-08-31,Western Australia,Total cases,655.0,222
23180,2020-08-31,Western Australia,Total cases per million,252.9934337582078,222
23181,2020-08-31,Western Australia,New cases,0.0,222
23182,2020-08-31,Western Australia,css_per_prsn,0.0,222
23183,2020-08-31,Western Australia,New cases per week,2.0,222
23184,2020-08-31,Western Australia,log10(Total cases),2.816241299991783,222
23185,2020-08-31,Western Australia,log10(New cases per week),0.3010299956639812,222
23186,2020-08-31,Western Australia,Slope of power-law,-149.58399424338006,222
23187,2020-08-31,Western Australia,Acceleration of power-law,-inf,222
23188,2020-08-31,Western Australia,Growth Rate,0.06106870229007634,222
23189,2020-08-31,Western Australia,Days since first case,222.0,222
23190,2020-08-31,Western Australia,Average Growth Rate,9.44484351402615,222
23191,2020-08-31,Western Australia,Doubling time,2096.7552601138054,222
23192,2020-09-01,Australian Capital Territory,Total cases,113.0,223
23193,2020-09-01,Australian Capital Territory,Total cases per million,297.36842105263156,223
23194,2020-09-01,Australian Capital Territory,New cases,0.0,223
23195,2020-09-01,Australian Capital Territory,css_per_prsn,0.0,223
23196,2020-09-01,Australian Capital Territory,New cases per week,0.0,223
23197,2020-09-01,Australian Capital Territory,log10(Total cases),2.0530784434834195,223
23198,2020-09-01,Australian Capital Territory,log10(New cases per week),0.0,223
23199,2020-09-01,Australian Capital Territory,Slope of power-law,0.0,223
23200,2020-09-01,Australian Capital Territory,Acceleration of power-law,0.0,223
23201,2020-09-01,Australian Capital Territory,Growth Rate,0.0,223
23202,2020-09-01,Australian Capital Territory,Days since first case,223.0,223
23203,2020-09-01,Australian Capital Territory,Average Growth Rate,inf,223
23204,2020-09-01,Australian Capital Territory,Doubling time,inf,223
23205,2020-09-01,New South Wales,Total cases,4079.0,223
23206,2020-09-01,New South Wales,Total cases per million,540.694591728526,223
23207,2020-09-01,New South Wales,New cases,16.0,223
23208,2020-09-01,New South Wales,css_per_prsn,2.1208907741251326,223
23209,2020-09-01,New South Wales,New cases per week,82.0,223
23210,2020-09-01,New South Wales,log10(Total cases),3.6105537053170944,223
23211,2020-09-01,New South Wales,log10(New cases per week),1.9138138523837167,223
23212,2020-09-01,New South Wales,Slope of power-law,36.51673548935672,223
23213,2020-09-01,New South Wales,Acceleration of power-law,1476.3104911607054,223
23214,2020-09-01,New South Wales,Growth Rate,0.2960769800148038,223
23215,2020-09-01,New South Wales,Days since first case,223.0,223
23216,2020-09-01,New South Wales,Average Growth Rate,2.6464803087285342,223
23217,2020-09-01,New South Wales,Doubling time,590.1651088464631,223
23218,2020-09-01,Northern Territory,Total cases,33.0,223
23219,2020-09-01,Northern Territory,Total cases per million,135.07981989357347,223
23220,2020-09-01,Northern Territory,New cases,0.0,223
23221,2020-09-01,Northern Territory,css_per_prsn,0.0,223
23222,2020-09-01,Northern Territory,New cases per week,0.0,223
23223,2020-09-01,Northern Territory,log10(Total cases),1.5185139398778875,223
23224,2020-09-01,Northern Territory,log10(New cases per week),0.0,223
23225,2020-09-01,Northern Territory,Slope of power-law,0.0,223
23226,2020-09-01,Northern Territory,Acceleration of power-law,0.0,223
23227,2020-09-01,Northern Territory,Growth Rate,0.0,223
23228,2020-09-01,Northern Territory,Days since first case,223.0,223
23229,2020-09-01,Northern Territory,Average Growth Rate,inf,223
23230,2020-09-01,Northern Territory,Doubling time,inf,223
23231,2020-09-01,Queensland,Total cases,1126.0,223
23232,2020-09-01,Queensland,Total cases per million,222.04693354367976,223
23233,2020-09-01,Queensland,New cases,2.0,223
23234,2020-09-01,Queensland,css_per_prsn,0.39439952672056794,223
23235,2020-09-01,Queensland,New cases per week,19.0,223
23236,2020-09-01,Queensland,log10(Total cases),3.0515383905153275,223
23237,2020-09-01,Queensland,log10(New cases per week),1.2787536009528289,223
23238,2020-09-01,Queensland,Slope of power-law,16.22110328945492,223
23239,2020-09-01,Queensland,Acceleration of power-law,-6835.520962571444,223
23240,2020-09-01,Queensland,Growth Rate,0.23172905525846704,223
23241,2020-09-01,Queensland,Days since first case,223.0,223
23242,2020-09-01,Queensland,Average Growth Rate,2.845376910293249,223
23243,2020-09-01,Queensland,Doubling time,634.5190509953945,223
23244,2020-09-01,South Australia,Total cases,463.0,223
23245,2020-09-01,South Australia,Total cases per million,276.08825283243885,223
23246,2020-09-01,South Australia,New cases,0.0,223
23247,2020-09-01,South Australia,css_per_prsn,0.0,223
23248,2020-09-01,South Australia,New cases per week,0.0,223
23249,2020-09-01,South Australia,log10(Total cases),2.6655809910179533,223
23250,2020-09-01,South Australia,log10(New cases per week),0.0,223
23251,2020-09-01,South Australia,Slope of power-law,-320.58044611755616,223
23252,2020-09-01,South Australia,Acceleration of power-law,0.0,223
23253,2020-09-01,South Australia,Growth Rate,0.0,223
23254,2020-09-01,South Australia,Days since first case,223.0,223
23255,2020-09-01,South Australia,Average Growth Rate,134300936126170.67,223
23256,2020-09-01,South Australia,Doubling time,2.994910875613606e+16,223
23257,2020-09-01,Tasmania,Total cases,230.0,223
23258,2020-09-01,Tasmania,Total cases per million,446.6019417475728,223
23259,2020-09-01,Tasmania,New cases,0.0,223
23260,2020-09-01,Tasmania,css_per_prsn,0.0,223
23261,2020-09-01,Tasmania,New cases per week,0.0,223
23262,2020-09-01,Tasmania,log10(Total cases),2.361727836017593,223
23263,2020-09-01,Tasmania,log10(New cases per week),0.0,223
23264,2020-09-01,Tasmania,Slope of power-law,0.0,223
23265,2020-09-01,Tasmania,Acceleration of power-law,0.0,223
23266,2020-09-01,Tasmania,Growth Rate,0.0,223
23267,2020-09-01,Tasmania,Days since first case,223.0,223
23268,2020-09-01,Tasmania,Average Growth Rate,818795379431522.5,223
23269,2020-09-01,Tasmania,Doubling time,1.825913696132295e+17,223
23270,2020-09-01,Victoria,Total cases,19224.0,223
23271,2020-09-01,Victoria,Total cases per million,3023.1168422707974,223
23272,2020-09-01,Victoria,New cases,86.0,223
23273,2020-09-01,Victoria,css_per_prsn,13.524139015568485,223
23274,2020-09-01,Victoria,New cases per week,616.0,223
23275,2020-09-01,Victoria,log10(Total cases),4.283843757795844,223
23276,2020-09-01,Victoria,log10(New cases per week),2.7895807121644256,223
23277,2020-09-01,Victoria,Slope of power-law,-16.361092246050614,223
23278,2020-09-01,Victoria,Acceleration of power-law,-1451.3917699989245,223
23279,2020-09-01,Victoria,Growth Rate,0.4215604026845638,223
23280,2020-09-01,Victoria,Days since first case,223.0,223
23281,2020-09-01,Victoria,Average Growth Rate,1.3506844632286297,223
23282,2020-09-01,Victoria,Doubling time,301.2026352999844,223
23283,2020-09-01,Western Australia,Total cases,655.0,223
23284,2020-09-01,Western Australia,Total cases per million,252.9934337582078,223
23285,2020-09-01,Western Australia,New cases,0.0,223
23286,2020-09-01,Western Australia,css_per_prsn,0.0,223
23287,2020-09-01,Western Australia,New cases per week,2.0,223
23288,2020-09-01,Western Australia,log10(Total cases),2.816241299991783,223
23289,2020-09-01,Western Australia,log10(New cases per week),0.3010299956639812,223
23290,2020-09-01,Western Australia,Slope of power-law,-239.31395660078854,223
23291,2020-09-01,Western Australia,Acceleration of power-law,-inf,223
23292,2020-09-01,Western Australia,Growth Rate,0.0,223
23293,2020-09-01,Western Australia,Days since first case,223.0,223
23294,2020-09-01,Western Australia,Average Growth Rate,12.598585533032486,223
23295,2020-09-01,Western Australia,Doubling time,2809.4845738662443,223
23296,2020-09-02,Australian Capital Territory,Total cases,113.0,224
23297,2020-09-02,Australian Capital Territory,Total cases per million,297.36842105263156,224
23298,2020-09-02,Australian Capital Territory,New cases,0.0,224
23299,2020-09-02,Australian Capital Territory,css_per_prsn,0.0,224
23300,2020-09-02,Australian Capital Territory,New cases per week,0.0,224
23301,2020-09-02,Australian Capital Territory,log10(Total cases),2.0530784434834195,224
23302,2020-09-02,Australian Capital Territory,log10(New cases per week),0.0,224
23303,2020-09-02,Australian Capital Territory,Slope of power-law,0.0,224
23304,2020-09-02,Australian Capital Territory,Acceleration of power-law,0.0,224
23305,2020-09-02,Australian Capital Territory,Growth Rate,0.0,224
23306,2020-09-02,Australian Capital Territory,Days since first case,224.0,224
23307,2020-09-02,Australian Capital Territory,Average Growth Rate,inf,224
23308,2020-09-02,Australian Capital Territory,Doubling time,inf,224
23309,2020-09-02,New South Wales,Total cases,4091.0,224
23310,2020-09-02,New South Wales,Total cases per million,542.2852598091199,224
23311,2020-09-02,New South Wales,New cases,12.0,224
23312,2020-09-02,New South Wales,css_per_prsn,1.5906680805938496,224
23313,2020-09-02,New South Wales,New cases per week,85.0,224
23314,2020-09-02,New South Wales,log10(Total cases),3.6118294794983736,224
23315,2020-09-02,New South Wales,log10(New cases per week),1.9294189257142926,224
23316,2020-09-02,New South Wales,Slope of power-law,39.556093909707755,224
23317,2020-09-02,New South Wales,Acceleration of power-law,2382.3639519836224,224
23318,2020-09-02,New South Wales,Growth Rate,0.2853909363775033,224
23319,2020-09-02,New South Wales,Days since first case,224.0,224
23320,2020-09-02,New South Wales,Average Growth Rate,2.5288639706681497,224
23321,2020-09-02,New South Wales,Doubling time,566.4655294296656,224
23322,2020-09-02,Northern Territory,Total cases,33.0,224
23323,2020-09-02,Northern Territory,Total cases per million,135.07981989357347,224
23324,2020-09-02,Northern Territory,New cases,0.0,224
23325,2020-09-02,Northern Territory,css_per_prsn,0.0,224
23326,2020-09-02,Northern Territory,New cases per week,0.0,224
23327,2020-09-02,Northern Territory,log10(Total cases),1.5185139398778875,224
23328,2020-09-02,Northern Territory,log10(New cases per week),0.0,224
23329,2020-09-02,Northern Territory,Slope of power-law,0.0,224
23330,2020-09-02,Northern Territory,Acceleration of power-law,0.0,224
23331,2020-09-02,Northern Territory,Growth Rate,0.0,224
23332,2020-09-02,Northern Territory,Days since first case,224.0,224
23333,2020-09-02,Northern Territory,Average Growth Rate,inf,224
23334,2020-09-02,Northern Territory,Doubling time,inf,224
23335,2020-09-02,Queensland,Total cases,1128.0,224
23336,2020-09-02,Queensland,Total cases per million,222.44133307040033,224
23337,2020-09-02,Queensland,New cases,2.0,224
23338,2020-09-02,Queensland,css_per_prsn,0.39439952672056794,224
23339,2020-09-02,Queensland,New cases per week,18.0,224
23340,2020-09-02,Queensland,log10(Total cases),3.0523090996473234,224
23341,2020-09-02,Queensland,log10(New cases per week),1.255272505103306,224
23342,2020-09-02,Queensland,Slope of power-law,9.25666342672698,224
23343,2020-09-02,Queensland,Acceleration of power-law,-9036.405011436318,224
23344,2020-09-02,Queensland,Growth Rate,0.19569471624266144,224
23345,2020-09-02,Queensland,Days since first case,224.0,224
23346,2020-09-02,Queensland,Average Growth Rate,2.8509860954472352,224
23347,2020-09-02,Queensland,Doubling time,638.6208853801807,224
23348,2020-09-02,South Australia,Total cases,463.0,224
23349,2020-09-02,South Australia,Total cases per million,276.08825283243885,224
23350,2020-09-02,South Australia,New cases,0.0,224
23351,2020-09-02,South Australia,css_per_prsn,0.0,224
23352,2020-09-02,South Australia,New cases per week,0.0,224
23353,2020-09-02,South Australia,log10(Total cases),2.6655809910179533,224
23354,2020-09-02,South Australia,log10(New cases per week),0.0,224
23355,2020-09-02,South Australia,Slope of power-law,-inf,224
23356,2020-09-02,South Australia,Acceleration of power-law,-inf,224
23357,2020-09-02,South Australia,Growth Rate,0.0,224
23358,2020-09-02,South Australia,Days since first case,224.0,224
23359,2020-09-02,South Australia,Average Growth Rate,134300936126170.67,224
23360,2020-09-02,South Australia,Doubling time,3.008340969226223e+16,224
23361,2020-09-02,Tasmania,Total cases,230.0,224
23362,2020-09-02,Tasmania,Total cases per million,446.6019417475728,224
23363,2020-09-02,Tasmania,New cases,0.0,224
23364,2020-09-02,Tasmania,css_per_prsn,0.0,224
23365,2020-09-02,Tasmania,New cases per week,0.0,224
23366,2020-09-02,Tasmania,log10(Total cases),2.361727836017593,224
23367,2020-09-02,Tasmania,log10(New cases per week),0.0,224
23368,2020-09-02,Tasmania,Slope of power-law,0.0,224
23369,2020-09-02,Tasmania,Acceleration of power-law,0.0,224
23370,2020-09-02,Tasmania,Growth Rate,0.0,224
23371,2020-09-02,Tasmania,Days since first case,224.0,224
23372,2020-09-02,Tasmania,Average Growth Rate,818795379431522.5,224
23373,2020-09-02,Tasmania,Doubling time,1.8341016499266106e+17,224
23374,2020-09-02,Victoria,Total cases,19336.0,224
23375,2020-09-02,Victoria,Total cases per million,3040.7296744771193,224
23376,2020-09-02,Victoria,New cases,112.0,224
23377,2020-09-02,Victoria,css_per_prsn,17.612832206321748,224
23378,2020-09-02,Victoria,New cases per week,622.0,224
23379,2020-09-02,Victoria,log10(Total cases),4.286366637399594,224
23380,2020-09-02,Victoria,log10(New cases per week),2.7937903846908188,224
23381,2020-09-02,Victoria,Slope of power-law,-13.840357025810338,224
23382,2020-09-02,Victoria,Acceleration of power-law,999.1500254287652,224
23383,2020-09-02,Victoria,Growth Rate,0.4520163268714833,224
23384,2020-09-02,Victoria,Days since first case,224.0,224
23385,2020-09-02,Victoria,Average Growth Rate,1.4409555518181314,224
23386,2020-09-02,Victoria,Doubling time,322.77404360726143,224
23387,2020-09-02,Western Australia,Total cases,655.0,224
23388,2020-09-02,Western Australia,Total cases per million,252.9934337582078,224
23389,2020-09-02,Western Australia,New cases,0.0,224
23390,2020-09-02,Western Australia,css_per_prsn,0.0,224
23391,2020-09-02,Western Australia,New cases per week,2.0,224
23392,2020-09-02,Western Australia,log10(Total cases),2.816241299991783,224
23393,2020-09-02,Western Australia,log10(New cases per week),0.3010299956639812,224
23394,2020-09-02,Western Australia,Slope of power-law,-239.31395660078854,224
23395,2020-09-02,Western Australia,Acceleration of power-law,0.0,224
23396,2020-09-02,Western Australia,Growth Rate,0.0,224
23397,2020-09-02,Western Australia,Days since first case,224.0,224
23398,2020-09-02,Western Australia,Average Growth Rate,18.905584643610304,224
23399,2020-09-02,Western Australia,Doubling time,4234.850960168708,224
23400,2020-09-03,Australian Capital Territory,Total cases,113.0,225
23401,2020-09-03,Australian Capital Territory,Total cases per million,297.36842105263156,225
23402,2020-09-03,Australian Capital Territory,New cases,0.0,225
23403,2020-09-03,Australian Capital Territory,css_per_prsn,0.0,225
23404,2020-09-03,Australian Capital Territory,New cases per week,0.0,225
23405,2020-09-03,Australian Capital Territory,log10(Total cases),2.0530784434834195,225
23406,2020-09-03,Australian Capital Territory,log10(New cases per week),0.0,225
23407,2020-09-03,Australian Capital Territory,Slope of power-law,0.0,225
23408,2020-09-03,Australian Capital Territory,Acceleration of power-law,0.0,225
23409,2020-09-03,Australian Capital Territory,Growth Rate,0.0,225
23410,2020-09-03,Australian Capital Territory,Days since first case,225.0,225
23411,2020-09-03,Australian Capital Territory,Average Growth Rate,inf,225
23412,2020-09-03,Australian Capital Territory,Doubling time,inf,225
23413,2020-09-03,New South Wales,Total cases,4099.0,225
23414,2020-09-03,New South Wales,Total cases per million,543.3457051961824,225
23415,2020-09-03,New South Wales,New cases,8.0,225
23416,2020-09-03,New South Wales,css_per_prsn,1.0604453870625663,225
23417,2020-09-03,New South Wales,New cases per week,80.0,225
23418,2020-09-03,New South Wales,log10(Total cases),3.6126779183165016,225
23419,2020-09-03,New South Wales,log10(New cases per week),1.9030899869919435,225
23420,2020-09-03,New South Wales,Slope of power-law,34.31644276260397,225
23421,2020-09-03,New South Wales,Acceleration of power-law,-6175.638166420152,225
23422,2020-09-03,New South Wales,Growth Rate,0.2894711019527034,225
23423,2020-09-03,New South Wales,Days since first case,225.0,225
23424,2020-09-03,New South Wales,Average Growth Rate,2.4473793624256976,225
23425,2020-09-03,New South Wales,Doubling time,550.660356545782,225
23426,2020-09-03,Northern Territory,Total cases,33.0,225
23427,2020-09-03,Northern Territory,Total cases per million,135.07981989357347,225
23428,2020-09-03,Northern Territory,New cases,0.0,225
23429,2020-09-03,Northern Territory,css_per_prsn,0.0,225
23430,2020-09-03,Northern Territory,New cases per week,0.0,225
23431,2020-09-03,Northern Territory,log10(Total cases),1.5185139398778875,225
23432,2020-09-03,Northern Territory,log10(New cases per week),0.0,225
23433,2020-09-03,Northern Territory,Slope of power-law,0.0,225
23434,2020-09-03,Northern Territory,Acceleration of power-law,0.0,225
23435,2020-09-03,Northern Territory,Growth Rate,0.0,225
23436,2020-09-03,Northern Territory,Days since first case,225.0,225
23437,2020-09-03,Northern Territory,Average Growth Rate,inf,225
23438,2020-09-03,Northern Territory,Doubling time,inf,225
23439,2020-09-03,Queensland,Total cases,1128.0,225
23440,2020-09-03,Queensland,Total cases per million,222.44133307040033,225
23441,2020-09-03,Queensland,New cases,0.0,225
23442,2020-09-03,Queensland,css_per_prsn,0.0,225
23443,2020-09-03,Queensland,New cases per week,15.0,225
23444,2020-09-03,Queensland,log10(Total cases),3.0523090996473234,225
23445,2020-09-03,Queensland,log10(New cases per week),1.1760912590556813,225
23446,2020-09-03,Queensland,Slope of power-law,0.0,225
23447,2020-09-03,Queensland,Acceleration of power-law,-inf,225
23448,2020-09-03,Queensland,Growth Rate,0.12437810945273632,225
23449,2020-09-03,Queensland,Days since first case,225.0,225
23450,2020-09-03,Queensland,Average Growth Rate,3.237164151429115,225
23451,2020-09-03,Queensland,Doubling time,728.3619340715509,225
23452,2020-09-03,South Australia,Total cases,463.0,225
23453,2020-09-03,South Australia,Total cases per million,276.08825283243885,225
23454,2020-09-03,South Australia,New cases,0.0,225
23455,2020-09-03,South Australia,css_per_prsn,0.0,225
23456,2020-09-03,South Australia,New cases per week,0.0,225
23457,2020-09-03,South Australia,log10(Total cases),2.6655809910179533,225
23458,2020-09-03,South Australia,log10(New cases per week),0.0,225
23459,2020-09-03,South Australia,Slope of power-law,0.0,225
23460,2020-09-03,South Australia,Acceleration of power-law,0.0,225
23461,2020-09-03,South Australia,Growth Rate,0.0,225
23462,2020-09-03,South Australia,Days since first case,225.0,225
23463,2020-09-03,South Australia,Average Growth Rate,134300936126170.67,225
23464,2020-09-03,South Australia,Doubling time,3.02177106283884e+16,225
23465,2020-09-03,Tasmania,Total cases,230.0,225
23466,2020-09-03,Tasmania,Total cases per million,446.6019417475728,225
23467,2020-09-03,Tasmania,New cases,0.0,225
23468,2020-09-03,Tasmania,css_per_prsn,0.0,225
23469,2020-09-03,Tasmania,New cases per week,0.0,225
23470,2020-09-03,Tasmania,log10(Total cases),2.361727836017593,225
23471,2020-09-03,Tasmania,log10(New cases per week),0.0,225
23472,2020-09-03,Tasmania,Slope of power-law,0.0,225
23473,2020-09-03,Tasmania,Acceleration of power-law,0.0,225
23474,2020-09-03,Tasmania,Growth Rate,0.0,225
23475,2020-09-03,Tasmania,Days since first case,225.0,225
23476,2020-09-03,Tasmania,Average Growth Rate,818795379431522.5,225
23477,2020-09-03,Tasmania,Doubling time,1.8422896037209258e+17,225
23478,2020-09-03,Victoria,Total cases,19415.0,225
23479,2020-09-03,Victoria,Total cases per million,3053.1530114797924,225
23480,2020-09-03,Victoria,New cases,79.0,225
23481,2020-09-03,Victoria,css_per_prsn,12.423337002673376,225
23482,2020-09-03,Victoria,New cases per week,593.0,225
23483,2020-09-03,Victoria,log10(Total cases),4.2881373948820665,225
23484,2020-09-03,Victoria,log10(New cases per week),2.7730546933642626,225
23485,2020-09-03,Victoria,Slope of power-law,-14.461833499372833,225
23486,2020-09-03,Victoria,Acceleration of power-law,-350.96645346071165,225
23487,2020-09-03,Victoria,Growth Rate,0.41583067374964916,225
23488,2020-09-03,Victoria,Days since first case,225.0,225
23489,2020-09-03,Victoria,Average Growth Rate,1.5505178576247254,225
23490,2020-09-03,Victoria,Doubling time,348.8665179655632,225
23491,2020-09-03,Western Australia,Total cases,655.0,225
23492,2020-09-03,Western Australia,Total cases per million,252.9934337582078,225
23493,2020-09-03,Western Australia,New cases,0.0,225
23494,2020-09-03,Western Australia,css_per_prsn,0.0,225
23495,2020-09-03,Western Australia,New cases per week,0.0,225
23496,2020-09-03,Western Australia,log10(Total cases),2.816241299991783,225
23497,2020-09-03,Western Australia,log10(New cases per week),0.0,225
23498,2020-09-03,Western Australia,Slope of power-law,-585.9048898216365,225
23499,2020-09-03,Western Australia,Acceleration of power-law,-inf,225
23500,2020-09-03,Western Australia,Growth Rate,0.0,225
23501,2020-09-03,Western Australia,Days since first case,225.0,225
23502,2020-09-03,Western Australia,Average Growth Rate,28.367045718010317,225
23503,2020-09-03,Western Australia,Doubling time,6382.585286552321,225
23504,2020-09-04,Australian Capital Territory,Total cases,113.0,226
23505,2020-09-04,Australian Capital Territory,Total cases per million,297.36842105263156,226
23506,2020-09-04,Australian Capital Territory,New cases,0.0,226
23507,2020-09-04,Australian Capital Territory,css_per_prsn,0.0,226
23508,2020-09-04,Australian Capital Territory,New cases per week,0.0,226
23509,2020-09-04,Australian Capital Territory,log10(Total cases),2.0530784434834195,226
23510,2020-09-04,Australian Capital Territory,log10(New cases per week),0.0,226
23511,2020-09-04,Australian Capital Territory,Slope of power-law,0.0,226
23512,2020-09-04,Australian Capital Territory,Acceleration of power-law,0.0,226
23513,2020-09-04,Australian Capital Territory,Growth Rate,0.0,226
23514,2020-09-04,Australian Capital Territory,Days since first case,226.0,226
23515,2020-09-04,Australian Capital Territory,Average Growth Rate,inf,226
23516,2020-09-04,Australian Capital Territory,Doubling time,inf,226
23517,2020-09-04,New South Wales,Total cases,4104.0,226
23518,2020-09-04,New South Wales,Total cases per million,544.0084835630965,226
23519,2020-09-04,New South Wales,New cases,5.0,226
23520,2020-09-04,New South Wales,css_per_prsn,0.662778366914104,226
23521,2020-09-04,New South Wales,New cases per week,71.0,226
23522,2020-09-04,New South Wales,log10(Total cases),3.61320735210376,226
23523,2020-09-04,New South Wales,log10(New cases per week),1.8512583487190752,226
23524,2020-09-04,New South Wales,Slope of power-law,31.368452943842556,226
23525,2020-09-04,New South Wales,Acceleration of power-law,-5568.193586638134,226
23526,2020-09-04,New South Wales,Growth Rate,0.26423957721667646,226
23527,2020-09-04,New South Wales,Days since first case,226.0,226
23528,2020-09-04,New South Wales,Average Growth Rate,2.445331073043544,226
23529,2020-09-04,New South Wales,Doubling time,552.6448225078409,226
23530,2020-09-04,Northern Territory,Total cases,33.0,226
23531,2020-09-04,Northern Territory,Total cases per million,135.07981989357347,226
23532,2020-09-04,Northern Territory,New cases,0.0,226
23533,2020-09-04,Northern Territory,css_per_prsn,0.0,226
23534,2020-09-04,Northern Territory,New cases per week,0.0,226
23535,2020-09-04,Northern Territory,log10(Total cases),1.5185139398778875,226
23536,2020-09-04,Northern Territory,log10(New cases per week),0.0,226
23537,2020-09-04,Northern Territory,Slope of power-law,0.0,226
23538,2020-09-04,Northern Territory,Acceleration of power-law,0.0,226
23539,2020-09-04,Northern Territory,Growth Rate,0.0,226
23540,2020-09-04,Northern Territory,Days since first case,226.0,226
23541,2020-09-04,Northern Territory,Average Growth Rate,inf,226
23542,2020-09-04,Northern Territory,Doubling time,inf,226
23543,2020-09-04,Queensland,Total cases,1129.0,226
23544,2020-09-04,Queensland,Total cases per million,222.63853283376062,226
23545,2020-09-04,Queensland,New cases,1.0,226
23546,2020-09-04,Queensland,css_per_prsn,0.19719976336028397,226
23547,2020-09-04,Queensland,New cases per week,12.0,226
23548,2020-09-04,Queensland,log10(Total cases),3.052693941924968,226
23549,2020-09-04,Queensland,log10(New cases per week),1.0791812460476249,226
23550,2020-09-04,Queensland,Slope of power-law,-11.339383634626605,226
23551,2020-09-04,Queensland,Acceleration of power-law,-29465.01539288419,226
23552,2020-09-04,Queensland,Growth Rate,0.12422360248447203,226
23553,2020-09-04,Queensland,Days since first case,226.0,226
23554,2020-09-04,Queensland,Average Growth Rate,3.7420508707595306,226
23555,2020-09-04,Queensland,Doubling time,845.703496791654,226
23556,2020-09-04,South Australia,Total cases,463.0,226
23557,2020-09-04,South Australia,Total cases per million,276.08825283243885,226
23558,2020-09-04,South Australia,New cases,0.0,226
23559,2020-09-04,South Australia,css_per_prsn,0.0,226
23560,2020-09-04,South Australia,New cases per week,0.0,226
23561,2020-09-04,South Australia,log10(Total cases),2.6655809910179533,226
23562,2020-09-04,South Australia,log10(New cases per week),0.0,226
23563,2020-09-04,South Australia,Slope of power-law,0.0,226
23564,2020-09-04,South Australia,Acceleration of power-law,0.0,226
23565,2020-09-04,South Australia,Growth Rate,0.0,226
23566,2020-09-04,South Australia,Days since first case,226.0,226
23567,2020-09-04,South Australia,Average Growth Rate,134300936126170.67,226
23568,2020-09-04,South Australia,Doubling time,3.0352011564514572e+16,226
23569,2020-09-04,Tasmania,Total cases,231.0,226
23570,2020-09-04,Tasmania,Total cases per million,448.54368932038835,226
23571,2020-09-04,Tasmania,New cases,1.0,226
23572,2020-09-04,Tasmania,css_per_prsn,1.941747572815534,226
23573,2020-09-04,Tasmania,New cases per week,1.0,226
23574,2020-09-04,Tasmania,log10(Total cases),2.3636119798921444,226
23575,2020-09-04,Tasmania,log10(New cases per week),0.0,226
23576,2020-09-04,Tasmania,Slope of power-law,0.0,226
23577,2020-09-04,Tasmania,Acceleration of power-law,0.0,226
23578,2020-09-04,Tasmania,Growth Rate,0.08688097306689835,226
23579,2020-09-04,Tasmania,Days since first case,226.0,226
23580,2020-09-04,Tasmania,Average Growth Rate,39.890620241222905,226
23581,2020-09-04,Tasmania,Doubling time,9015.280174516376,226
23582,2020-09-04,Victoria,Total cases,19479.0,226
23583,2020-09-04,Victoria,Total cases per million,3063.217487026262,226
23584,2020-09-04,Victoria,New cases,64.0,226
23585,2020-09-04,Victoria,css_per_prsn,10.06447554646957,226
23586,2020-09-04,Victoria,New cases per week,576.0,226
23587,2020-09-04,Victoria,log10(Total cases),4.2895666575924185,226
23588,2020-09-04,Victoria,log10(New cases per week),2.760422483423212,226
23589,2020-09-04,Victoria,Slope of power-law,-15.341231946882324,226
23590,2020-09-04,Victoria,Acceleration of power-law,-615.2811803876743,226
23591,2020-09-04,Victoria,Growth Rate,0.4130776875931753,226
23592,2020-09-04,Victoria,Days since first case,226.0,226
23593,2020-09-04,Victoria,Average Growth Rate,1.612721575929152,226
23594,2020-09-04,Victoria,Doubling time,364.47507615998836,226
23595,2020-09-04,Western Australia,Total cases,655.0,226
23596,2020-09-04,Western Australia,Total cases per million,252.9934337582078,226
23597,2020-09-04,Western Australia,New cases,0.0,226
23598,2020-09-04,Western Australia,css_per_prsn,0.0,226
23599,2020-09-04,Western Australia,New cases per week,0.0,226
23600,2020-09-04,Western Australia,log10(Total cases),2.816241299991783,226
23601,2020-09-04,Western Australia,log10(New cases per week),0.0,226
23602,2020-09-04,Western Australia,Slope of power-law,-585.9048898216365,226
23603,2020-09-04,Western Australia,Acceleration of power-law,0.0,226
23604,2020-09-04,Western Australia,Growth Rate,0.0,226
23605,2020-09-04,Western Australia,Days since first case,226.0,226
23606,2020-09-04,Western Australia,Average Growth Rate,56.75142540835571,226
23607,2020-09-04,Western Australia,Doubling time,12825.82214228839,226
23608,2020-09-05,Australian Capital Territory,Total cases,113.0,227
23609,2020-09-05,Australian Capital Territory,Total cases per million,297.36842105263156,227
23610,2020-09-05,Australian Capital Territory,New cases,0.0,227
23611,2020-09-05,Australian Capital Territory,css_per_prsn,0.0,227
23612,2020-09-05,Australian Capital Territory,New cases per week,0.0,227
23613,2020-09-05,Australian Capital Territory,log10(Total cases),2.0530784434834195,227
23614,2020-09-05,Australian Capital Territory,log10(New cases per week),0.0,227
23615,2020-09-05,Australian Capital Territory,Slope of power-law,0.0,227
23616,2020-09-05,Australian Capital Territory,Acceleration of power-law,0.0,227
23617,2020-09-05,Australian Capital Territory,Growth Rate,0.0,227
23618,2020-09-05,Australian Capital Territory,Days since first case,227.0,227
23619,2020-09-05,Australian Capital Territory,Average Growth Rate,inf,227
23620,2020-09-05,Australian Capital Territory,Doubling time,inf,227
23621,2020-09-05,New South Wales,Total cases,4114.0,227
23622,2020-09-05,New South Wales,Total cases per million,545.3340402969247,227
23623,2020-09-05,New South Wales,New cases,10.0,227
23624,2020-09-05,New South Wales,css_per_prsn,1.325556733828208,227
23625,2020-09-05,New South Wales,New cases per week,74.0,227
23626,2020-09-05,New South Wales,log10(Total cases),3.614264287358705,227
23627,2020-09-05,New South Wales,log10(New cases per week),1.8692317197309762,227
23628,2020-09-05,New South Wales,Slope of power-law,28.144554544527512,227
23629,2020-09-05,New South Wales,Acceleration of power-law,-3050.232627051652,227
23630,2020-09-05,New South Wales,Growth Rate,0.24893835114950946,227
23631,2020-09-05,New South Wales,Days since first case,227.0,227
23632,2020-09-05,New South Wales,Average Growth Rate,2.503932858444284,227
23633,2020-09-05,New South Wales,Doubling time,568.3927588668524,227
23634,2020-09-05,Northern Territory,Total cases,33.0,227
23635,2020-09-05,Northern Territory,Total cases per million,135.07981989357347,227
23636,2020-09-05,Northern Territory,New cases,0.0,227
23637,2020-09-05,Northern Territory,css_per_prsn,0.0,227
23638,2020-09-05,Northern Territory,New cases per week,0.0,227
23639,2020-09-05,Northern Territory,log10(Total cases),1.5185139398778875,227
23640,2020-09-05,Northern Territory,log10(New cases per week),0.0,227
23641,2020-09-05,Northern Territory,Slope of power-law,0.0,227
23642,2020-09-05,Northern Territory,Acceleration of power-law,0.0,227
23643,2020-09-05,Northern Territory,Growth Rate,0.0,227
23644,2020-09-05,Northern Territory,Days since first case,227.0,227
23645,2020-09-05,Northern Territory,Average Growth Rate,inf,227
23646,2020-09-05,Northern Territory,Doubling time,inf,227
23647,2020-09-05,Queensland,Total cases,1131.0,227
23648,2020-09-05,Queensland,Total cases per million,223.03293236048117,227
23649,2020-09-05,Queensland,New cases,2.0,227
23650,2020-09-05,Queensland,css_per_prsn,0.39439952672056794,227
23651,2020-09-05,Queensland,New cases per week,10.0,227
23652,2020-09-05,Queensland,log10(Total cases),3.053462604925455,227
23653,2020-09-05,Queensland,log10(New cases per week),1.0,227
23654,2020-09-05,Queensland,Slope of power-law,-28.31197863988337,227
23655,2020-09-05,Queensland,Acceleration of power-law,-22080.671236285994,227
23656,2020-09-05,Queensland,Growth Rate,0.12406947890818856,227
23657,2020-09-05,Queensland,Days since first case,227.0,227
23658,2020-09-05,Queensland,Average Growth Rate,4.331655698262939,227
23659,2020-09-05,Queensland,Doubling time,983.285843505687,227
23660,2020-09-05,South Australia,Total cases,464.0,227
23661,2020-09-05,South Australia,Total cases per million,276.6845557543232,227
23662,2020-09-05,South Australia,New cases,1.0,227
23663,2020-09-05,South Australia,css_per_prsn,0.5963029218843172,227
23664,2020-09-05,South Australia,New cases per week,1.0,227
23665,2020-09-05,South Australia,log10(Total cases),2.6665179805548807,227
23666,2020-09-05,South Australia,log10(New cases per week),0.0,227
23667,2020-09-05,South Australia,Slope of power-law,0.0,227
23668,2020-09-05,South Australia,Acceleration of power-law,0.0,227
23669,2020-09-05,South Australia,Growth Rate,0.04317789291882557,227
23670,2020-09-05,South Australia,Days since first case,227.0,227
23671,2020-09-05,South Australia,Average Growth Rate,80.26644350879369,227
23672,2020-09-05,South Australia,Doubling time,18220.482676496165,227
23673,2020-09-05,Tasmania,Total cases,230.0,227
23674,2020-09-05,Tasmania,Total cases per million,446.6019417475728,227
23675,2020-09-05,Tasmania,New cases,-1.0,227
23676,2020-09-05,Tasmania,css_per_prsn,-1.941747572815534,227
23677,2020-09-05,Tasmania,New cases per week,0.0,227
23678,2020-09-05,Tasmania,log10(Total cases),2.361727836017593,227
23679,2020-09-05,Tasmania,log10(New cases per week),0.0,227
23680,2020-09-05,Tasmania,Slope of power-law,0.0,227
23681,2020-09-05,Tasmania,Acceleration of power-law,0.0,227
23682,2020-09-05,Tasmania,Growth Rate,0.0,227
23683,2020-09-05,Tasmania,Days since first case,227.0,227
23684,2020-09-05,Tasmania,Average Growth Rate,39.890620241222905,227
23685,2020-09-05,Tasmania,Doubling time,9055.1707947576,227
23686,2020-09-05,Victoria,Total cases,19538.0,227
23687,2020-09-05,Victoria,Total cases per million,3072.4956754206637,227
23688,2020-09-05,Victoria,New cases,59.0,227
23689,2020-09-05,Victoria,css_per_prsn,9.278188394401635,227
23690,2020-09-05,Victoria,New cases per week,523.0,227
23691,2020-09-05,Victoria,log10(Total cases),4.290880105267162,227
23692,2020-09-05,Victoria,log10(New cases per week),2.718501688867274,227
23693,2020-09-05,Victoria,Slope of power-law,-15.751050816081039,227
23694,2020-09-05,Victoria,Acceleration of power-law,-312.01765938551665,227
23695,2020-09-05,Victoria,Growth Rate,0.41240514681623225,227
23696,2020-09-05,Victoria,Days since first case,227.0,227
23697,2020-09-05,Victoria,Average Growth Rate,1.6387308622427386,227
23698,2020-09-05,Victoria,Doubling time,371.99190572910163,227
23699,2020-09-05,Western Australia,Total cases,655.0,227
23700,2020-09-05,Western Australia,Total cases per million,252.9934337582078,227
23701,2020-09-05,Western Australia,New cases,0.0,227
23702,2020-09-05,Western Australia,css_per_prsn,0.0,227
23703,2020-09-05,Western Australia,New cases per week,0.0,227
23704,2020-09-05,Western Australia,log10(Total cases),2.816241299991783,227
23705,2020-09-05,Western Australia,log10(New cases per week),0.0,227
23706,2020-09-05,Western Australia,Slope of power-law,-226.65895139994487,227
23707,2020-09-05,Western Australia,Acceleration of power-law,inf,227
23708,2020-09-05,Western Australia,Growth Rate,0.0,227
23709,2020-09-05,Western Australia,Days since first case,227.0,227
23710,2020-09-05,Western Australia,Average Growth Rate,inf,227
23711,2020-09-05,Western Australia,Doubling time,inf,227
23712,2020-09-06,Australian Capital Territory,Total cases,113.0,228
23713,2020-09-06,Australian Capital Territory,Total cases per million,297.36842105263156,228
23714,2020-09-06,Australian Capital Territory,New cases,0.0,228
23715,2020-09-06,Australian Capital Territory,css_per_prsn,0.0,228
23716,2020-09-06,Australian Capital Territory,New cases per week,0.0,228
23717,2020-09-06,Australian Capital Territory,log10(Total cases),2.0530784434834195,228
23718,2020-09-06,Australian Capital Territory,log10(New cases per week),0.0,228
23719,2020-09-06,Australian Capital Territory,Slope of power-law,0.0,228
23720,2020-09-06,Australian Capital Territory,Acceleration of power-law,0.0,228
23721,2020-09-06,Australian Capital Territory,Growth Rate,0.0,228
23722,2020-09-06,Australian Capital Territory,Days since first case,228.0,228
23723,2020-09-06,Australian Capital Territory,Average Growth Rate,inf,228
23724,2020-09-06,Australian Capital Territory,Doubling time,inf,228
23725,2020-09-06,New South Wales,Total cases,4118.0,228
23726,2020-09-06,New South Wales,Total cases per million,545.864262990456,228
23727,2020-09-06,New South Wales,New cases,4.0,228
23728,2020-09-06,New South Wales,css_per_prsn,0.5302226935312832,228
23729,2020-09-06,New South Wales,New cases per week,68.0,228
23730,2020-09-06,New South Wales,log10(Total cases),3.6146863422820124,228
23731,2020-09-06,New South Wales,log10(New cases per week),1.8325089127062364,228
23732,2020-09-06,New South Wales,Slope of power-law,15.178458879884392,228
23733,2020-09-06,New South Wales,Acceleration of power-law,-30721.346793073215,228
23734,2020-09-06,New South Wales,Growth Rate,0.19000292312189418,228
23735,2020-09-06,New South Wales,Days since first case,228.0,228
23736,2020-09-06,New South Wales,Average Growth Rate,2.7117524227160352,228
23737,2020-09-06,New South Wales,Doubling time,618.2795523792561,228
23738,2020-09-06,Northern Territory,Total cases,33.0,228
23739,2020-09-06,Northern Territory,Total cases per million,135.07981989357347,228
23740,2020-09-06,Northern Territory,New cases,0.0,228
23741,2020-09-06,Northern Territory,css_per_prsn,0.0,228
23742,2020-09-06,Northern Territory,New cases per week,0.0,228
23743,2020-09-06,Northern Territory,log10(Total cases),1.5185139398778875,228
23744,2020-09-06,Northern Territory,log10(New cases per week),0.0,228
23745,2020-09-06,Northern Territory,Slope of power-law,0.0,228
23746,2020-09-06,Northern Territory,Acceleration of power-law,0.0,228
23747,2020-09-06,Northern Territory,Growth Rate,0.0,228
23748,2020-09-06,Northern Territory,Days since first case,228.0,228
23749,2020-09-06,Northern Territory,Average Growth Rate,inf,228
23750,2020-09-06,Northern Territory,Doubling time,inf,228
23751,2020-09-06,Queensland,Total cases,1133.0,228
23752,2020-09-06,Queensland,Total cases per million,223.42733188720175,228
23753,2020-09-06,Queensland,New cases,2.0,228
23754,2020-09-06,Queensland,css_per_prsn,0.39439952672056794,228
23755,2020-09-06,Queensland,New cases per week,11.0,228
23756,2020-09-06,Queensland,log10(Total cases),3.0542299098633974,228
23757,2020-09-06,Queensland,log10(New cases per week),1.0413926851582251,228
23758,2020-09-06,Queensland,Slope of power-law,-30.68761795901397,228
23759,2020-09-06,Queensland,Acceleration of power-law,-3096.0824069524956,228
23760,2020-09-06,Queensland,Growth Rate,0.12391573729863693,228
23761,2020-09-06,Queensland,Days since first case,228.0,228
23762,2020-09-06,Queensland,Average Growth Rate,5.006251329789579,228
23763,2020-09-06,Queensland,Doubling time,1141.425303192024,228
23764,2020-09-06,South Australia,Total cases,464.0,228
23765,2020-09-06,South Australia,Total cases per million,276.6845557543232,228
23766,2020-09-06,South Australia,New cases,0.0,228
23767,2020-09-06,South Australia,css_per_prsn,0.0,228
23768,2020-09-06,South Australia,New cases per week,1.0,228
23769,2020-09-06,South Australia,log10(Total cases),2.6665179805548807,228
23770,2020-09-06,South Australia,log10(New cases per week),0.0,228
23771,2020-09-06,South Australia,Slope of power-law,0.0,228
23772,2020-09-06,South Australia,Acceleration of power-law,0.0,228
23773,2020-09-06,South Australia,Growth Rate,0.04315925766076824,228
23774,2020-09-06,South Australia,Days since first case,228.0,228
23775,2020-09-06,South Australia,Average Growth Rate,40.14188422402991,228
23776,2020-09-06,South Australia,Doubling time,9152.34960307882,228
23777,2020-09-06,Tasmania,Total cases,230.0,228
23778,2020-09-06,Tasmania,Total cases per million,446.6019417475728,228
23779,2020-09-06,Tasmania,New cases,0.0,228
23780,2020-09-06,Tasmania,css_per_prsn,0.0,228
23781,2020-09-06,Tasmania,New cases per week,0.0,228
23782,2020-09-06,Tasmania,log10(Total cases),2.361727836017593,228
23783,2020-09-06,Tasmania,log10(New cases per week),0.0,228
23784,2020-09-06,Tasmania,Slope of power-law,0.0,228
23785,2020-09-06,Tasmania,Acceleration of power-law,0.0,228
23786,2020-09-06,Tasmania,Growth Rate,0.0,228
23787,2020-09-06,Tasmania,Days since first case,228.0,228
23788,2020-09-06,Tasmania,Average Growth Rate,39.890620241222905,228
23789,2020-09-06,Tasmania,Doubling time,9095.061414998821,228
23790,2020-09-06,Victoria,Total cases,19574.0,228
23791,2020-09-06,Victoria,Total cases per million,3078.156942915553,228
23792,2020-09-06,Victoria,New cases,36.0,228
23793,2020-09-06,Victoria,css_per_prsn,5.661267494889134,228
23794,2020-09-06,Victoria,New cases per week,494.0,228
23795,2020-09-06,Victoria,log10(Total cases),4.291679583982836,228
23796,2020-09-06,Victoria,log10(New cases per week),2.693726948923647,228
23797,2020-09-06,Victoria,Slope of power-law,-17.22393167200097,228
23798,2020-09-06,Victoria,Acceleration of power-law,-1842.3015235349292,228
23799,2020-09-06,Victoria,Growth Rate,0.35955702574428305,228
23800,2020-09-06,Victoria,Days since first case,228.0,228
23801,2020-09-06,Victoria,Average Growth Rate,1.688225478481334,228
23802,2020-09-06,Victoria,Doubling time,384.91540909374413,228
23803,2020-09-06,Western Australia,Total cases,656.0,228
23804,2020-09-06,Western Australia,Total cases per million,253.3796832753959,228
23805,2020-09-06,Western Australia,New cases,1.0,228
23806,2020-09-06,Western Australia,css_per_prsn,0.3862495171881035,228
23807,2020-09-06,Western Australia,New cases per week,1.0,228
23808,2020-09-06,Western Australia,log10(Total cases),2.8169038393756605,228
23809,2020-09-06,Western Australia,log10(New cases per week),0.0,228
23810,2020-09-06,Western Australia,Slope of power-law,-908.7157774751686,228
23811,2020-09-06,Western Australia,Acceleration of power-law,-1029458.5388776798,228
23812,2020-09-06,Western Australia,Growth Rate,0.030525030525030524,228
23813,2020-09-06,Western Australia,Days since first case,228.0,228
23814,2020-09-06,Western Australia,Average Growth Rate,113.53750817575985,228
23815,2020-09-06,Western Australia,Doubling time,25886.551864073248,228
23816,2020-09-07,Australian Capital Territory,Total cases,113.0,229
23817,2020-09-07,Australian Capital Territory,Total cases per million,297.36842105263156,229
23818,2020-09-07,Australian Capital Territory,New cases,0.0,229
23819,2020-09-07,Australian Capital Territory,css_per_prsn,0.0,229
23820,2020-09-07,Australian Capital Territory,New cases per week,0.0,229
23821,2020-09-07,Australian Capital Territory,log10(Total cases),2.0530784434834195,229
23822,2020-09-07,Australian Capital Territory,log10(New cases per week),0.0,229
23823,2020-09-07,Australian Capital Territory,Slope of power-law,0.0,229
23824,2020-09-07,Australian Capital Territory,Acceleration of power-law,0.0,229
23825,2020-09-07,Australian Capital Territory,Growth Rate,0.0,229
23826,2020-09-07,Australian Capital Territory,Days since first case,229.0,229
23827,2020-09-07,Australian Capital Territory,Average Growth Rate,inf,229
23828,2020-09-07,Australian Capital Territory,Doubling time,inf,229
23829,2020-09-07,New South Wales,Total cases,4126.0,229
23830,2020-09-07,New South Wales,Total cases per million,546.9247083775186,229
23831,2020-09-07,New South Wales,New cases,8.0,229
23832,2020-09-07,New South Wales,css_per_prsn,1.0604453870625663,229
23833,2020-09-07,New South Wales,New cases per week,63.0,229
23834,2020-09-07,New South Wales,log10(Total cases),3.615529223637133,229
23835,2020-09-07,New South Wales,log10(New cases per week),1.7993405494535817,229
23836,2020-09-07,New South Wales,Slope of power-law,8.417047985363578,229
23837,2020-09-07,New South Wales,Acceleration of power-law,-8021.782488657121,229
23838,2020-09-07,New South Wales,Growth Rate,0.17022518360001945,229
23839,2020-09-07,New South Wales,Days since first case,229.0,229
23840,2020-09-07,New South Wales,Average Growth Rate,2.9803113264562686,229
23841,2020-09-07,New South Wales,Doubling time,682.4912937584855,229
23842,2020-09-07,Northern Territory,Total cases,33.0,229
23843,2020-09-07,Northern Territory,Total cases per million,135.07981989357347,229
23844,2020-09-07,Northern Territory,New cases,0.0,229
23845,2020-09-07,Northern Territory,css_per_prsn,0.0,229
23846,2020-09-07,Northern Territory,New cases per week,0.0,229
23847,2020-09-07,Northern Territory,log10(Total cases),1.5185139398778875,229
23848,2020-09-07,Northern Territory,log10(New cases per week),0.0,229
23849,2020-09-07,Northern Territory,Slope of power-law,0.0,229
23850,2020-09-07,Northern Territory,Acceleration of power-law,0.0,229
23851,2020-09-07,Northern Territory,Growth Rate,0.0,229
23852,2020-09-07,Northern Territory,Days since first case,229.0,229
23853,2020-09-07,Northern Territory,Average Growth Rate,inf,229
23854,2020-09-07,Northern Territory,Doubling time,inf,229
23855,2020-09-07,Queensland,Total cases,1134.0,229
23856,2020-09-07,Queensland,Total cases per million,223.62453165056203,229
23857,2020-09-07,Queensland,New cases,1.0,229
23858,2020-09-07,Queensland,css_per_prsn,0.19719976336028397,229
23859,2020-09-07,Queensland,New cases per week,10.0,229
23860,2020-09-07,Queensland,log10(Total cases),3.0546130545568877,229
23861,2020-09-07,Queensland,log10(New cases per week),1.0,229
23862,2020-09-07,Queensland,Slope of power-law,-22.276017788783477,229
23863,2020-09-07,Queensland,Acceleration of power-law,21954.108495157718,229
23864,2020-09-07,Queensland,Growth Rate,0.10610079575596816,229
23865,2020-09-07,Queensland,Days since first case,229.0,229
23866,2020-09-07,Queensland,Average Growth Rate,5.750467058417897,229
23867,2020-09-07,Queensland,Doubling time,1316.8569563776985,229
23868,2020-09-07,South Australia,Total cases,464.0,229
23869,2020-09-07,South Australia,Total cases per million,276.6845557543232,229
23870,2020-09-07,South Australia,New cases,0.0,229
23871,2020-09-07,South Australia,css_per_prsn,0.0,229
23872,2020-09-07,South Australia,New cases per week,1.0,229
23873,2020-09-07,South Australia,log10(Total cases),2.6665179805548807,229
23874,2020-09-07,South Australia,log10(New cases per week),0.0,229
23875,2020-09-07,South Australia,Slope of power-law,0.0,229
23876,2020-09-07,South Australia,Acceleration of power-law,0.0,229
23877,2020-09-07,South Australia,Growth Rate,0.04314063848144953,229
23878,2020-09-07,South Australia,Days since first case,229.0,229
23879,2020-09-07,South Australia,Average Growth Rate,26.767030298649036,229
23880,2020-09-07,South Australia,Doubling time,6129.649938390629,229
23881,2020-09-07,Tasmania,Total cases,230.0,229
23882,2020-09-07,Tasmania,Total cases per million,446.6019417475728,229
23883,2020-09-07,Tasmania,New cases,0.0,229
23884,2020-09-07,Tasmania,css_per_prsn,0.0,229
23885,2020-09-07,Tasmania,New cases per week,0.0,229
23886,2020-09-07,Tasmania,log10(Total cases),2.361727836017593,229
23887,2020-09-07,Tasmania,log10(New cases per week),0.0,229
23888,2020-09-07,Tasmania,Slope of power-law,0.0,229
23889,2020-09-07,Tasmania,Acceleration of power-law,0.0,229
23890,2020-09-07,Tasmania,Growth Rate,0.0,229
23891,2020-09-07,Tasmania,Days since first case,229.0,229
23892,2020-09-07,Tasmania,Average Growth Rate,39.890620241222905,229
23893,2020-09-07,Tasmania,Doubling time,9134.952035240045,229
23894,2020-09-07,Victoria,Total cases,19615.0,229
23895,2020-09-07,Victoria,Total cases per million,3084.60449756251,229
23896,2020-09-07,Victoria,New cases,41.0,229
23897,2020-09-07,Victoria,css_per_prsn,6.447554646957069,229
23898,2020-09-07,Victoria,New cases per week,477.0,229
23899,2020-09-07,Victoria,log10(Total cases),4.292588312465555,229
23900,2020-09-07,Victoria,log10(New cases per week),2.678518379040114,229
23901,2020-09-07,Victoria,Slope of power-law,-16.378126978588913,229
23902,2020-09-07,Victoria,Acceleration of power-law,930.7562264153612,229
23903,2020-09-07,Victoria,Growth Rate,0.2857991620655391,229
23904,2020-09-07,Victoria,Days since first case,229.0,229
23905,2020-09-07,Victoria,Average Growth Rate,1.8369595431593648,229
23906,2020-09-07,Victoria,Doubling time,420.66373538349455,229
23907,2020-09-07,Western Australia,Total cases,658.0,229
23908,2020-09-07,Western Australia,Total cases per million,254.15218230977212,229
23909,2020-09-07,Western Australia,New cases,2.0,229
23910,2020-09-07,Western Australia,css_per_prsn,0.772499034376207,229
23911,2020-09-07,Western Australia,New cases per week,3.0,229
23912,2020-09-07,Western Australia,log10(Total cases),2.8182258936139557,229
23913,2020-09-07,Western Australia,log10(New cases per week),0.47712125471966244,229
23914,2020-09-07,Western Australia,Slope of power-law,-62.95431730327279,229
23915,2020-09-07,Western Australia,Acceleration of power-law,639732.8004201179,229
23916,2020-09-07,Western Australia,Growth Rate,0.09149130832570906,229
23917,2020-09-07,Western Australia,Days since first case,229.0,229
23918,2020-09-07,Western Australia,Average Growth Rate,28.403867346319995,229
23919,2020-09-07,Western Australia,Doubling time,6504.485622307278,229
23920,2020-09-08,Australian Capital Territory,Total cases,113.0,230
23921,2020-09-08,Australian Capital Territory,Total cases per million,297.36842105263156,230
23922,2020-09-08,Australian Capital Territory,New cases,0.0,230
23923,2020-09-08,Australian Capital Territory,css_per_prsn,0.0,230
23924,2020-09-08,Australian Capital Territory,New cases per week,0.0,230
23925,2020-09-08,Australian Capital Territory,log10(Total cases),2.0530784434834195,230
23926,2020-09-08,Australian Capital Territory,log10(New cases per week),0.0,230
23927,2020-09-08,Australian Capital Territory,Slope of power-law,0.0,230
23928,2020-09-08,Australian Capital Territory,Acceleration of power-law,0.0,230
23929,2020-09-08,Australian Capital Territory,Growth Rate,0.0,230
23930,2020-09-08,Australian Capital Territory,Days since first case,230.0,230
23931,2020-09-08,Australian Capital Territory,Average Growth Rate,inf,230
23932,2020-09-08,Australian Capital Territory,Doubling time,inf,230
23933,2020-09-08,New South Wales,Total cases,4135.0,230
23934,2020-09-08,New South Wales,Total cases per million,548.117709437964,230
23935,2020-09-08,New South Wales,New cases,9.0,230
23936,2020-09-08,New South Wales,css_per_prsn,1.1930010604453871,230
23937,2020-09-08,New South Wales,New cases per week,56.0,230
23938,2020-09-08,New South Wales,log10(Total cases),3.6164755138885654,230
23939,2020-09-08,New South Wales,log10(New cases per week),1.7481880270062005,230
23940,2020-09-08,New South Wales,Slope of power-law,0.7752350083290415,230
23941,2020-09-08,New South Wales,Acceleration of power-law,-8075.548665397161,230
23942,2020-09-08,New South Wales,Growth Rate,0.17478273534980823,230
23943,2020-09-08,New South Wales,Days since first case,230.0,230
23944,2020-09-08,New South Wales,Average Growth Rate,3.3064043429427747,230
23945,2020-09-08,New South Wales,Doubling time,760.4729988768382,230
23946,2020-09-08,Northern Territory,Total cases,33.0,230
23947,2020-09-08,Northern Territory,Total cases per million,135.07981989357347,230
23948,2020-09-08,Northern Territory,New cases,0.0,230
23949,2020-09-08,Northern Territory,css_per_prsn,0.0,230
23950,2020-09-08,Northern Territory,New cases per week,0.0,230
23951,2020-09-08,Northern Territory,log10(Total cases),1.5185139398778875,230
23952,2020-09-08,Northern Territory,log10(New cases per week),0.0,230
23953,2020-09-08,Northern Territory,Slope of power-law,0.0,230
23954,2020-09-08,Northern Territory,Acceleration of power-law,0.0,230
23955,2020-09-08,Northern Territory,Growth Rate,0.0,230
23956,2020-09-08,Northern Territory,Days since first case,230.0,230
23957,2020-09-08,Northern Territory,Average Growth Rate,inf,230
23958,2020-09-08,Northern Territory,Doubling time,inf,230
23959,2020-09-08,Queensland,Total cases,1143.0,230
23960,2020-09-08,Queensland,Total cases per million,225.3993295208046,230
23961,2020-09-08,Queensland,New cases,9.0,230
23962,2020-09-08,Queensland,css_per_prsn,1.7747978702425558,230
23963,2020-09-08,Queensland,New cases per week,17.0,230
23964,2020-09-08,Queensland,log10(Total cases),3.0580462303952816,230
23965,2020-09-08,Queensland,log10(New cases per week),1.2304489213782739,230
23966,2020-09-08,Queensland,Slope of power-law,3.1193141716933184,230
23967,2020-09-08,Queensland,Acceleration of power-law,7397.037948501186,230
23968,2020-09-08,Queensland,Growth Rate,0.26455026455026454,230
23969,2020-09-08,Queensland,Days since first case,230.0,230
23970,2020-09-08,Queensland,Average Growth Rate,4.665396531411447,230
23971,2020-09-08,Queensland,Doubling time,1073.0412022246328,230
23972,2020-09-08,South Australia,Total cases,465.0,230
23973,2020-09-08,South Australia,Total cases per million,277.2808586762075,230
23974,2020-09-08,South Australia,New cases,1.0,230
23975,2020-09-08,South Australia,css_per_prsn,0.5963029218843172,230
23976,2020-09-08,South Australia,New cases per week,2.0,230
23977,2020-09-08,South Australia,log10(Total cases),2.667452952889954,230
23978,2020-09-08,South Australia,log10(New cases per week),0.3010299956639812,230
23979,2020-09-08,South Australia,Slope of power-law,160.8098969143284,230
23980,2020-09-08,South Australia,Acceleration of power-law,171994.2835546198,230
23981,2020-09-08,South Australia,Growth Rate,0.08620689655172414,230
23982,2020-09-08,South Australia,Days since first case,230.0,230
23983,2020-09-08,South Australia,Average Growth Rate,16.06853028509205,230
23984,2020-09-08,South Australia,Doubling time,3695.761965571171,230
23985,2020-09-08,Tasmania,Total cases,230.0,230
23986,2020-09-08,Tasmania,Total cases per million,446.6019417475728,230
23987,2020-09-08,Tasmania,New cases,0.0,230
23988,2020-09-08,Tasmania,css_per_prsn,0.0,230
23989,2020-09-08,Tasmania,New cases per week,0.0,230
23990,2020-09-08,Tasmania,log10(Total cases),2.361727836017593,230
23991,2020-09-08,Tasmania,log10(New cases per week),0.0,230
23992,2020-09-08,Tasmania,Slope of power-law,0.0,230
23993,2020-09-08,Tasmania,Acceleration of power-law,0.0,230
23994,2020-09-08,Tasmania,Growth Rate,0.0,230
23995,2020-09-08,Tasmania,Days since first case,230.0,230
23996,2020-09-08,Tasmania,Average Growth Rate,39.890620241222905,230
23997,2020-09-08,Tasmania,Doubling time,9174.842655481269,230
23998,2020-09-08,Victoria,Total cases,19688.0,230
23999,2020-09-08,Victoria,Total cases per million,3096.0842899827016,230
24000,2020-09-08,Victoria,New cases,73.0,230
24001,2020-09-08,Victoria,css_per_prsn,11.479792420191854,230
24002,2020-09-08,Victoria,New cases per week,464.0,230
24003,2020-09-08,Victoria,log10(Total cases),4.2942016006947465,230
24004,2020-09-08,Victoria,log10(New cases per week),2.6665179805548807,230
24005,2020-09-08,Victoria,Slope of power-law,-15.08070149331649,230
24006,2020-09-08,Victoria,Acceleration of power-law,804.2118338163524,230
24007,2020-09-08,Victoria,Growth Rate,0.2788730667865242,230
24008,2020-09-08,Victoria,Days since first case,230.0,230
24009,2020-09-08,Victoria,Average Growth Rate,1.9807463894068136,230
24010,2020-09-08,Victoria,Doubling time,455.5716695635671,230
24011,2020-09-08,Western Australia,Total cases,658.0,230
24012,2020-09-08,Western Australia,Total cases per million,254.15218230977212,230
24013,2020-09-08,Western Australia,New cases,0.0,230
24014,2020-09-08,Western Australia,css_per_prsn,0.0,230
24015,2020-09-08,Western Australia,New cases per week,3.0,230
24016,2020-09-08,Western Australia,log10(Total cases),2.8182258936139557,230
24017,2020-09-08,Western Australia,log10(New cases per week),0.47712125471966244,230
24018,2020-09-08,Western Australia,Slope of power-law,0.0,230
24019,2020-09-08,Western Australia,Acceleration of power-law,inf,230
24020,2020-09-08,Western Australia,Growth Rate,0.09140767824497258,230
24021,2020-09-08,Western Australia,Days since first case,230.0,230
24022,2020-09-08,Western Australia,Average Growth Rate,16.238734280995473,230
24023,2020-09-08,Western Australia,Doubling time,3734.9088846289587,230
24024,2020-09-09,Australian Capital Territory,Total cases,113.0,231
24025,2020-09-09,Australian Capital Territory,Total cases per million,297.36842105263156,231
24026,2020-09-09,Australian Capital Territory,New cases,0.0,231
24027,2020-09-09,Australian Capital Territory,css_per_prsn,0.0,231
24028,2020-09-09,Australian Capital Territory,New cases per week,0.0,231
24029,2020-09-09,Australian Capital Territory,log10(Total cases),2.0530784434834195,231
24030,2020-09-09,Australian Capital Territory,log10(New cases per week),0.0,231
24031,2020-09-09,Australian Capital Territory,Slope of power-law,0.0,231
24032,2020-09-09,Australian Capital Territory,Acceleration of power-law,0.0,231
24033,2020-09-09,Australian Capital Territory,Growth Rate,0.0,231
24034,2020-09-09,Australian Capital Territory,Days since first case,231.0,231
24035,2020-09-09,Australian Capital Territory,Average Growth Rate,inf,231
24036,2020-09-09,Australian Capital Territory,Doubling time,inf,231
24037,2020-09-09,New South Wales,Total cases,4142.0,231
24038,2020-09-09,New South Wales,Total cases per million,549.0455991516437,231
24039,2020-09-09,New South Wales,New cases,7.0,231
24040,2020-09-09,New South Wales,css_per_prsn,0.9278897136797456,231
24041,2020-09-09,New South Wales,New cases per week,51.0,231
24042,2020-09-09,New South Wales,log10(Total cases),3.617210094557434,231
24043,2020-09-09,New South Wales,log10(New cases per week),1.7075701760979363,231
24044,2020-09-09,New South Wales,Slope of power-law,-8.695119740280013,231
24045,2020-09-09,New South Wales,Acceleration of power-law,-12892.191627089565,231
24046,2020-09-09,New South Wales,Growth Rate,0.18415313787254664,231
24047,2020-09-09,New South Wales,Days since first case,231.0,231
24048,2020-09-09,New South Wales,Average Growth Rate,3.579927236497924,231
24049,2020-09-09,New South Wales,Doubling time,826.9631916310204,231
24050,2020-09-09,Northern Territory,Total cases,33.0,231
24051,2020-09-09,Northern Territory,Total cases per million,135.07981989357347,231
24052,2020-09-09,Northern Territory,New cases,0.0,231
24053,2020-09-09,Northern Territory,css_per_prsn,0.0,231
24054,2020-09-09,Northern Territory,New cases per week,0.0,231
24055,2020-09-09,Northern Territory,log10(Total cases),1.5185139398778875,231
24056,2020-09-09,Northern Territory,log10(New cases per week),0.0,231
24057,2020-09-09,Northern Territory,Slope of power-law,0.0,231
24058,2020-09-09,Northern Territory,Acceleration of power-law,0.0,231
24059,2020-09-09,Northern Territory,Growth Rate,0.0,231
24060,2020-09-09,Northern Territory,Days since first case,231.0,231
24061,2020-09-09,Northern Territory,Average Growth Rate,inf,231
24062,2020-09-09,Northern Territory,Doubling time,inf,231
24063,2020-09-09,Queensland,Total cases,1143.0,231
24064,2020-09-09,Queensland,Total cases per million,225.3993295208046,231
24065,2020-09-09,Queensland,New cases,0.0,231
24066,2020-09-09,Queensland,css_per_prsn,0.0,231
24067,2020-09-09,Queensland,New cases per week,15.0,231
24068,2020-09-09,Queensland,log10(Total cases),3.0580462303952816,231
24069,2020-09-09,Queensland,log10(New cases per week),1.1760912590556813,231
24070,2020-09-09,Queensland,Slope of power-law,-3.4803705163765843,231
24071,2020-09-09,Queensland,Acceleration of power-law,-inf,231
24072,2020-09-09,Queensland,Growth Rate,0.24630541871921183,231
24073,2020-09-09,Queensland,Days since first case,231.0,231
24074,2020-09-09,Queensland,Average Growth Rate,4.006901184095548,231
24075,2020-09-09,Queensland,Doubling time,925.5941735260715,231
24076,2020-09-09,South Australia,Total cases,465.0,231
24077,2020-09-09,South Australia,Total cases per million,277.2808586762075,231
24078,2020-09-09,South Australia,New cases,0.0,231
24079,2020-09-09,South Australia,css_per_prsn,0.0,231
24080,2020-09-09,South Australia,New cases per week,2.0,231
24081,2020-09-09,South Australia,log10(Total cases),2.667452952889954,231
24082,2020-09-09,South Australia,log10(New cases per week),0.3010299956639812,231
24083,2020-09-09,South Australia,Slope of power-law,160.8098969143284,231
24084,2020-09-09,South Australia,Acceleration of power-law,0.0,231
24085,2020-09-09,South Australia,Growth Rate,0.08613264427217916,231
24086,2020-09-09,South Australia,Days since first case,231.0,231
24087,2020-09-09,South Australia,Average Growth Rate,11.482892331333577,231
24088,2020-09-09,South Australia,Doubling time,2652.5481285380565,231
24089,2020-09-09,Tasmania,Total cases,230.0,231
24090,2020-09-09,Tasmania,Total cases per million,446.6019417475728,231
24091,2020-09-09,Tasmania,New cases,0.0,231
24092,2020-09-09,Tasmania,css_per_prsn,0.0,231
24093,2020-09-09,Tasmania,New cases per week,0.0,231
24094,2020-09-09,Tasmania,log10(Total cases),2.361727836017593,231
24095,2020-09-09,Tasmania,log10(New cases per week),0.0,231
24096,2020-09-09,Tasmania,Slope of power-law,0.0,231
24097,2020-09-09,Tasmania,Acceleration of power-law,0.0,231
24098,2020-09-09,Tasmania,Growth Rate,-0.08695652173913043,231
24099,2020-09-09,Tasmania,Days since first case,231.0,231
24100,2020-09-09,Tasmania,Average Growth Rate,-39.855962882198796,231
24101,2020-09-09,Tasmania,Doubling time,-9206.727425787922,231
24102,2020-09-09,Victoria,Total cases,19739.0,231
24103,2020-09-09,Victoria,Total cases per million,3104.1044189337945,231
24104,2020-09-09,Victoria,New cases,51.0,231
24105,2020-09-09,Victoria,css_per_prsn,8.02012895109294,231
24106,2020-09-09,Victoria,New cases per week,403.0,231
24107,2020-09-09,Victoria,log10(Total cases),4.295325147042704,231
24108,2020-09-09,Victoria,log10(New cases per week),2.6053050461411096,231
24109,2020-09-09,Victoria,Slope of power-law,-18.292554583450325,231
24110,2020-09-09,Victoria,Acceleration of power-law,-2858.674318128457,231
24111,2020-09-09,Victoria,Growth Rate,0.26488986694378225,231
24112,2020-09-09,Victoria,Days since first case,231.0,231
24113,2020-09-09,Victoria,Average Growth Rate,2.1640233440586334,231
24114,2020-09-09,Victoria,Doubling time,499.88939247754433,231
24115,2020-09-09,Western Australia,Total cases,659.0,231
24116,2020-09-09,Western Australia,Total cases per million,254.53843182696022,231
24117,2020-09-09,Western Australia,New cases,1.0,231
24118,2020-09-09,Western Australia,css_per_prsn,0.3862495171881035,231
24119,2020-09-09,Western Australia,New cases per week,4.0,231
24120,2020-09-09,Western Australia,log10(Total cases),2.8188854145940097,231
24121,2020-09-09,Western Australia,log10(New cases per week),0.6020599913279624,231
24122,2020-09-09,Western Australia,Slope of power-law,47.25163444243143,231
24123,2020-09-09,Western Australia,Acceleration of power-law,71645.38486488491,231
24124,2020-09-09,Western Australia,Growth Rate,0.12172854534388314,231
24125,2020-09-09,Western Australia,Days since first case,231.0,231
24126,2020-09-09,Western Australia,Average Growth Rate,10.340771013572276,231
24127,2020-09-09,Western Australia,Doubling time,2388.7181041351955,231
24128,2020-09-10,Australian Capital Territory,Total cases,113.0,232
24129,2020-09-10,Australian Capital Territory,Total cases per million,297.36842105263156,232
24130,2020-09-10,Australian Capital Territory,New cases,0.0,232
24131,2020-09-10,Australian Capital Territory,css_per_prsn,0.0,232
24132,2020-09-10,Australian Capital Territory,New cases per week,0.0,232
24133,2020-09-10,Australian Capital Territory,log10(Total cases),2.0530784434834195,232
24134,2020-09-10,Australian Capital Territory,log10(New cases per week),0.0,232
24135,2020-09-10,Australian Capital Territory,Slope of power-law,0.0,232
24136,2020-09-10,Australian Capital Territory,Acceleration of power-law,0.0,232
24137,2020-09-10,Australian Capital Territory,Growth Rate,0.0,232
24138,2020-09-10,Australian Capital Territory,Days since first case,232.0,232
24139,2020-09-10,Australian Capital Territory,Average Growth Rate,inf,232
24140,2020-09-10,Australian Capital Territory,Doubling time,inf,232
24141,2020-09-10,New South Wales,Total cases,4152.0,232
24142,2020-09-10,New South Wales,Total cases per million,550.3711558854719,232
24143,2020-09-10,New South Wales,New cases,10.0,232
24144,2020-09-10,New South Wales,css_per_prsn,1.325556733828208,232
24145,2020-09-10,New South Wales,New cases per week,53.0,232
24146,2020-09-10,New South Wales,log10(Total cases),3.6182573448404014,232
24147,2020-09-10,New South Wales,log10(New cases per week),1.724275869600789,232
24148,2020-09-10,New South Wales,Slope of power-law,-14.139132724317523,232
24149,2020-09-10,New South Wales,Acceleration of power-law,-5198.38769449781,232
24150,2020-09-10,New South Wales,Growth Rate,0.18381463744981374,232
24151,2020-09-10,New South Wales,Days since first case,232.0,232
24152,2020-09-10,New South Wales,Average Growth Rate,3.838115140313688,232
24153,2020-09-10,New South Wales,Doubling time,890.4427125527756,232
24154,2020-09-10,Northern Territory,Total cases,33.0,232
24155,2020-09-10,Northern Territory,Total cases per million,135.07981989357347,232
24156,2020-09-10,Northern Territory,New cases,0.0,232
24157,2020-09-10,Northern Territory,css_per_prsn,0.0,232
24158,2020-09-10,Northern Territory,New cases per week,0.0,232
24159,2020-09-10,Northern Territory,log10(Total cases),1.5185139398778875,232
24160,2020-09-10,Northern Territory,log10(New cases per week),0.0,232
24161,2020-09-10,Northern Territory,Slope of power-law,0.0,232
24162,2020-09-10,Northern Territory,Acceleration of power-law,0.0,232
24163,2020-09-10,Northern Territory,Growth Rate,0.0,232
24164,2020-09-10,Northern Territory,Days since first case,232.0,232
24165,2020-09-10,Northern Territory,Average Growth Rate,inf,232
24166,2020-09-10,Northern Territory,Doubling time,inf,232
24167,2020-09-10,Queensland,Total cases,1145.0,232
24168,2020-09-10,Queensland,Total cases per million,225.79372904752515,232
24169,2020-09-10,Queensland,New cases,2.0,232
24170,2020-09-10,Queensland,css_per_prsn,0.39439952672056794,232
24171,2020-09-10,Queensland,New cases per week,17.0,232
24172,2020-09-10,Queensland,log10(Total cases),3.0588054866759067,232
24173,2020-09-10,Queensland,log10(New cases per week),1.2304489213782739,232
24174,2020-09-10,Queensland,Slope of power-law,-3.08782709140472,232
24175,2020-09-10,Queensland,Acceleration of power-law,517.0104416504406,232
24176,2020-09-10,Queensland,Growth Rate,0.2457002457002457,232
24177,2020-09-10,Queensland,Days since first case,232.0,232
24178,2020-09-10,Queensland,Average Growth Rate,3.5129055758241163,232
24179,2020-09-10,Queensland,Doubling time,814.994093591195,232
24180,2020-09-10,South Australia,Total cases,465.0,232
24181,2020-09-10,South Australia,Total cases per million,277.2808586762075,232
24182,2020-09-10,South Australia,New cases,0.0,232
24183,2020-09-10,South Australia,css_per_prsn,0.0,232
24184,2020-09-10,South Australia,New cases per week,2.0,232
24185,2020-09-10,South Australia,log10(Total cases),2.667452952889954,232
24186,2020-09-10,South Australia,log10(New cases per week),0.3010299956639812,232
24187,2020-09-10,South Australia,Slope of power-law,160.8098969143284,232
24188,2020-09-10,South Australia,Acceleration of power-law,0.0,232
24189,2020-09-10,South Australia,Growth Rate,0.04304778303917348,232
24190,2020-09-10,South Australia,Days since first case,232.0,232
24191,2020-09-10,South Australia,Average Growth Rate,11.487844605212667,232
24192,2020-09-10,South Australia,Doubling time,2665.1799484093385,232
24193,2020-09-10,Tasmania,Total cases,230.0,232
24194,2020-09-10,Tasmania,Total cases per million,446.6019417475728,232
24195,2020-09-10,Tasmania,New cases,0.0,232
24196,2020-09-10,Tasmania,css_per_prsn,0.0,232
24197,2020-09-10,Tasmania,New cases per week,0.0,232
24198,2020-09-10,Tasmania,log10(Total cases),2.361727836017593,232
24199,2020-09-10,Tasmania,log10(New cases per week),0.0,232
24200,2020-09-10,Tasmania,Slope of power-law,0.0,232
24201,2020-09-10,Tasmania,Acceleration of power-law,0.0,232
24202,2020-09-10,Tasmania,Growth Rate,0.0,232
24203,2020-09-10,Tasmania,Days since first case,232.0,232
24204,2020-09-10,Tasmania,Average Growth Rate,-39.855962882198796,232
24205,2020-09-10,Tasmania,Doubling time,-9246.58338867012,232
24206,2020-09-10,Victoria,Total cases,19767.0,232
24207,2020-09-10,Victoria,Total cases per million,3108.5076269853753,232
24208,2020-09-10,Victoria,New cases,28.0,232
24209,2020-09-10,Victoria,css_per_prsn,4.403208051580437,232
24210,2020-09-10,Victoria,New cases per week,352.0,232
24211,2020-09-10,Victoria,log10(Total cases),4.295940762267199,232
24212,2020-09-10,Victoria,log10(New cases per week),2.546542663478131,232
24213,2020-09-10,Victoria,Slope of power-law,-20.087793649979147,232
24214,2020-09-10,Victoria,Acceleration of power-law,-2916.1706778834396,232
24215,2020-09-10,Victoria,Growth Rate,0.23276379049225981,232
24216,2020-09-10,Victoria,Days since first case,232.0,232
24217,2020-09-10,Victoria,Average Growth Rate,2.4374270718576767,232
24218,2020-09-10,Victoria,Doubling time,565.483080670981,232
24219,2020-09-10,Western Australia,Total cases,659.0,232
24220,2020-09-10,Western Australia,Total cases per million,254.53843182696022,232
24221,2020-09-10,Western Australia,New cases,0.0,232
24222,2020-09-10,Western Australia,css_per_prsn,0.0,232
24223,2020-09-10,Western Australia,New cases per week,4.0,232
24224,2020-09-10,Western Australia,log10(Total cases),2.8188854145940097,232
24225,2020-09-10,Western Australia,log10(New cases per week),0.6020599913279624,232
24226,2020-09-10,Western Australia,Slope of power-law,113.84907273326962,232
24227,2020-09-10,Western Australia,Acceleration of power-law,inf,232
24228,2020-09-10,Western Australia,Growth Rate,0.12158054711246201,232
24229,2020-09-10,Western Australia,Days since first case,232.0,232
24230,2020-09-10,Western Australia,Average Growth Rate,7.588098673640811,232
24231,2020-09-10,Western Australia,Doubling time,1760.438892284668,232
24232,2020-09-11,Australian Capital Territory,Total cases,113.0,233
24233,2020-09-11,Australian Capital Territory,Total cases per million,297.36842105263156,233
24234,2020-09-11,Australian Capital Territory,New cases,0.0,233
24235,2020-09-11,Australian Capital Territory,css_per_prsn,0.0,233
24236,2020-09-11,Australian Capital Territory,New cases per week,0.0,233
24237,2020-09-11,Australian Capital Territory,log10(Total cases),2.0530784434834195,233
24238,2020-09-11,Australian Capital Territory,log10(New cases per week),0.0,233
24239,2020-09-11,Australian Capital Territory,Slope of power-law,0.0,233
24240,2020-09-11,Australian Capital Territory,Acceleration of power-law,0.0,233
24241,2020-09-11,Australian Capital Territory,Growth Rate,0.0,233
24242,2020-09-11,Australian Capital Territory,Days since first case,233.0,233
24243,2020-09-11,Australian Capital Territory,Average Growth Rate,inf,233
24244,2020-09-11,Australian Capital Territory,Doubling time,inf,233
24245,2020-09-11,New South Wales,Total cases,4157.0,233
24246,2020-09-11,New South Wales,Total cases per million,551.0339342523861,233
24247,2020-09-11,New South Wales,New cases,5.0,233
24248,2020-09-11,New South Wales,css_per_prsn,0.662778366914104,233
24249,2020-09-11,New South Wales,New cases per week,53.0,233
24250,2020-09-11,New South Wales,log10(Total cases),3.618780024506215,233
24251,2020-09-11,New South Wales,log10(New cases per week),1.724275869600789,233
24252,2020-09-11,New South Wales,Slope of power-law,-23.040436241958055,233
24253,2020-09-11,New South Wales,Acceleration of power-law,-17030.131646284375,233
24254,2020-09-11,New South Wales,Growth Rate,0.18829663962920046,233
24255,2020-09-11,New South Wales,Days since first case,233.0,233
24256,2020-09-11,New South Wales,Average Growth Rate,3.845381437370235,233
24257,2020-09-11,New South Wales,Doubling time,895.9738749072648,233
24258,2020-09-11,Northern Territory,Total cases,33.0,233
24259,2020-09-11,Northern Territory,Total cases per million,135.07981989357347,233
24260,2020-09-11,Northern Territory,New cases,0.0,233
24261,2020-09-11,Northern Territory,css_per_prsn,0.0,233
24262,2020-09-11,Northern Territory,New cases per week,0.0,233
24263,2020-09-11,Northern Territory,log10(Total cases),1.5185139398778875,233
24264,2020-09-11,Northern Territory,log10(New cases per week),0.0,233
24265,2020-09-11,Northern Territory,Slope of power-law,0.0,233
24266,2020-09-11,Northern Territory,Acceleration of power-law,0.0,233
24267,2020-09-11,Northern Territory,Growth Rate,0.0,233
24268,2020-09-11,Northern Territory,Days since first case,233.0,233
24269,2020-09-11,Northern Territory,Average Growth Rate,inf,233
24270,2020-09-11,Northern Territory,Doubling time,inf,233
24271,2020-09-11,Queensland,Total cases,1149.0,233
24272,2020-09-11,Queensland,Total cases per million,226.5825281009663,233
24273,2020-09-11,Queensland,New cases,4.0,233
24274,2020-09-11,Queensland,css_per_prsn,0.7887990534411359,233
24275,2020-09-11,Queensland,New cases per week,20.0,233
24276,2020-09-11,Queensland,log10(Total cases),3.060320028688285,233
24277,2020-09-11,Queensland,log10(New cases per week),1.3010299956639813,233
24278,2020-09-11,Queensland,Slope of power-law,2.536701498332179,233
24279,2020-09-11,Queensland,Acceleration of power-law,3713.6827791951064,233
24280,2020-09-11,Queensland,Growth Rate,0.280014000700035,233
24281,2020-09-11,Queensland,Days since first case,233.0,233
24282,2020-09-11,Queensland,Average Growth Rate,3.0330136457364363,233
24283,2020-09-11,Queensland,Doubling time,706.6921794565897,233
24284,2020-09-11,South Australia,Total cases,466.0,233
24285,2020-09-11,South Australia,Total cases per million,277.87716159809185,233
24286,2020-09-11,South Australia,New cases,1.0,233
24287,2020-09-11,South Australia,css_per_prsn,0.5963029218843172,233
24288,2020-09-11,South Australia,New cases per week,3.0,233
24289,2020-09-11,South Australia,log10(Total cases),2.66838591669,233
24290,2020-09-11,South Australia,log10(New cases per week),0.47712125471966244,233
24291,2020-09-11,South Australia,Slope of power-law,170.10121140625296,233
24292,2020-09-11,South Australia,Acceleration of power-law,9958.922834374676,233
24293,2020-09-11,South Australia,Growth Rate,0.08602150537634409,233
24294,2020-09-11,South Australia,Days since first case,233.0,233
24295,2020-09-11,South Australia,Average Growth Rate,10.058746936179164,233
24296,2020-09-11,South Australia,Doubling time,2343.6880361297453,233
24297,2020-09-11,Tasmania,Total cases,230.0,233
24298,2020-09-11,Tasmania,Total cases per million,446.6019417475728,233
24299,2020-09-11,Tasmania,New cases,0.0,233
24300,2020-09-11,Tasmania,css_per_prsn,0.0,233
24301,2020-09-11,Tasmania,New cases per week,-1.0,233
24302,2020-09-11,Tasmania,log10(Total cases),2.361727836017593,233
24303,2020-09-11,Tasmania,log10(New cases per week),0.0,233
24304,2020-09-11,Tasmania,Slope of power-law,0.0,233
24305,2020-09-11,Tasmania,Acceleration of power-law,0.0,233
24306,2020-09-11,Tasmania,Growth Rate,0.0,233
24307,2020-09-11,Tasmania,Days since first case,233.0,233
24308,2020-09-11,Tasmania,Average Growth Rate,-39.855962882198796,233
24309,2020-09-11,Tasmania,Doubling time,-9286.439351552319,233
24310,2020-09-11,Victoria,Total cases,19800.0,233
24311,2020-09-11,Victoria,Total cases per million,3113.6971221890235,233
24312,2020-09-11,Victoria,New cases,33.0,233
24313,2020-09-11,Victoria,css_per_prsn,5.189495203648373,233
24314,2020-09-11,Victoria,New cases per week,321.0,233
24315,2020-09-11,Victoria,log10(Total cases),4.296665190261531,233
24316,2020-09-11,Victoria,log10(New cases per week),2.506505032404872,233
24317,2020-09-11,Victoria,Slope of power-law,-22.078319292101476,233
24318,2020-09-11,Victoria,Acceleration of power-law,-2747.7204880200684,233
24319,2020-09-11,Victoria,Growth Rate,0.2291880051516596,233
24320,2020-09-11,Victoria,Days since first case,233.0,233
24321,2020-09-11,Victoria,Average Growth Rate,2.6834677704751533,233
24322,2020-09-11,Victoria,Doubling time,625.2479905207107,233
24323,2020-09-11,Western Australia,Total cases,659.0,233
24324,2020-09-11,Western Australia,Total cases per million,254.53843182696022,233
24325,2020-09-11,Western Australia,New cases,0.0,233
24326,2020-09-11,Western Australia,css_per_prsn,0.0,233
24327,2020-09-11,Western Australia,New cases per week,4.0,233
24328,2020-09-11,Western Australia,log10(Total cases),2.8188854145940097,233
24329,2020-09-11,Western Australia,log10(New cases per week),0.6020599913279624,233
24330,2020-09-11,Western Australia,Slope of power-law,113.84907273326962,233
24331,2020-09-11,Western Australia,Acceleration of power-law,0.0,233
24332,2020-09-11,Western Australia,Growth Rate,0.09110233829334952,233
24333,2020-09-11,Western Australia,Days since first case,233.0,233
24334,2020-09-11,Western Australia,Average Growth Rate,6.6995285359842836,233
24335,2020-09-11,Western Australia,Doubling time,1560.9901488843382,233
24336,2020-09-12,Australian Capital Territory,Total cases,113.0,234
24337,2020-09-12,Australian Capital Territory,Total cases per million,297.36842105263156,234
24338,2020-09-12,Australian Capital Territory,New cases,0.0,234
24339,2020-09-12,Australian Capital Territory,css_per_prsn,0.0,234
24340,2020-09-12,Australian Capital Territory,New cases per week,0.0,234
24341,2020-09-12,Australian Capital Territory,log10(Total cases),2.0530784434834195,234
24342,2020-09-12,Australian Capital Territory,log10(New cases per week),0.0,234
24343,2020-09-12,Australian Capital Territory,Slope of power-law,0.0,234
24344,2020-09-12,Australian Capital Territory,Acceleration of power-law,0.0,234
24345,2020-09-12,Australian Capital Territory,Growth Rate,0.0,234
24346,2020-09-12,Australian Capital Territory,Days since first case,234.0,234
24347,2020-09-12,Australian Capital Territory,Average Growth Rate,inf,234
24348,2020-09-12,Australian Capital Territory,Doubling time,inf,234
24349,2020-09-12,New South Wales,Total cases,4166.0,234
24350,2020-09-12,New South Wales,Total cases per million,552.2269353128314,234
24351,2020-09-12,New South Wales,New cases,9.0,234
24352,2020-09-12,New South Wales,css_per_prsn,1.1930010604453871,234
24353,2020-09-12,New South Wales,New cases per week,52.0,234
24354,2020-09-12,New South Wales,log10(Total cases),3.619719265611727,234
24355,2020-09-12,New South Wales,log10(New cases per week),1.7160033436347992,234
24356,2020-09-12,New South Wales,Slope of power-law,-27.049602994723134,234
24357,2020-09-12,New South Wales,Acceleration of power-law,-4268.5171349890525,234
24358,2020-09-12,New South Wales,Growth Rate,0.1927525057825752,234
24359,2020-09-12,New South Wales,Days since first case,234.0,234
24360,2020-09-12,New South Wales,Average Growth Rate,3.751609864731127,234
24361,2020-09-12,New South Wales,Doubling time,877.8767083470836,234
24362,2020-09-12,Northern Territory,Total cases,33.0,234
24363,2020-09-12,Northern Territory,Total cases per million,135.07981989357347,234
24364,2020-09-12,Northern Territory,New cases,0.0,234
24365,2020-09-12,Northern Territory,css_per_prsn,0.0,234
24366,2020-09-12,Northern Territory,New cases per week,0.0,234
24367,2020-09-12,Northern Territory,log10(Total cases),1.5185139398778875,234
24368,2020-09-12,Northern Territory,log10(New cases per week),0.0,234
24369,2020-09-12,Northern Territory,Slope of power-law,0.0,234
24370,2020-09-12,Northern Territory,Acceleration of power-law,0.0,234
24371,2020-09-12,Northern Territory,Growth Rate,0.0,234
24372,2020-09-12,Northern Territory,Days since first case,234.0,234
24373,2020-09-12,Northern Territory,Average Growth Rate,inf,234
24374,2020-09-12,Northern Territory,Doubling time,inf,234
24375,2020-09-12,Queensland,Total cases,1149.0,234
24376,2020-09-12,Queensland,Total cases per million,226.5825281009663,234
24377,2020-09-12,Queensland,New cases,0.0,234
24378,2020-09-12,Queensland,css_per_prsn,0.0,234
24379,2020-09-12,Queensland,New cases per week,18.0,234
24380,2020-09-12,Queensland,log10(Total cases),3.060320028688285,234
24381,2020-09-12,Queensland,log10(New cases per week),1.255272505103306,234
24382,2020-09-12,Queensland,Slope of power-law,0.0,234
24383,2020-09-12,Queensland,Acceleration of power-law,-inf,234
24384,2020-09-12,Queensland,Growth Rate,0.26182579856868565,234
24385,2020-09-12,Queensland,Days since first case,234.0,234
24386,2020-09-12,Queensland,Average Growth Rate,2.669244689754023,234
24387,2020-09-12,Queensland,Doubling time,624.6032574024414,234
24388,2020-09-12,South Australia,Total cases,466.0,234
24389,2020-09-12,South Australia,Total cases per million,277.87716159809185,234
24390,2020-09-12,South Australia,New cases,0.0,234
24391,2020-09-12,South Australia,css_per_prsn,0.0,234
24392,2020-09-12,South Australia,New cases per week,2.0,234
24393,2020-09-12,South Australia,log10(Total cases),2.66838591669,234
24394,2020-09-12,South Australia,log10(New cases per week),0.3010299956639812,234
24395,2020-09-12,South Australia,Slope of power-law,107.32191539475357,234
24396,2020-09-12,South Australia,Acceleration of power-law,-inf,234
24397,2020-09-12,South Australia,Growth Rate,0.08594757198109154,234
24398,2020-09-12,South Australia,Days since first case,234.0,234
24399,2020-09-12,South Australia,Average Growth Rate,8.947150200382353,234
24400,2020-09-12,South Australia,Doubling time,2093.6331468894705,234
24401,2020-09-12,Tasmania,Total cases,230.0,234
24402,2020-09-12,Tasmania,Total cases per million,446.6019417475728,234
24403,2020-09-12,Tasmania,New cases,0.0,234
24404,2020-09-12,Tasmania,css_per_prsn,0.0,234
24405,2020-09-12,Tasmania,New cases per week,0.0,234
24406,2020-09-12,Tasmania,log10(Total cases),2.361727836017593,234
24407,2020-09-12,Tasmania,log10(New cases per week),0.0,234
24408,2020-09-12,Tasmania,Slope of power-law,0.0,234
24409,2020-09-12,Tasmania,Acceleration of power-law,0.0,234
24410,2020-09-12,Tasmania,Growth Rate,0.0,234
24411,2020-09-12,Tasmania,Days since first case,234.0,234
24412,2020-09-12,Tasmania,Average Growth Rate,-39.855962882198796,234
24413,2020-09-12,Tasmania,Doubling time,-9326.295314434517,234
24414,2020-09-12,Victoria,Total cases,19835.0,234
24415,2020-09-12,Victoria,Total cases per million,3119.201132253499,234
24416,2020-09-12,Victoria,New cases,35.0,234
24417,2020-09-12,Victoria,css_per_prsn,5.504010064475547,234
24418,2020-09-12,Victoria,New cases per week,297.0,234
24419,2020-09-12,Victoria,log10(Total cases),4.297432204810169,234
24420,2020-09-12,Victoria,log10(New cases per week),2.4727564493172123,234
24421,2020-09-12,Victoria,Slope of power-law,-29.011972315742565,234
24422,2020-09-12,Victoria,Acceleration of power-law,-9039.79335978563,234
24423,2020-09-12,Victoria,Growth Rate,0.22260672474678486,234
24424,2020-09-12,Victoria,Days since first case,234.0,234
24425,2020-09-12,Victoria,Average Growth Rate,2.8215219160847704,234
24426,2020-09-12,Victoria,Doubling time,660.2361283638363,234
24427,2020-09-12,Western Australia,Total cases,659.0,234
24428,2020-09-12,Western Australia,Total cases per million,254.53843182696022,234
24429,2020-09-12,Western Australia,New cases,0.0,234
24430,2020-09-12,Western Australia,css_per_prsn,0.0,234
24431,2020-09-12,Western Australia,New cases per week,4.0,234
24432,2020-09-12,Western Australia,log10(Total cases),2.8188854145940097,234
24433,2020-09-12,Western Australia,log10(New cases per week),0.6020599913279624,234
24434,2020-09-12,Western Australia,Slope of power-law,113.84907273326962,234
24435,2020-09-12,Western Australia,Acceleration of power-law,0.0,234
24436,2020-09-12,Western Australia,Growth Rate,0.030358227079538558,234
24437,2020-09-12,Western Australia,Days since first case,234.0,234
24438,2020-09-12,Western Australia,Average Growth Rate,7.597343464332131,234
24439,2020-09-12,Western Australia,Doubling time,1777.7783706537186,234
24440,2020-09-13,Australian Capital Territory,Total cases,113.0,235
24441,2020-09-13,Australian Capital Territory,Total cases per million,297.36842105263156,235
24442,2020-09-13,Australian Capital Territory,New cases,0.0,235
24443,2020-09-13,Australian Capital Territory,css_per_prsn,0.0,235
24444,2020-09-13,Australian Capital Territory,New cases per week,0.0,235
24445,2020-09-13,Australian Capital Territory,log10(Total cases),2.0530784434834195,235
24446,2020-09-13,Australian Capital Territory,log10(New cases per week),0.0,235
24447,2020-09-13,Australian Capital Territory,Slope of power-law,0.0,235
24448,2020-09-13,Australian Capital Territory,Acceleration of power-law,0.0,235
24449,2020-09-13,Australian Capital Territory,Growth Rate,0.0,235
24450,2020-09-13,Australian Capital Territory,Days since first case,235.0,235
24451,2020-09-13,Australian Capital Territory,Average Growth Rate,inf,235
24452,2020-09-13,Australian Capital Territory,Doubling time,inf,235
24453,2020-09-13,New South Wales,Total cases,4170.0,235
24454,2020-09-13,New South Wales,Total cases per million,552.7571580063627,235
24455,2020-09-13,New South Wales,New cases,4.0,235
24456,2020-09-13,New South Wales,css_per_prsn,0.5302226935312832,235
24457,2020-09-13,New South Wales,New cases per week,52.0,235
24458,2020-09-13,New South Wales,log10(Total cases),3.6201360549737576,235
24459,2020-09-13,New South Wales,log10(New cases per week),1.7160033436347992,235
24460,2020-09-13,New South Wales,Slope of power-law,-25.084904173099353,235
24461,2020-09-13,New South Wales,Acceleration of power-law,4713.889078293172,235
24462,2020-09-13,New South Wales,Growth Rate,0.1683744648097369,235
24463,2020-09-13,New South Wales,Days since first case,235.0,235
24464,2020-09-13,New South Wales,Average Growth Rate,3.7778160525729114,235
24465,2020-09-13,New South Wales,Doubling time,887.7867723546342,235
24466,2020-09-13,Northern Territory,Total cases,33.0,235
24467,2020-09-13,Northern Territory,Total cases per million,135.07981989357347,235
24468,2020-09-13,Northern Territory,New cases,0.0,235
24469,2020-09-13,Northern Territory,css_per_prsn,0.0,235
24470,2020-09-13,Northern Territory,New cases per week,0.0,235
24471,2020-09-13,Northern Territory,log10(Total cases),1.5185139398778875,235
24472,2020-09-13,Northern Territory,log10(New cases per week),0.0,235
24473,2020-09-13,Northern Territory,Slope of power-law,0.0,235
24474,2020-09-13,Northern Territory,Acceleration of power-law,0.0,235
24475,2020-09-13,Northern Territory,Growth Rate,0.0,235
24476,2020-09-13,Northern Territory,Days since first case,235.0,235
24477,2020-09-13,Northern Territory,Average Growth Rate,inf,235
24478,2020-09-13,Northern Territory,Doubling time,inf,235
24479,2020-09-13,Queensland,Total cases,1149.0,235
24480,2020-09-13,Queensland,Total cases per million,226.5825281009663,235
24481,2020-09-13,Queensland,New cases,0.0,235
24482,2020-09-13,Queensland,css_per_prsn,0.0,235
24483,2020-09-13,Queensland,New cases per week,16.0,235
24484,2020-09-13,Queensland,log10(Total cases),3.060320028688285,235
24485,2020-09-13,Queensland,log10(New cases per week),1.2041199826559248,235
24486,2020-09-13,Queensland,Slope of power-law,3.498810619458327,235
24487,2020-09-13,Queensland,Acceleration of power-law,inf,235
24488,2020-09-13,Queensland,Growth Rate,0.1046207497820401,235
24489,2020-09-13,Queensland,Days since first case,235.0,235
24490,2020-09-13,Queensland,Average Growth Rate,3.044214981343791,235
24491,2020-09-13,Queensland,Doubling time,715.3905206157908,235
24492,2020-09-13,South Australia,Total cases,466.0,235
24493,2020-09-13,South Australia,Total cases per million,277.87716159809185,235
24494,2020-09-13,South Australia,New cases,0.0,235
24495,2020-09-13,South Australia,css_per_prsn,0.0,235
24496,2020-09-13,South Australia,New cases per week,2.0,235
24497,2020-09-13,South Australia,log10(Total cases),2.66838591669,235
24498,2020-09-13,South Australia,log10(New cases per week),0.3010299956639812,235
24499,2020-09-13,South Australia,Slope of power-law,107.32191539475357,235
24500,2020-09-13,South Australia,Acceleration of power-law,0.0,235
24501,2020-09-13,South Australia,Growth Rate,0.0429553264604811,235
24502,2020-09-13,South Australia,Days since first case,235.0,235
24503,2020-09-13,South Australia,Average Growth Rate,10.071744390875748,235
24504,2020-09-13,South Australia,Doubling time,2366.859931855801,235
24505,2020-09-13,Tasmania,Total cases,230.0,235
24506,2020-09-13,Tasmania,Total cases per million,446.6019417475728,235
24507,2020-09-13,Tasmania,New cases,0.0,235
24508,2020-09-13,Tasmania,css_per_prsn,0.0,235
24509,2020-09-13,Tasmania,New cases per week,0.0,235
24510,2020-09-13,Tasmania,log10(Total cases),2.361727836017593,235
24511,2020-09-13,Tasmania,log10(New cases per week),0.0,235
24512,2020-09-13,Tasmania,Slope of power-law,0.0,235
24513,2020-09-13,Tasmania,Acceleration of power-law,0.0,235
24514,2020-09-13,Tasmania,Growth Rate,0.0,235
24515,2020-09-13,Tasmania,Days since first case,235.0,235
24516,2020-09-13,Tasmania,Average Growth Rate,-39.855962882198796,235
24517,2020-09-13,Tasmania,Doubling time,-9366.151277316718,235
24518,2020-09-13,Victoria,Total cases,19872.0,235
24519,2020-09-13,Victoria,Total cases per million,3125.0196571788015,235
24520,2020-09-13,Victoria,New cases,37.0,235
24521,2020-09-13,Victoria,css_per_prsn,5.818524925302721,235
24522,2020-09-13,Victoria,New cases per week,298.0,235
24523,2020-09-13,Victoria,log10(Total cases),4.298241578496486,235
24524,2020-09-13,Victoria,log10(New cases per week),2.4742162640762553,235
24525,2020-09-13,Victoria,Slope of power-law,-29.575712466421532,235
24526,2020-09-13,Victoria,Acceleration of power-law,-696.51405798024,235
24527,2020-09-13,Victoria,Growth Rate,0.1858341833900599,235
24528,2020-09-13,Victoria,Days since first case,235.0,235
24529,2020-09-13,Victoria,Average Growth Rate,3.0527517925230465,235
24530,2020-09-13,Victoria,Doubling time,717.3966712429159,235
24531,2020-09-13,Western Australia,Total cases,659.0,235
24532,2020-09-13,Western Australia,Total cases per million,254.53843182696022,235
24533,2020-09-13,Western Australia,New cases,0.0,235
24534,2020-09-13,Western Australia,css_per_prsn,0.0,235
24535,2020-09-13,Western Australia,New cases per week,3.0,235
24536,2020-09-13,Western Australia,log10(Total cases),2.8188854145940097,235
24537,2020-09-13,Western Australia,log10(New cases per week),0.47712125471966244,235
24538,2020-09-13,Western Australia,Slope of power-law,180.4465110241078,235
24539,2020-09-13,Western Australia,Acceleration of power-law,inf,235
24540,2020-09-13,Western Australia,Growth Rate,0.030349013657056147,235
24541,2020-09-13,Western Australia,Days since first case,235.0,235
24542,2020-09-13,Western Australia,Average Growth Rate,8.7713797218517,235
24543,2020-09-13,Western Australia,Doubling time,2061.2742346351492,235
24544,2020-09-14,Australian Capital Territory,Total cases,113.0,236
24545,2020-09-14,Australian Capital Territory,Total cases per million,297.36842105263156,236
24546,2020-09-14,Australian Capital Territory,New cases,0.0,236
24547,2020-09-14,Australian Capital Territory,css_per_prsn,0.0,236
24548,2020-09-14,Australian Capital Territory,New cases per week,0.0,236
24549,2020-09-14,Australian Capital Territory,log10(Total cases),2.0530784434834195,236
24550,2020-09-14,Australian Capital Territory,log10(New cases per week),0.0,236
24551,2020-09-14,Australian Capital Territory,Slope of power-law,0.0,236
24552,2020-09-14,Australian Capital Territory,Acceleration of power-law,0.0,236
24553,2020-09-14,Australian Capital Territory,Growth Rate,0.0,236
24554,2020-09-14,Australian Capital Territory,Days since first case,236.0,236
24555,2020-09-14,Australian Capital Territory,Average Growth Rate,inf,236
24556,2020-09-14,Australian Capital Territory,Doubling time,inf,236
24557,2020-09-14,New South Wales,Total cases,4177.0,236
24558,2020-09-14,New South Wales,Total cases per million,553.6850477200425,236
24559,2020-09-14,New South Wales,New cases,7.0,236
24560,2020-09-14,New South Wales,css_per_prsn,0.9278897136797456,236
24561,2020-09-14,New South Wales,New cases per week,51.0,236
24562,2020-09-14,New South Wales,log10(Total cases),3.620864475265121,236
24563,2020-09-14,New South Wales,log10(New cases per week),1.7075701760979363,236
24564,2020-09-14,New South Wales,Slope of power-law,-18.765294692686762,236
24565,2020-09-14,New South Wales,Acceleration of power-law,8675.773527097555,236
24566,2020-09-14,New South Wales,Growth Rate,0.1680914417443089,236
24567,2020-09-14,New South Wales,Days since first case,236.0,236
24568,2020-09-14,New South Wales,Average Growth Rate,3.845136739084575,236
24569,2020-09-14,New South Wales,Doubling time,907.4522704239597,236
24570,2020-09-14,Northern Territory,Total cases,33.0,236
24571,2020-09-14,Northern Territory,Total cases per million,135.07981989357347,236
24572,2020-09-14,Northern Territory,New cases,0.0,236
24573,2020-09-14,Northern Territory,css_per_prsn,0.0,236
24574,2020-09-14,Northern Territory,New cases per week,0.0,236
24575,2020-09-14,Northern Territory,log10(Total cases),1.5185139398778875,236
24576,2020-09-14,Northern Territory,log10(New cases per week),0.0,236
24577,2020-09-14,Northern Territory,Slope of power-law,0.0,236
24578,2020-09-14,Northern Territory,Acceleration of power-law,0.0,236
24579,2020-09-14,Northern Territory,Growth Rate,0.0,236
24580,2020-09-14,Northern Territory,Days since first case,236.0,236
24581,2020-09-14,Northern Territory,Average Growth Rate,inf,236
24582,2020-09-14,Northern Territory,Doubling time,inf,236
24583,2020-09-14,Queensland,Total cases,1150.0,236
24584,2020-09-14,Queensland,Total cases per million,226.7797278643266,236
24585,2020-09-14,Queensland,New cases,1.0,236
24586,2020-09-14,Queensland,css_per_prsn,0.19719976336028397,236
24587,2020-09-14,Queensland,New cases per week,16.0,236
24588,2020-09-14,Queensland,log10(Total cases),3.060697840353612,236
24589,2020-09-14,Queensland,log10(New cases per week),1.2041199826559248,236
24590,2020-09-14,Queensland,Slope of power-law,15.609735396088498,236
24591,2020-09-14,Queensland,Acceleration of power-law,32055.454841910374,236
24592,2020-09-14,Queensland,Growth Rate,0.12190874259839775,236
24593,2020-09-14,Queensland,Days since first case,236.0,236
24594,2020-09-14,Queensland,Average Growth Rate,3.417651132543232,236
24595,2020-09-14,Queensland,Doubling time,806.5656672802028,236
24596,2020-09-14,South Australia,Total cases,466.0,236
24597,2020-09-14,South Australia,Total cases per million,277.87716159809185,236
24598,2020-09-14,South Australia,New cases,0.0,236
24599,2020-09-14,South Australia,css_per_prsn,0.0,236
24600,2020-09-14,South Australia,New cases per week,2.0,236
24601,2020-09-14,South Australia,log10(Total cases),2.66838591669,236
24602,2020-09-14,South Australia,log10(New cases per week),0.3010299956639812,236
24603,2020-09-14,South Australia,Slope of power-law,107.32191539475357,236
24604,2020-09-14,South Australia,Acceleration of power-law,0.0,236
24605,2020-09-14,South Australia,Growth Rate,0.042936882782310004,236
24606,2020-09-14,South Australia,Days since first case,236.0,236
24607,2020-09-14,South Australia,Average Growth Rate,11.517552152723928,236
24608,2020-09-14,South Australia,Doubling time,2718.142308042847,236
24609,2020-09-14,Tasmania,Total cases,230.0,236
24610,2020-09-14,Tasmania,Total cases per million,446.6019417475728,236
24611,2020-09-14,Tasmania,New cases,0.0,236
24612,2020-09-14,Tasmania,css_per_prsn,0.0,236
24613,2020-09-14,Tasmania,New cases per week,0.0,236
24614,2020-09-14,Tasmania,log10(Total cases),2.361727836017593,236
24615,2020-09-14,Tasmania,log10(New cases per week),0.0,236
24616,2020-09-14,Tasmania,Slope of power-law,-0.0,236
24617,2020-09-14,Tasmania,Acceleration of power-law,0.0,236
24618,2020-09-14,Tasmania,Growth Rate,0.0,236
24619,2020-09-14,Tasmania,Days since first case,236.0,236
24620,2020-09-14,Tasmania,Average Growth Rate,818795379431522.5,236
24621,2020-09-14,Tasmania,Doubling time,1.932357095458393e+17,236
24622,2020-09-14,Victoria,Total cases,19911.0,236
24623,2020-09-14,Victoria,Total cases per million,3131.1526969649317,236
24624,2020-09-14,Victoria,New cases,39.0,236
24625,2020-09-14,Victoria,css_per_prsn,6.133039786129895,236
24626,2020-09-14,Victoria,New cases per week,296.0,236
24627,2020-09-14,Victoria,log10(Total cases),4.299093072361705,236
24628,2020-09-14,Victoria,log10(New cases per week),2.4712917110589387,236
24629,2020-09-14,Victoria,Slope of power-law,-30.35042871494924,236
24630,2020-09-14,Victoria,Acceleration of power-law,-909.8318615937003,236
24631,2020-09-14,Victoria,Growth Rate,0.17341331854615114,236
24632,2020-09-14,Victoria,Days since first case,236.0,236
24633,2020-09-14,Victoria,Average Growth Rate,3.3202873222301275,236
24634,2020-09-14,Victoria,Doubling time,783.5878080463101,236
24635,2020-09-14,Western Australia,Total cases,659.0,236
24636,2020-09-14,Western Australia,Total cases per million,254.53843182696022,236
24637,2020-09-14,Western Australia,New cases,0.0,236
24638,2020-09-14,Western Australia,css_per_prsn,0.0,236
24639,2020-09-14,Western Australia,New cases per week,1.0,236
24640,2020-09-14,Western Australia,log10(Total cases),2.8188854145940097,236
24641,2020-09-14,Western Australia,log10(New cases per week),0.0,236
24642,2020-09-14,Western Australia,Slope of power-law,0.0,236
24643,2020-09-14,Western Australia,Acceleration of power-law,-inf,236
24644,2020-09-14,Western Australia,Growth Rate,0.0,236
24645,2020-09-14,Western Australia,Days since first case,236.0,236
24646,2020-09-14,Western Australia,Average Growth Rate,12.6768876100324,236
24647,2020-09-14,Western Australia,Doubling time,2991.7454759676466,236
24648,2020-09-15,Australian Capital Territory,Total cases,113.0,237
24649,2020-09-15,Australian Capital Territory,Total cases per million,297.36842105263156,237
24650,2020-09-15,Australian Capital Territory,New cases,0.0,237
24651,2020-09-15,Australian Capital Territory,css_per_prsn,0.0,237
24652,2020-09-15,Australian Capital Territory,New cases per week,0.0,237
24653,2020-09-15,Australian Capital Territory,log10(Total cases),2.0530784434834195,237
24654,2020-09-15,Australian Capital Territory,log10(New cases per week),0.0,237
24655,2020-09-15,Australian Capital Territory,Slope of power-law,0.0,237
24656,2020-09-15,Australian Capital Territory,Acceleration of power-law,0.0,237
24657,2020-09-15,Australian Capital Territory,Growth Rate,0.0,237
24658,2020-09-15,Australian Capital Territory,Days since first case,237.0,237
24659,2020-09-15,Australian Capital Territory,Average Growth Rate,inf,237
24660,2020-09-15,Australian Capital Territory,Doubling time,inf,237
24661,2020-09-15,New South Wales,Total cases,4185.0,237
24662,2020-09-15,New South Wales,Total cases per million,554.7454931071051,237
24663,2020-09-15,New South Wales,New cases,8.0,237
24664,2020-09-15,New South Wales,css_per_prsn,1.0604453870625663,237
24665,2020-09-15,New South Wales,New cases per week,50.0,237
24666,2020-09-15,New South Wales,log10(Total cases),3.6216954623292787,237
24667,2020-09-15,New South Wales,log10(New cases per week),1.6989700043360187,237
24668,2020-09-15,New South Wales,Slope of power-law,-22.911816242945548,237
24669,2020-09-15,New South Wales,Acceleration of power-law,-4989.874968104482,237
24670,2020-09-15,New South Wales,Growth Rate,0.15823543514744665,237
24671,2020-09-15,New South Wales,Days since first case,237.0,237
24672,2020-09-15,New South Wales,Average Growth Rate,3.95744673145868,237
24673,2020-09-15,New South Wales,Doubling time,937.9148753557072,237
24674,2020-09-15,Northern Territory,Total cases,33.0,237
24675,2020-09-15,Northern Territory,Total cases per million,135.07981989357347,237
24676,2020-09-15,Northern Territory,New cases,0.0,237
24677,2020-09-15,Northern Territory,css_per_prsn,0.0,237
24678,2020-09-15,Northern Territory,New cases per week,0.0,237
24679,2020-09-15,Northern Territory,log10(Total cases),1.5185139398778875,237
24680,2020-09-15,Northern Territory,log10(New cases per week),0.0,237
24681,2020-09-15,Northern Territory,Slope of power-law,0.0,237
24682,2020-09-15,Northern Territory,Acceleration of power-law,0.0,237
24683,2020-09-15,Northern Territory,Growth Rate,0.0,237
24684,2020-09-15,Northern Territory,Days since first case,237.0,237
24685,2020-09-15,Northern Territory,Average Growth Rate,inf,237
24686,2020-09-15,Northern Territory,Doubling time,inf,237
24687,2020-09-15,Queensland,Total cases,1149.0,237
24688,2020-09-15,Queensland,Total cases per million,226.5825281009663,237
24689,2020-09-15,Queensland,New cases,-1.0,237
24690,2020-09-15,Queensland,css_per_prsn,-0.19719976336028397,237
24691,2020-09-15,Queensland,New cases per week,6.0,237
24692,2020-09-15,Queensland,log10(Total cases),3.060320028688285,237
24693,2020-09-15,Queensland,log10(New cases per week),0.7781512503836436,237
24694,2020-09-15,Queensland,Slope of power-law,-32.35161735502938,237
24695,2020-09-15,Queensland,Acceleration of power-law,126945.13471317063,237
24696,2020-09-15,Queensland,Growth Rate,0.06961364427427777,237
24697,2020-09-15,Queensland,Days since first case,237.0,237
24698,2020-09-15,Queensland,Average Growth Rate,4.135807251230766,237
24699,2020-09-15,Queensland,Doubling time,980.1863185416914,237
24700,2020-09-15,South Australia,Total cases,466.0,237
24701,2020-09-15,South Australia,Total cases per million,277.87716159809185,237
24702,2020-09-15,South Australia,New cases,0.0,237
24703,2020-09-15,South Australia,css_per_prsn,0.0,237
24704,2020-09-15,South Australia,New cases per week,1.0,237
24705,2020-09-15,South Australia,log10(Total cases),2.66838591669,237
24706,2020-09-15,South Australia,log10(New cases per week),0.0,237
24707,2020-09-15,South Australia,Slope of power-law,0.0,237
24708,2020-09-15,South Australia,Acceleration of power-law,-inf,237
24709,2020-09-15,South Australia,Growth Rate,0.04291845493562232,237
24710,2020-09-15,South Australia,Days since first case,237.0,237
24711,2020-09-15,South Australia,Average Growth Rate,11.522504425007487,237
24712,2020-09-15,South Australia,Doubling time,2730.8335487267746,237
24713,2020-09-15,Tasmania,Total cases,230.0,237
24714,2020-09-15,Tasmania,Total cases per million,446.6019417475728,237
24715,2020-09-15,Tasmania,New cases,0.0,237
24716,2020-09-15,Tasmania,css_per_prsn,0.0,237
24717,2020-09-15,Tasmania,New cases per week,0.0,237
24718,2020-09-15,Tasmania,log10(Total cases),2.361727836017593,237
24719,2020-09-15,Tasmania,log10(New cases per week),0.0,237
24720,2020-09-15,Tasmania,Slope of power-law,0.0,237
24721,2020-09-15,Tasmania,Acceleration of power-law,0.0,237
24722,2020-09-15,Tasmania,Growth Rate,0.0,237
24723,2020-09-15,Tasmania,Days since first case,237.0,237
24724,2020-09-15,Tasmania,Average Growth Rate,818795379431522.5,237
24725,2020-09-15,Tasmania,Doubling time,1.9405450492527085e+17,237
24726,2020-09-15,Victoria,Total cases,19943.0,237
24727,2020-09-15,Victoria,Total cases per million,3136.1849347381662,237
24728,2020-09-15,Victoria,New cases,32.0,237
24729,2020-09-15,Victoria,css_per_prsn,5.032237773234785,237
24730,2020-09-15,Victoria,New cases per week,255.0,237
24731,2020-09-15,Victoria,log10(Total cases),4.299790489253733,237
24732,2020-09-15,Victoria,log10(New cases per week),2.406540180433955,237
24733,2020-09-15,Victoria,Slope of power-law,-35.01100613659974,237
24734,2020-09-15,Victoria,Acceleration of power-law,-6682.627672089976,237
24735,2020-09-15,Victoria,Growth Rate,0.1771318726663379,237
24736,2020-09-15,Victoria,Days since first case,237.0,237
24737,2020-09-15,Victoria,Average Growth Rate,3.5072118233149054,237
24738,2020-09-15,Victoria,Doubling time,831.2092021256326,237
24739,2020-09-15,Western Australia,Total cases,659.0,237
24740,2020-09-15,Western Australia,Total cases per million,254.53843182696022,237
24741,2020-09-15,Western Australia,New cases,0.0,237
24742,2020-09-15,Western Australia,css_per_prsn,0.0,237
24743,2020-09-15,Western Australia,New cases per week,1.0,237
24744,2020-09-15,Western Australia,log10(Total cases),2.8188854145940097,237
24745,2020-09-15,Western Australia,log10(New cases per week),0.0,237
24746,2020-09-15,Western Australia,Slope of power-law,0.0,237
24747,2020-09-15,Western Australia,Acceleration of power-law,0.0,237
24748,2020-09-15,Western Australia,Growth Rate,0.0,237
24749,2020-09-15,Western Australia,Days since first case,237.0,237
24750,2020-09-15,Western Australia,Average Growth Rate,22.829494192302345,237
24751,2020-09-15,Western Australia,Doubling time,5410.5901235756555,237
24752,2020-09-16,Australian Capital Territory,Total cases,113.0,238
24753,2020-09-16,Australian Capital Territory,Total cases per million,297.36842105263156,238
24754,2020-09-16,Australian Capital Territory,New cases,0.0,238
24755,2020-09-16,Australian Capital Territory,css_per_prsn,0.0,238
24756,2020-09-16,Australian Capital Territory,New cases per week,0.0,238
24757,2020-09-16,Australian Capital Territory,log10(Total cases),2.0530784434834195,238
24758,2020-09-16,Australian Capital Territory,log10(New cases per week),0.0,238
24759,2020-09-16,Australian Capital Territory,Slope of power-law,0.0,238
24760,2020-09-16,Australian Capital Territory,Acceleration of power-law,0.0,238
24761,2020-09-16,Australian Capital Territory,Growth Rate,0.0,238
24762,2020-09-16,Australian Capital Territory,Days since first case,238.0,238
24763,2020-09-16,Australian Capital Territory,Average Growth Rate,inf,238
24764,2020-09-16,Australian Capital Territory,Doubling time,inf,238
24765,2020-09-16,New South Wales,Total cases,4190.0,238
24766,2020-09-16,New South Wales,Total cases per million,555.4082714740191,238
24767,2020-09-16,New South Wales,New cases,5.0,238
24768,2020-09-16,New South Wales,css_per_prsn,0.662778366914104,238
24769,2020-09-16,New South Wales,New cases per week,48.0,238
24770,2020-09-16,New South Wales,log10(Total cases),3.622214022966295,238
24771,2020-09-16,New South Wales,log10(New cases per week),1.6812412373755872,238
24772,2020-09-16,New South Wales,Slope of power-law,-20.094858120972713,238
24773,2020-09-16,New South Wales,Acceleration of power-law,5432.263694715852,238
24774,2020-09-16,New South Wales,Growth Rate,0.15798544618919952,238
24775,2020-09-16,New South Wales,Days since first case,238.0,238
24776,2020-09-16,New South Wales,Average Growth Rate,4.099331470319781,238
24777,2020-09-16,New South Wales,Doubling time,975.6408899361078,238
24778,2020-09-16,Northern Territory,Total cases,33.0,238
24779,2020-09-16,Northern Territory,Total cases per million,135.07981989357347,238
24780,2020-09-16,Northern Territory,New cases,0.0,238
24781,2020-09-16,Northern Territory,css_per_prsn,0.0,238
24782,2020-09-16,Northern Territory,New cases per week,0.0,238
24783,2020-09-16,Northern Territory,log10(Total cases),1.5185139398778875,238
24784,2020-09-16,Northern Territory,log10(New cases per week),0.0,238
24785,2020-09-16,Northern Territory,Slope of power-law,0.0,238
24786,2020-09-16,Northern Territory,Acceleration of power-law,0.0,238
24787,2020-09-16,Northern Territory,Growth Rate,0.0,238
24788,2020-09-16,Northern Territory,Days since first case,238.0,238
24789,2020-09-16,Northern Territory,Average Growth Rate,inf,238
24790,2020-09-16,Northern Territory,Doubling time,inf,238
24791,2020-09-16,Queensland,Total cases,1150.0,238
24792,2020-09-16,Queensland,Total cases per million,226.7797278643266,238
24793,2020-09-16,Queensland,New cases,1.0,238
24794,2020-09-16,Queensland,css_per_prsn,0.19719976336028397,238
24795,2020-09-16,Queensland,New cases per week,7.0,238
24796,2020-09-16,Queensland,log10(Total cases),3.060697840353612,238
24797,2020-09-16,Queensland,log10(New cases per week),0.8450980400142568,238
24798,2020-09-16,Queensland,Slope of power-law,-30.34891074369917,238
24799,2020-09-16,Queensland,Acceleration of power-law,5300.806711719479,238
24800,2020-09-16,Queensland,Growth Rate,0.017400382808421783,238
24801,2020-09-16,Queensland,Days since first case,238.0,238
24802,2020-09-16,Queensland,Average Growth Rate,6.023497941557146,238
24803,2020-09-16,Queensland,Doubling time,1433.5925100906006,238
24804,2020-09-16,South Australia,Total cases,466.0,238
24805,2020-09-16,South Australia,Total cases per million,277.87716159809185,238
24806,2020-09-16,South Australia,New cases,0.0,238
24807,2020-09-16,South Australia,css_per_prsn,0.0,238
24808,2020-09-16,South Australia,New cases per week,1.0,238
24809,2020-09-16,South Australia,log10(Total cases),2.66838591669,238
24810,2020-09-16,South Australia,log10(New cases per week),0.0,238
24811,2020-09-16,South Australia,Slope of power-law,0.0,238
24812,2020-09-16,South Australia,Acceleration of power-law,0.0,238
24813,2020-09-16,South Australia,Growth Rate,0.0,238
24814,2020-09-16,South Australia,Days since first case,238.0,238
24815,2020-09-16,South Australia,Average Growth Rate,16.13784860956505,238
24816,2020-09-16,South Australia,Doubling time,3840.807969076482,238
24817,2020-09-16,Tasmania,Total cases,230.0,238
24818,2020-09-16,Tasmania,Total cases per million,446.6019417475728,238
24819,2020-09-16,Tasmania,New cases,0.0,238
24820,2020-09-16,Tasmania,css_per_prsn,0.0,238
24821,2020-09-16,Tasmania,New cases per week,0.0,238
24822,2020-09-16,Tasmania,log10(Total cases),2.361727836017593,238
24823,2020-09-16,Tasmania,log10(New cases per week),0.0,238
24824,2020-09-16,Tasmania,Slope of power-law,0.0,238
24825,2020-09-16,Tasmania,Acceleration of power-law,0.0,238
24826,2020-09-16,Tasmania,Growth Rate,0.0,238
24827,2020-09-16,Tasmania,Days since first case,238.0,238
24828,2020-09-16,Tasmania,Average Growth Rate,818795379431522.5,238
24829,2020-09-16,Tasmania,Doubling time,1.9487330030470237e+17,238
24830,2020-09-16,Victoria,Total cases,19970.0,238
24831,2020-09-16,Victoria,Total cases per million,3140.4308853593334,238
24832,2020-09-16,Victoria,New cases,27.0,238
24833,2020-09-16,Victoria,css_per_prsn,4.24595062116685,238
24834,2020-09-16,Victoria,New cases per week,231.0,238
24835,2020-09-16,Victoria,log10(Total cases),4.300378064870703,238
24836,2020-09-16,Victoria,log10(New cases per week),2.3636119798921444,238
24837,2020-09-16,Victoria,Slope of power-law,-37.95087593880373,238
24838,2020-09-16,Victoria,Acceleration of power-law,-5003.389720912139,238
24839,2020-09-16,Victoria,Growth Rate,0.17080105695712894,238
24840,2020-09-16,Victoria,Days since first case,238.0,238
24841,2020-09-16,Victoria,Average Growth Rate,3.727450824946827,238
24842,2020-09-16,Victoria,Doubling time,887.1332963373449,238
24843,2020-09-16,Western Australia,Total cases,661.0,238
24844,2020-09-16,Western Australia,Total cases per million,255.31093086133643,238
24845,2020-09-16,Western Australia,New cases,2.0,238
24846,2020-09-16,Western Australia,css_per_prsn,0.772499034376207,238
24847,2020-09-16,Western Australia,New cases per week,2.0,238
24848,2020-09-16,Western Australia,log10(Total cases),2.82020145948564,238
24849,2020-09-16,Western Australia,log10(New cases per week),0.3010299956639812,238
24850,2020-09-16,Western Australia,Slope of power-law,91.28704508835463,238
24851,2020-09-16,Western Australia,Acceleration of power-law,69364.68935740858,238
24852,2020-09-16,Western Australia,Growth Rate,0.060661207158022444,238
24853,2020-09-16,Western Australia,Days since first case,238.0,238
24854,2020-09-16,Western Australia,Average Growth Rate,28.555493317417202,238
24855,2020-09-16,Western Australia,Doubling time,6796.2074095452945,238
24856,2020-09-17,Australian Capital Territory,Total cases,113.0,239
24857,2020-09-17,Australian Capital Territory,Total cases per million,297.36842105263156,239
24858,2020-09-17,Australian Capital Territory,New cases,0.0,239
24859,2020-09-17,Australian Capital Territory,css_per_prsn,0.0,239
24860,2020-09-17,Australian Capital Territory,New cases per week,0.0,239
24861,2020-09-17,Australian Capital Territory,log10(Total cases),2.0530784434834195,239
24862,2020-09-17,Australian Capital Territory,log10(New cases per week),0.0,239
24863,2020-09-17,Australian Capital Territory,Slope of power-law,0.0,239
24864,2020-09-17,Australian Capital Territory,Acceleration of power-law,0.0,239
24865,2020-09-17,Australian Capital Territory,Growth Rate,0.0,239
24866,2020-09-17,Australian Capital Territory,Days since first case,239.0,239
24867,2020-09-17,Australian Capital Territory,Average Growth Rate,inf,239
24868,2020-09-17,Australian Capital Territory,Doubling time,inf,239
24869,2020-09-17,New South Wales,Total cases,4196.0,239
24870,2020-09-17,New South Wales,Total cases per million,556.203605514316,239
24871,2020-09-17,New South Wales,New cases,6.0,239
24872,2020-09-17,New South Wales,css_per_prsn,0.7953340402969248,239
24873,2020-09-17,New South Wales,New cases per week,44.0,239
24874,2020-09-17,New South Wales,log10(Total cases),3.62283547952152,239
24875,2020-09-17,New South Wales,log10(New cases per week),1.6434526764861874,239
24876,2020-09-17,New South Wales,Slope of power-law,-21.336218637032804,239
24877,2020-09-17,New South Wales,Acceleration of power-law,-1997.501684748935,239
24878,2020-09-17,New South Wales,Growth Rate,0.14341715269146188,239
24879,2020-09-17,New South Wales,Days since first case,239.0,239
24880,2020-09-17,New South Wales,Average Growth Rate,4.353371119185042,239
24881,2020-09-17,New South Wales,Doubling time,1040.455697485225,239
24882,2020-09-17,Northern Territory,Total cases,33.0,239
24883,2020-09-17,Northern Territory,Total cases per million,135.07981989357347,239
24884,2020-09-17,Northern Territory,New cases,0.0,239
24885,2020-09-17,Northern Territory,css_per_prsn,0.0,239
24886,2020-09-17,Northern Territory,New cases per week,0.0,239
24887,2020-09-17,Northern Territory,log10(Total cases),1.5185139398778875,239
24888,2020-09-17,Northern Territory,log10(New cases per week),0.0,239
24889,2020-09-17,Northern Territory,Slope of power-law,0.0,239
24890,2020-09-17,Northern Territory,Acceleration of power-law,0.0,239
24891,2020-09-17,Northern Territory,Growth Rate,0.0,239
24892,2020-09-17,Northern Territory,Days since first case,239.0,239
24893,2020-09-17,Northern Territory,Average Growth Rate,inf,239
24894,2020-09-17,Northern Territory,Doubling time,inf,239
24895,2020-09-17,Queensland,Total cases,1150.0,239
24896,2020-09-17,Queensland,Total cases per million,226.7797278643266,239
24897,2020-09-17,Queensland,New cases,0.0,239
24898,2020-09-17,Queensland,css_per_prsn,0.0,239
24899,2020-09-17,Queensland,New cases per week,5.0,239
24900,2020-09-17,Queensland,log10(Total cases),3.060697840353612,239
24901,2020-09-17,Queensland,log10(New cases per week),0.6989700043360189,239
24902,2020-09-17,Queensland,Slope of power-law,-49.47257072320404,239
24903,2020-09-17,Queensland,Acceleration of power-law,-inf,239
24904,2020-09-17,Queensland,Growth Rate,0.017397355601948508,239
24905,2020-09-17,Queensland,Days since first case,239.0,239
24906,2020-09-17,Queensland,Average Growth Rate,10.47237184623475,239
24907,2020-09-17,Queensland,Doubling time,2502.8968712501055,239
24908,2020-09-17,South Australia,Total cases,466.0,239
24909,2020-09-17,South Australia,Total cases per million,277.87716159809185,239
24910,2020-09-17,South Australia,New cases,0.0,239
24911,2020-09-17,South Australia,css_per_prsn,0.0,239
24912,2020-09-17,South Australia,New cases per week,1.0,239
24913,2020-09-17,South Australia,log10(Total cases),2.66838591669,239
24914,2020-09-17,South Australia,log10(New cases per week),0.0,239
24915,2020-09-17,South Australia,Slope of power-law,0.0,239
24916,2020-09-17,South Australia,Acceleration of power-law,0.0,239
24917,2020-09-17,South Australia,Growth Rate,0.0,239
24918,2020-09-17,South Australia,Days since first case,239.0,239
24919,2020-09-17,South Australia,Average Growth Rate,26.90565975188747,239
24920,2020-09-17,South Australia,Doubling time,6430.452680701105,239
24921,2020-09-17,Tasmania,Total cases,230.0,239
24922,2020-09-17,Tasmania,Total cases per million,446.6019417475728,239
24923,2020-09-17,Tasmania,New cases,0.0,239
24924,2020-09-17,Tasmania,css_per_prsn,0.0,239
24925,2020-09-17,Tasmania,New cases per week,0.0,239
24926,2020-09-17,Tasmania,log10(Total cases),2.361727836017593,239
24927,2020-09-17,Tasmania,log10(New cases per week),0.0,239
24928,2020-09-17,Tasmania,Slope of power-law,0.0,239
24929,2020-09-17,Tasmania,Acceleration of power-law,0.0,239
24930,2020-09-17,Tasmania,Growth Rate,0.0,239
24931,2020-09-17,Tasmania,Days since first case,239.0,239
24932,2020-09-17,Tasmania,Average Growth Rate,818795379431522.5,239
24933,2020-09-17,Tasmania,Doubling time,1.956920956841339e+17,239
24934,2020-09-17,Victoria,Total cases,20012.0,239
24935,2020-09-17,Victoria,Total cases per million,3147.0356974367037,239
24936,2020-09-17,Victoria,New cases,42.0,239
24937,2020-09-17,Victoria,css_per_prsn,6.604812077370656,239
24938,2020-09-17,Victoria,New cases per week,245.0,239
24939,2020-09-17,Victoria,log10(Total cases),4.301290494211371,239
24940,2020-09-17,Victoria,log10(New cases per week),2.3891660843645326,239
24941,2020-09-17,Victoria,Slope of power-law,-33.25054602711512,239
24942,2020-09-17,Victoria,Acceleration of power-law,5151.445380138167,239
24943,2020-09-17,Victoria,Growth Rate,0.17751835359249007,239
24944,2020-09-17,Victoria,Days since first case,239.0,239
24945,2020-09-17,Victoria,Average Growth Rate,3.917419082025043,239
24946,2020-09-17,Victoria,Doubling time,936.2631606039853,239
24947,2020-09-17,Western Australia,Total cases,661.0,239
24948,2020-09-17,Western Australia,Total cases per million,255.31093086133643,239
24949,2020-09-17,Western Australia,New cases,0.0,239
24950,2020-09-17,Western Australia,css_per_prsn,0.0,239
24951,2020-09-17,Western Australia,New cases per week,2.0,239
24952,2020-09-17,Western Australia,log10(Total cases),2.82020145948564,239
24953,2020-09-17,Western Australia,log10(New cases per week),0.3010299956639812,239
24954,2020-09-17,Western Australia,Slope of power-law,-89.13459256387014,239
24955,2020-09-17,Western Australia,Acceleration of power-law,-inf,239
24956,2020-09-17,Western Australia,Growth Rate,0.06062443164595333,239
24957,2020-09-17,Western Australia,Days since first case,239.0,239
24958,2020-09-17,Western Australia,Average Growth Rate,22.855830422341118,239
24959,2020-09-17,Western Australia,Doubling time,5462.543470939527,239
